0
0
0
0
0
0
0
0
0
0
0
0
0
0
0
0
0
0
0
0
0
0
0
0
0
0
0
0
0
0
0
0
0
0
0
0
0
0
0
0
0
0
0
0
0
0
0
0
0
0
0
0
0
0
0
0
0
0
0
0
0
0
0
0
0
0
0
0
0
0
0
0
0
0
0
0
0
0
0
0
0
0
0
0
0
0
0
0
0
0
0
0
0
0
0
0
0
0
0
0
0
0
0
0
0
0
0
0
0
0
0
0
0
0
0
0
0
0
0
0
0
0
0
0
0
0
0
0
0
0
0
0
0
0
0
0
0
0
0
0
0
0
0
0
0
0
0
0
0
0
0
0
0
0
0
0
0
0
0
0
0
0
0
0
0
0
0
0
0
0
0
0
0
0
0
0
0
0
0
0
0
0
0
0
0
0
0
0
0
0
0
0
0
0
0
0
0
0
0
39248
7025
28634
40829
33901
57503
51804
11567
26540
15752
2505
19789
45109
46661
36191
6448
39464
60607
26857
31971
7317
39718
28485
28192
63222
65241
7744
20873
43266
2116
13548
8634
10503
29335
19035
39732
4603
26679
25623
1286
35850
12744
32508
1535
1263
29975
52050
21544
48560
30075
22235
61738
28772
63357
26066
33957
25968
64856
8759
15420
14067
9639
45601
51033
24852
43386
36181
63663
46429
10537
35241
13534
45489
52002
15495
65494
11113
28736
11650
36672
48274
22092
32464
21251
47969
57260
62542
32205
48132
62510
40654
51026
18695
31229
36046
45802
15465
15045
55799
32564
13952
44677
41013
16231
58830
23553
53663
16542
36030
14640
40743
43715
890
5558
45230
51595
33915
21939
14734
30045
35794
42158
3807
47953
45073
6424
42089
16692
60224
23102
2030
231
32504
58608
15783
48522
43479
18846
1315
18322
31492
6710
35442
23148
37229
51926
19744
2679
10442
59529
40619
4897
47665
32445
51615
10952
30291
42528
54765
6851
61026
11267
38155
27260
53681
22114
26167
2466
52783
13201
43630
51075
45586
10627
21931
3934
19097
53066
530
20315
32552
31070
27575
61396
55738
41133
46734
24729
59016
13583
49100
20925
53813
48304
560
59674
51557
7968
35619
60493
22608
3995
1115
43268
46260
44461
62550
54115
39510
13032
17551
25780
61297
47159
50914
62218
30037
48125
12551
6427
55831
36604
1179
25586
43823
60364
54707
18369
20260
45430
23108
58456
6217
42179
40211
47339
60805
43105
24939
23119
57534
17317
49421
29559
46248
7431
43542
26139
9202
38211
37621
16826
4363
18275
30322
40673
25581
25903
2648
38293
30601
51277
59614
25546
13529
32509
21425
40256
27793
64202
34290
3615
19818
29236
60704
18940
30987
48122
39052
13931
22586
26915
10742
5976
28984
14359
47990
51556
45560
41260
43914
56745
330
55396
44926
14569
55302
64423
11867
48593
16560
30154
878
5377
37014
20078
60663
20446
49475
32093
12081
36786
64734
38553
43984
16573
8138
39796
41220
5477
33892
26835
30591
57775
30216
2190
42626
29717
44414
39053
47580
40841
2658
51278
54101
951
16113
38676
21611
35544
33130
37034
41405
62738
36111
35542
45001
24544
40491
39773
10835
12428
37768
31495
43584
49968
51562
23239
50889
2679
14449
49966
56499
16769
49063
25828
3527
44598
29696
22194
20861
2567
60918
21506
11226
44283
8412
25737
11301
24004
30537
49876
12458
24079
10259
3371
31657
61174
51211
17651
38369
56160
30466
41622
55406
5965
18371
41251
11550
32585
36659
50443
14423
57975
8386
53931
60931
26607
4772
30430
41903
29629
50368
22829
35532
37443
17918
6726
50278
43560
51641
14073
48827
1549
39079
23096
11438
7645
6948
48804
28813
16540
57463
54900
55730
7371
17614
50374
16666
44486
4607
51700
56855
40108
37863
33456
39989
49766
29627
17968
36078
4532
3517
954
23219
56743
8235
61031
184
3642
60000
7019
44401
52948
60880
45829
11506
14816
21052
12786
50168
6749
41353
26918
26984
35531
45011
24723
36196
49366
63001
29293
45706
7841
21011
41580
22522
30602
48394
55860
57156
61230
52518
44252
30282
65353
32111
13053
57369
50184
54575
43234
38827
52463
61625
38560
7013
2606
43084
48090
49386
16610
56918
5633
46725
37081
23111
36895
59627
41035
45109
55352
20414
40219
45077
47920
23774
7960
62155
60525
62903
56036
62886
18852
28332
31176
35716
9724
8094
57201
49104
18025
52629
35119
2343
14282
29466
40175
12954
36767
24494
59565
4887
63238
29381
44713
4389
25890
17476
53162
25008
6565
48421
51264
36383
2992
32360
54942
32343
40891
42653
2011
43103
2928
6386
25726
18392
34190
35804
33411
58771
2864
28988
62829
17098
64509
34659
28873
37123
16220
21842
65394
390
11715
48333
64598
27815
44694
56951
8295
50002
18307
27787
25542
60316
63626
36405
37553
45336
11946
37772
18417
23423
36910
26800
48768
65181
61240
29545
63386
64852
45030
8862
37148
58501
59034
62344
5206
55712
41446
39201
50377
15905
8571
22058
40634
21745
18122
12951
62524
22349
26740
19724
39381
12160
46468
28957
37822
36044
11749
40968
56002
59630
6351
18142
59235
56226
11428
19212
11730
39868
23290
7327
44412
35849
61676
45713
3226
55428
26511
47864
49944
24419
14626
65132
17408
53412
39760
31197
23715
65422
38816
31949
61783
55234
39271
25619
23226
9426
4255
11424
27073
56759
55913
43342
52207
43644
13645
48568
32605
34537
28602
32994
57591
19111
38768
606
30907
47637
31675
22497
65285
9695
14086
9848
57577
21578
25354
5999
63438
63822
47859
44384
41227
5992
50328
19566
56651
45776
28584
39145
24878
26195
1603
64745
62818
6762
28115
35135
40459
14171
9000
56262
52787
28959
4049
18002
42747
33887
27020
22930
45365
23232
45200
34326
35325
36175
14975
39721
11
55288
25756
53894
9711
59602
59371
54815
18032
7772
290
5614
42084
57734
47475
13469
50554
25644
19858
35974
21559
15624
22327
30725
64567
46908
34952
34870
50986
42274
18296
637
7806
24071
22907
28380
15809
23444
2393
20969
25826
41476
53267
23120
17800
46553
20562
25102
31804
36195
10204
19684
43348
4105
63389
44182
61677
49721
12472
24263
24795
27957
2283
57093
30339
58010
43277
18982
26914
62303
6713
17423
19652
39457
55722
56721
30581
3975
22084
14750
64472
22134
21585
3926
24813
14405
14938
51705
21092
29342
50695
51694
16924
41203
7198
53993
32476
4173
25060
36385
12089
58737
21487
57173
34574
7968
19441
19825
26527
22586
31134
5291
42524
41510
61315
934
51270
17731
17182
45002
59719
33262
24847
55445
10329
39082
62746
11460
43139
29021
49442
9415
64225
61980
17797
10612
10679
19226
33943
36638
20824
33844
56576
35207
32347
57241
22303
27309
48662
4330
25832
36075
25201
4765
21029
12932
46010
54875
45082
34208
36903
51471
51389
9983
190
24024
52013
27103
54626
12605
43521
50541
27030
50545
45374
34966
58948
30964
52168
17399
50943
2307
25674
35472
62697
41349
37577
55707
16782
35378
26835
6568
60784
39287
26885
20039
33547
12982
52865
29057
5100
15533
34596
7713
63328
6529
55359
54385
31976
28691
7363
54349
48138
28824
23228
52022
55839
63664
22915
22873
40260
24339
10113
36596
21756
35750
52522
64672
28863
51041
24179
35247
40612
17757
41166
52086
64702
5612
62329
59680
2752
23850
42635
59725
4494
5704
19401
10433
50040
37065
12831
3863
44551
51315
51295
7322
21486
1726
19282
22654
43454
19072
34783
53421
818
53846
18205
13563
57028
54696
2094
30294
31354
47680
31164
63838
49018
10451
34029
53132
6700
22412
48300
28392
33311
39927
4753
36196
32634
56212
59435
28734
26869
60009
20827
32531
6920
6136
37579
38491
29226
33530
16399
64805
42585
20366
4931
41463
25413
882
33407
49585
47104
4531
57409
56625
38879
27303
11254
293
44690
59172
2414
12888
21666
16875
8691
39520
8204
61083
50122
53811
47324
7528
31571
14907
40032
25063
37234
23961
12385
27333
62635
15439
7256
56127
40544
48707
50085
2889
59627
47436
8721
20276
30136
45084
19938
23013
34568
47820
39021
17268
55347
32979
54097
13071
21234
7347
7029
24755
27829
60820
58806
62962
62644
50453
50135
54906
60758
18036
10934
20178
29422
20624
65488
9196
1479
27685
7013
61439
40153
20562
8371
19312
35341
31016
33475
46112
27136
34685
20183
24338
8755
36657
15371
56227
28771
30149
39394
6849
34751
60957
9754
24087
26547
23918
43339
50887
51651
10625
23262
13848
33270
56083
50062
25998
238
56360
60516
21186
49088
56637
34269
40736
44891
12346
9717
40397
18029
59501
18475
54858
55622
64866
17055
19515
50810
27827
33679
42923
8682
41673
12520
1410
25920
45342
36543
16952
38070
60884
32812
48842
21385
35718
61924
27683
22276
51875
26115
42144
31649
51685
64937
52746
3854
26668
35912
8456
41446
6124
32330
3792
25525
20118
41851
27964
40601
48764
6657
30085
11724
4622
57967
14164
46073
49763
55148
28307
13338
30597
5452
32273
30874
61702
15121
22203
60898
5836
36664
1342
59309
55132
32298
19641
10376
38427
54604
4631
47948
62429
48691
50218
34783
12563
46318
11144
48291
64002
28828
43458
7818
38795
5317
44775
34577
14202
22663
62735
1186
53132
31676
48617
37338
48725
21714
54069
55894
26105
35329
45019
44681
58527
47397
20534
53653
39746
51895
2516
22066
47319
42189
50629
29767
48384
65305
16074
20189
44658
24560
62132
5333
16996
7223
22745
31630
15222
56483
34520
35836
49026
64061
42246
49881
55036
8691
17238
15608
32636
14659
2068
49458
47808
30892
61617
34673
28231
12078
55292
6891
54707
48244
47337
50437
50441
18218
29927
8942
14629
37893
43729
27197
54766
8466
32494
36147
53349
22442
52132
59921
34103
23700
57079
25983
26648
23455
41845
26927
19409
10045
8866
56388
58411
24666
22067
37808
47846
38144
42350
21411
41308
47953
45651
13433
29640
58484
32774
27715
55181
14799
65397
44457
34479
60269
19591
347
3155
26951
55837
36932
42388
46933
16027
22119
13094
35702
56931
43156
65467
24722
36707
9383
4110
16264
17626
24395
33793
15139
9758
63277
60355
65003
10899
3991
12199
50791
54844
59363
5746
26315
51824
37855
6775
15025
10023
12421
7568
19994
55552
34373
25067
50617
50576
1960
7623
26706
10784
4891
32306
22406
24230
54274
39137
56078
62376
6381
37358
47981
27458
32377
22031
44993
64564
2717
21672
38316
31214
37681
28267
40904
23009
44127
24536
60305
46884
60602
35308
1533
51952
18177
56723
897
10608
20319
38511
39740
35882
32023
14595
2255
58844
53289
23988
11648
63149
25366
1153
58823
7472
25049
39233
53417
59121
7769
21953
42922
45233
27190
36286
19939
29035
22865
26873
20703
14533
1579
15763
1112
53694
25474
24392
1261
53842
37496
22845
25156
7113
49517
24690
60309
37178
17439
54754
35015
3403
49200
26068
59992
38556
17121
51044
31305
6477
43793
3700
41016
923
60289
15107
35461
14026
44557
14641
41779
3382
37306
55964
32832
4612
33447
138
32366
62897
26196
56727
14938
40380
8768
37603
902
24648
61964
23567
42225
7220
41144
1051
26493
50240
8450
28804
54247
15850
49773
9680
31730
52084
13687
44219
2429
26175
53314
13221
28487
59018
25709
47759
59633
17843
39893
65336
28635
52382
5504
25858
44516
6119
28169
43434
57004
10126
32176
64403
15829
29399
59930
21533
36798
60545
15363
39109
4105
26155
43117
1327
25074
42035
64086
15512
40954
61308
19519
39873
3172
18438
26918
48969
59146
20749
36014
51280
59761
11186
24756
41718
63768
27067
37244
2239
32770
61605
18120
31689
41866
77
18735
39089
57747
7476
31223
60058
11484
28445
45407
225
7010
23972
42630
52807
840
19498
36460
53422
6544
15025
28594
47252
374
15640
35994
989
12862
26432
41697
55267
4996
23654
40616
523
9003
25965
37838
54800
9618
26580
48630
1752
17018
40764
59422
14241
29506
43076
63430
11463
28425
40298
58956
8686
34128
49394
5908
24566
44920
61882
13308
28573
37054
50624
353
19011
34277
51239
6057
21322
39980
62031
13456
30418
50772
2198
15768
37818
58172
64957
23167
40129
60483
8516
20390
35655
52617
10828
32878
41359
56624
1265
14835
30100
43670
57239
5273
22234
35804
49373
64639
19457
31330
46596
58469
4806
14983
21768
47211
62476
5421
20687
35952
46130
948
16213
22998
34871
51833
65402
27005
37182
50752
7266
25924
49671
64936
16362
41805
51982
63855
8496
15281
27154
44116
59381
10807
29465
48123
61692
11422
26688
33472
43649
55523
10341
22214
39176
56137
4171
19436
34702
44879
55056
61841
8178
26836
48886
312
10489
15578
27451
41020
57982
4319
19585
31458
43332
51812
61990
13415
25289
32073
38858
55820
3853
14030
22511
44561
61523
11253
21430
34999
43480
51961
57050
1691
11868
22045
39007
57664
12483
17571
29444
34533
43014
48102
56583
2920
16490
28363
33452
45325
53806
62287
5232
17105
27282
39155
42547
49332
56117
62902
7543
26201
34682
48251
60124
4765
14942
20031
33600
45473
52258
57347
64131
7076
22342
39304
49481
907
2603
11084
22957
34830
41615
51792
56880
8306
15091
23572
32053
40534
49014
59191
10617
25883
41148
54718
64895
9536
18017
28194
36675
48548
60421
65510
11847
18632
30505
40682
49163
52555
59340
62732
7374
15854
31120
39601
51474
59955
4596
14773
31735
45304
52089
58874
5211
17084
27261
32350
35742
54400
2434
9218
27876
38053
46534
63496
6441
13226
16618
25099
45453
50541
60719
8752
12144
22321
34195
40979
59637
886
16152
22936
29721
43290
51771
60252
9982
16766
21855
28640
37121
45601
57475
64259
2116
12293
22470
30951
41128
51305
59786
2731
16300
21389
31566
41743
46831
51920
57008
60401
1649
15219
25396
30484
38965
50839
57623
62712
568
5657
24315
36188
46365
58238
4575
9664
14753
28322
45284
53765
63942
10279
17064
27241
35722
44202
49291
59468
5805
7502
10894
19375
27856
34640
41425
49906
61779
4724
14901
30167
38648
50521
53913
60698
62394
5339
17212
23997
30782
39263
42655
56224
61313
2562
11042
19523
29700
41574
53447
63624
11657
20138
28619
40492
43885
50669
60847
3791
10576
20753
36019
49588
52981
63158
14583
26457
33241
40026
45115
55292
65469
10110
23679
32160
35552
40641
44033
52514
54210
62691
5636
15813
17509
27686
37864
49737
54825
59914
1163
13036
29998
40175
57136
63921
8562
11955
17043
22132
27220
35701
39093
42486
56055
64536
4089
12569
19354
29531
34620
38012
46493
49885
53278
60062
63455
6400
16577
19969
23361
26754
36931
40323
50500
53893
55589
60677
1926
18888
22280
27369
32457
37546
42634
46027
54508
62988
845
11022
17807
24591
31376
34768
44945
53426
58515
63603
4852
9941
16725
20118
23510
35383
37079
38776
43864
48953
57434
62522
3771
7163
17340
22429
32606
41087
42783
44479
52960
63137
11170
14563
17955
28132
34917
43398
51879
56967
1608
15178
21962
25355
37228
42317
57582
59278
64367
527
15793
17489
19185
20881
27666
36147
42931
53109
54805
59893
1142
4534
9623
16408
21496
24888
31673
40154
45243
55420
1757
3453
6845
13630
15326
18719
30592
39073
49250
52642
56035
57731
61123
676
10853
14245
21030
26118
34599
46472
54953
65130
4683
8075
11468
21645
26733
31822
35214
40303
41999
48784
55568
57264
60657
3602
5298
5298
6994
13779
17171
18867
20563
25652
35829
39221
42614
49398
51095
59576
824
2520
5913
9305
21178
26267
33052
36444
44925
58494
65279
9920
16705
23489
26882
31970
37059
38755
38755
43844
48932
54021
59109
60805
3750
7143
12231
15623
17320
22408
24104
29193
30889
35978
41066
46155
52939
63116
64813
973
973
4365
9454
19631
26415
29808
34896
36593
45073
51858
55251
55251
62035
1588
8372
11765
15157
20246
27030
28727
30423
37207
40600
50777
57562
59258
60954
64346
506
7291
12380
19164
22557
25949
25949
27645
34430
39519
39519
41215
46303
53088
56480
61569
2818
4514
9602
11298
16387
26564
29956
33349
33349
36741
38437
45222
48614
48614
50311
60488
1736
5129
15306
22090
23787
33964
37356
44141
49229
54318
59406
62799
64495
2351
2351
10832
14224
19313
21009
21009
27794
32882
41363
48148
49844
51540
56629
63414
63414
1270
4662
8055
14839
21624
23320
26713
31801
35194
41978
45371
45371
48763
53851
55548
55548
62332
64029
1885
5277
5277
15454
17151
18847
23935
29024
32416
34112
37505
42593
44289
51074
51074
52770
54466
54466
57859
59555
59555
62947
64643
64643
804
4196
7588
16069
21158
21158
26246
27942
34727
36423
38120
39816
43208
48297
51689
60170
61866
3115
9899
9899
14988
14988
14988
14988
16684
16684
20077
23469
30254
33646
35342
37038
42127
45519
54000
55696
55696
59089
62481
62481
62481
62481
62481
64177
337
5426
7122
15603
20691
24084
24084
25780
29172
29172
30869
35957
41046
41046
46134
47830
52919
56311
59704
59704
59704
59704
61400
952
2648
4345
7737
11129
16218
19610
21306
28091
29787
33180
34876
41661
46749
50141
50141
53534
53534
53534
58622
58622
62015
62015
65407
65407
1567
6656
10048
13440
16833
18529
20225
21921
25314
27010
33795
33795
37187
43972
43972
45668
52452
52452
55845
59237
59237
62630
486
2182
5574
5574
8967
10663
14055
15752
19144
19144
19144
20840
25929
25929
31017
31017
36106
36106
36106
37802
39498
41194
42890
42890
44587
46283
49675
54764
58156
59852
63244
64941
6189
9582
14670
23151
26543
26543
26543
29936
31632
31632
31632
31632
33328
38417
45201
46898
46898
46898
46898
48594
48594
50290
50290
53682
55379
55379
57075
58771
58771
60467
62163
62163
63859
1716
5108
5108
5108
6804
8500
8500
13589
13589
13589
15285
18678
20374
20374
22070
22070
28855
28855
28855
28855
28855
28855
28855
30551
32247
33943
35639
35639
37335
40728
40728
40728
47513
52601
54297
55993
57690
57690
57690
61082
61082
61082
61082
62778
64474
5723
9115
9115
12508
17596
17596
19292
19292
20989
20989
20989
22685
24381
26077
34558
37950
37950
37950
39647
39647
39647
41343
46431
48127
49824
53216
53216
53216
60001
61697
61697
65089
1249
1249
2946
6338
9730
9730
11426
13123
13123
14819
21604
21604
23300
24996
28388
31781
33477
33477
35173
38565
38565
40262
40262
41958
43654
47046
48742
50439
53831
53831
55527
58919
62312
64008
64008
1864
5257
6953
10345
12041
12041
12041
12041
12041
15434
20522
22218
25611
25611
30699
32396
34092
34092
34092
34092
35788
35788
37484
37484
39180
40876
42573
44269
44269
45965
45965
47661
47661
49357
51053
52750
52750
54446
54446
57838
59534
64623
783
783
2479
2479
2479
4175
7568
7568
14353
17745
17745
17745
21137
21137
27922
27922
27922
27922
27922
31314
33010
33010
33010
34707
34707
38099
41491
43188
46580
46580
46580
48276
48276
48276
48276
49972
51668
51668
51668
56757
56757
56757
56757
56757
58453
58453
60149
63542
63542
65238
1398
1398
1398
4790
4790
6487
8183
8183
8183
11575
13271
14967
14967
14967
16664
18360
21752
21752
21752
21752
23448
25144
26841
26841
28537
30233
30233
33625
33625
35322
37018
40410
40410
40410
43802
43802
47195
47195
48891
52283
53980
57372
59068
62460
62460
64157
317
2013
3709
5405
5405
7101
8798
10494
10494
12190
12190
12190
12190
12190
15582
15582
15582
17279
17279
20671
24063
24063
25759
25759
25759
25759
25759
25759
30848
32544
34240
34240
34240
37633
39329
39329
42721
46114
46114
46114
46114
47810
47810
47810
47810
49506
49506
51202
51202
51202
52898
57987
61379
61379
61379
63075
64771
932
932
932
932
2628
2628
4324
6020
6020
6020
6020
6020
7716
7716
9413
9413
9413
12805
14501
14501
14501
17893
17893
19590
19590
19590
21286
21286
22982
24678
24678
24678
26374
29767
29767
29767
33159
33159
34855
34855
36551
36551
36551
36551
39944
41640
41640
43336
43336
43336
45032
46728
46728
48425
50121
51817
51817
53513
53513
53513
55209
55209
56906
56906
58602
58602
58602
58602
58602
60298
61994
61994
1547
1547
3243
3243
3243
3243
6635
10027
10027
10027
10027
10027
10027
10027
10027
11724
13420
13420
13420
15116
15116
15116
15116
15116
15116
15116
16812
16812
16812
16812
16812
16812
16812
16812
16812
16812
16812
16812
16812
16812
16812
18508
18508
20205
20205
20205
21901
21901
21901
21901
21901
21901
21901
21901
23597
23597
23597
23597
23597
23597
23597
23597
23597
23597
25293
25293
25293
25293
25293
25293
25293
25293
25293
25293
25293
25293
25293
25293
25293
25293
28685
28685
28685
30382
30382
30382
30382
30382
30382
30382
30382
30382
30382
30382
30382
32078
33774
33774
33774
35470
35470
35470
37166
37166
37166
37166
37166
37166
37166
37166
37166
40559
40559
40559
40559
40559
40559
42255
42255
42255
42255
42255
42255
42255
43951
43951
43951
43951
43951
43951
43951
43951
43951
43951
43951
43951
43951
43951
43951
43951
43951
43951
43951
43951
43951
43951
43951
43951
43951
45647
47343
47343
47343
47343
47343
47343
47343
47343
47343
47343
47343
47343
47343
49040
49040
49040
49040
49040
49040
49040
49040
50736
50736
50736
50736
52432
52432
52432
52432
54128
54128
54128
54128
54128
54128
54128
54128
55824
57520
57520
57520
57520
57520
57520
57520
57520
57520
57520
57520
59217
59217
60913
60913
60913
60913
62609
62609
64305
64305
64305
64305
64305
64305
64305
64305
64305
64305
465
465
465
3858
3858
3858
3858
3858
3858
3858
5554
5554
5554
5554
5554
5554
7250
7250
8946
8946
8946
8946
8946
8946
8946
10642
10642
10642
10642
10642
10642
10642
10642
10642
12339
12339
12339
12339
12339
12339
12339
12339
17427
17427
17427
17427
20819
20819
20819
20819
20819
22516
22516
24212
24212
24212
24212
25908
27604
27604
27604
27604
27604
27604
29300
29300
29300
29300
30997
30997
32693
34389
34389
34389
34389
34389
34389
34389
34389
34389
36085
37781
37781
37781
37781
37781
37781
39477
39477
39477
39477
41174
42870
44566
44566
44566
44566
44566
44566
44566
44566
44566
44566
44566
44566
44566
44566
47958
47958
47958
47958
47958
47958
47958
47958
47958
47958
47958
47958
47958
47958
47958
47958
47958
47958
47958
47958
47958
47958
47958
47958
47958
47958
47958
49654
49654
49654
49654
49654
49654
49654
49654
49654
51351
53047
53047
53047
53047
53047
53047
53047
54743
54743
54743
54743
54743
54743
54743
54743
54743
54743
54743
56439
56439
58135
58135
58135
58135
58135
58135
59832
61528
61528
61528
61528
61528
61528
63224
63224
63224
63224
63224
63224
63224
63224
63224
63224
63224
63224
63224
64920
64920
1080
1080
1080
1080
1080
1080
1080
1080
1080
2776
4473
4473
4473
4473
6169
6169
6169
6169
6169
6169
6169
6169
6169
6169
6169
6169
6169
6169
6169
6169
6169
7865
7865
7865
7865
7865
7865
7865
7865
7865
7865
7865
7865
7865
7865
7865
7865
7865
7865
7865
7865
7865
7865
7865
9561
9561
9561
9561
11257
11257
11257
11257
11257
11257
11257
12953
12953
14650
16346
16346
16346
16346
16346
18042
18042
18042
18042
18042
18042
18042
21434
21434
21434
21434
21434
21434
21434
23131
23131
23131
23131
23131
23131
23131
23131
24827
24827
24827
24827
24827
24827
24827
24827
24827
24827
24827
24827
24827
24827
24827
24827
24827
24827
24827
24827
24827
24827
24827
24827
24827
24827
24827
26523
26523
26523
26523
26523
26523
26523
26523
26523
26523
26523
26523
26523
26523
26523
26523
26523
26523
26523
26523
26523
26523
26523
26523
26523
26523
26523
26523
26523
26523
26523
26523
28219
28219
28219
28219
28219
28219
28219
28219
28219
28219
28219
28219
28219
28219
29915
29915
31611
31611
31611
31611
31611
31611
31611
31611
35004
36700
36700
36700
36700
36700
36700
36700
36700
36700
36700
36700
36700
36700
36700
36700
38396
40092
40092
40092
40092
40092
40092
40092
40092
40092
40092
40092
40092
40092
40092
40092
40092
40092
40092
40092
40092
40092
40092
40092
40092
40092
40092
40092
40092
40092
40092
40092
40092
40092
40092
40092
40092
40092
40092
40092
40092
40092
40092
40092
40092
40092
41789
41789
43485
43485
43485
43485
43485
43485
45181
45181
45181
45181
45181
45181
45181
45181
45181
45181
45181
45181
45181
45181
45181
45181
45181
45181
45181
45181
45181
45181
45181
45181
45181
45181
45181
45181
45181
45181
46877
46877
46877
46877
46877
46877
46877
46877
46877
46877
46877
46877
46877
46877
46877
46877
46877
46877
46877
48573
48573
48573
48573
48573
48573
48573
48573
48573
48573
48573
48573
48573
48573
50269
50269
50269
50269
50269
50269
50269
51966
51966
51966
51966
51966
51966
51966
51966
51966
51966
51966
51966
51966
51966
51966
51966
51966
53662
53662
53662
53662
53662
53662
53662
53662
53662
53662
53662
53662
53662
53662
53662
53662
53662
53662
53662
53662
53662
53662
53662
53662
53662
55358
55358
55358
55358
55358
55358
55358
55358
55358
55358
55358
55358
55358
55358
55358
55358
55358
55358
57054
57054
57054
57054
57054
57054
57054
57054
57054
57054
57054
57054
57054
57054
57054
57054
57054
57054
57054
57054
57054
57054
57054
57054
57054
57054
57054
57054
57054
57054
57054
57054
57054
57054
57054
57054
57054
57054
57054
57054
57054
57054
57054
57054
57054
57054
57054
57054
57054
57054
57054
57054
57054
57054
57054
57054
57054
57054
57054
57054
57054
57054
57054
57054
57054
58750
60446
60446
60446
60446
60446
60446
60446
60446
62143
62143
62143
62143
62143
62143
62143
62143
62143
62143
62143
62143
62143
62143
62143
62143
62143
62143
62143
62143
62143
62143
62143
62143
62143
62143
63839
63839
63839
63839
65535
65535
65535
65535
65535
65535
65535
65535
65535
65535
65535
65535
65535
65535
65535
65535
65535
65535
65535
65535
65535
65535
65535
65535
65535
65535
65535
65535
65535
65535
65535
65535
65535
65535
65535
65535
65535
65535
65535
65535
65535
65535
65535
65535
65535
65535
65535
65535
65535
65535
65535
65535
65535
65535
65535
65535
65535
65535
65535
65535
65535
65535
65535
65535
65535
65535
65535
65535
65535
65535
65535
65535
65535
65535
65535
65535
65535
65535
65535
65535
65535
65535
65535
65535
65535
65535
65535
65535
65535
65535
65535
65535
65535
65535
65535
65535
65535
65535
65535
65535
65535
65535
65535
65535
65535
65535
65535
65535
65535
65535
65535
65535
65535
65535
65535
65535
65535
65535
65535
65535
65535
65535
65535
65535
65535
65535
65535
65535
65535
65535
65535
65535
65535
65535
65535
65535
65535
65535
65535
65535
65535
65535
65535
65535
65535
65535
65535
65535
65535
65535
65535
65535
65535
65535
65535
65535
65535
65535
65535
65535
65535
65535
65535
65535
65535
65535
65535
65535
65535
65535
65535
65535
65535
65535
65535
65535
65535
65535
65535
65535
65535
65535
65535
65535
65535
65535
65535
65535
65535
65535
65535
65535
65535
65535
65535
65535
65535
65535
65535
65535
65535
65535
65535
65535
65535
65535
65535
65535
65535
65535
65535
65535
65535
65535
65535
65535
65535
65535
65535
65535
65535
65535
65535
65535
65535
65535
65535
65535
65535
65535
65535
65535
65535
65535
65535
65535
65535
65535
65535
65535
65535
65535
65535
65535
65535
65535
65535
65535
65535
65535
65535
65535
65535
65535
65535
65535
65535
65535
65535
65535
65535
65535
65535
65535
65535
65535
65535
65535
65535
65535
65535
65535
65535
65535
65535
65535
65535
65535
65535
65535
65535
65535
65535
65535
65535
65535
65535
65535
65535
65535
65535
65535
65535
65535
65535
65535
65535
65535
65535
65535
65535
65535
65535
65535
65535
65535
65535
65535
65535
65535
65535
65535
65535
65535
65535
65535
65535
65535
65535
65535
65535
65535
65535
65535
65535
65535
65535
65535
65535
65535
65535
65535
65535
65535
65535
65535
65535
65535
65535
65535
65535
65535
65535
65535
65535
65535
65535
65535
65535
65535
65535
65535
65535
65535
65535
65535
65535
65535
65535
65535
65535
65535
65535
65535
65535
65535
65535
65535
65535
65535
65535
65535
65535
65535
65535
65535
65535
65535
65535
65535
65535
65535
65535
65535
65535
65535
65535
65535
65535
65535
65535
65535
65535
65535
65535
65535
65535
65535
65535
65535
65535
65535
65535
65535
65535
65535
65535
65535
65535
65535
65535
65535
65535
65535
65535
65535
65535
65535
65535
65535
65535
65535
65535
65535
65535
65535
65535
65535
65535
65535
65535
65535
65535
65535
65535
65535
65535
65535
65535
65535
65535
65535
65535
65535
65535
65535
65535
65535
65535
65535
65535
65535
65535
65535
65535
65535
65535
65535
65535
65535
65535
65535
65535
65535
65535
65535
65535
65535
65535
65535
65535
65535
65535
65535
65535
65535
65535
65535
65535
65535
65535
65535
65535
65535
65535
65535
65535
65535
65535
65535
65535
65535
65535
65535
65535
65535
65535
65535
65535
65535
65535
65535
65535
65535
65535
65535
65535
65535
65535
65535
65535
65535
65535
65535
65535
65535
65535
65535
65535
65535
65535
65535
65535
65535
65535
65535
65535
65535
65535
65535
65535
65535
65535
65535
65535
65535
65535
65535
65535
65535
65535
65535
65535
65535
65535
65535
65535
65535
65535
65535
65535
65535
65535
65535
65535
65535
65535
65535
65535
65535
65535
65535
65535
65535
65535
65535
65535
65535
65535
65535
65535
65535
65535
65535
65535
65535
65535
65535
65535
65535
65535
65535
65535
65535
65535
65535
65535
65535
65535
65535
65535
65535
65535
65535
65535
65535
65535
65535
65535
65535
65535
65535
65535
65535
65535
65535
65535
65535
65535
65535
65535
65535
65535
65535
65535
65535
65535
65535
65535
65535
65535
65535
65535
65535
65535
65535
65535
65535
65535
65535
65535
65535
65535
65535
65535
65535
65535
65535
65535
65535
65535
65535
65535
65535
65535
65535
65535
65535
65535
65535
65535
65535
65535
65535
65535
65535
65535
65535
65535
65535
65535
65535
65535
65535
65535
65535
65535
65535
65535
65535
65535
65535
65535
65535
65535
65535
65535
65535
65535
65535
65535
65535
65535
65535
65535
65535
65535
65535
65535
65535
65535
65535
65535
65535
65535
65535
65535
65535
65535
65535
65535
65535
65535
65535
65535
65535
65535
65535
65535
65535
65535
65535
65535
65535
65535
65535
65535
65535
65535
65535
65535
65535
65535
65535
65535
65535
65535
65535
65535
65535
65535
65535
65535
65535
65535
65535
65535
65535
65535
65535
65535
65535
65535
65535
65535
65535
65535
65535
65535
65535
65535
65535
65535
65535
65535
65535
65535
65535
65535
65535
65535
65535
65535
65535
65535
65535
65535
65535
65535
65535
65535
65535
65535
65535
65535
65535
65535
65535
65535
65535
65535
65535
65535
65535
65535
65535
65535
65535
65535
65535
65535
65535
65535
65535
65535
65535
65535
65535
65535
65535
65535
65535
65535
65535
65535
65535
65535
65535
65535
65535
65535
65535
65535
65535
65535
65535
65535
65535
65535
65535
65535
65535
65535
65535
65535
65535
65535
65535
65535
65535
65535
65535
65535
65535
65535
65535
65535
65535
65535
65535
65535
65535
65535
65535
65535
65535
65535
65535
65535
65535
65535
65535
65535
65535
65535
65535
65535
65535
65535
65535
65535
65535
65535
65535
65535
65535
65535
65535
65535
65535
65535
65535
65535
65535
65535
65535
65535
65535
65535
65535
65535
65535
65535
65535
65535
65535
65535
65535
65535
65535
65535
65535
65535
65535
65535
65535
65535
65535
65535
65535
65535
65535
65535
65535
65535
65535
65535
65535
65535
65535
65535
65535
65535
65535
65535
65535
65535
65535
65535
65535
65535
65535
65535
65535
65535
65535
65535
65535
65535
65535
65535
65535
65535
65535
65535
65535
65535
65535
65535
65535
65535
65535
65535
65535
65535
65535
65535
65535
65535
65535
65535
65535
65535
65535
65535
65535
65535
65535
65535
65535
65535
65535
65535
65535
65535
65535
65535
65535
65535
65535
65535
65535
65535
65535
65535
65535
65535
65535
65535
65535
65535
65535
65535
65535
65535
65535
65535
65535
65535
65535
65535
65535
65535
65535
65535
65535
65535
65535
65535
65535
65535
65535
65535
65535
65535
65535
65535
65535
65535
65535
65535
65535
65535
65535
65535
65535
65535
65535
65535
65535
65535
65535
65535
65535
65535
65535
65535
65535
65535
65535
65535
65535
65535
65535
65535
65535
65535
65535
65535
65535
65535
65535
65535
65535
65535
65535
65535
65535
65535
65535
65535
65535
65535
65535
65535
65535
65535
65535
65535
65535
65535
65535
65535
65535
65535
65535
65535
65535
65535
65535
65535
65535
65535
65535
65535
65535
65535
65535
65535
65535
65535
65535
65535
65535
65535
65535
65535
65535
65535
65535
65535
65535
65535
65535
65535
65535
65535
65535
65535
65535
65535
65535
65535
65535
65535
65535
65535
65535
65535
65535
65535
65535
65535
65535
65535
65535
65535
65535
65535
65535
65535
65535
65535
65535
65535
65535
65535
65535
65535
65535
65535
65535
65535
65535
65535
65535
65535
65535
65535
65535
65535
65535
65535
65535
65535
65535
65535
65535
65535
65535
65535
65535
65535
65535
65535
65535
65535
65535
65535
65535
65535
65535
65535
65535
65535
65535
65535
65535
65535
65535
65535
65535
65535
65535
65535
65535
65535
65535
65535
65535
65535
65535
65535
65535
65535
65535
65535
65535
65535
65535
65535
65535
65535
65535
65535
65535
65535
65535
65535
65535
65535
65535
65535
65535
65535
65535
65535
65535
65535
65535
65535
65535
65535
65535
65535
65535
65535
65535
65535
65535
65535
65535
65535
65535
65535
65535
65535
65535
65535
65535
65535
65535
65535
65535
65535
65535
65535
65535
65535
65535
65535
65535
65535
65535
65535
65535
65535
65535
65535
65535
65535
65535
65535
65535
65535
65535
65535
65535
65535
65535
65535
65535
65535
65535
65535
65535
65535
65535
65535
65535
65535
65535
65535
65535
65535
65535
65535
65535
65535
65535
65535
65535
65535
65535
65535
65535
65535
65535
65535
65535
65535
65535
65535
65535
65535
65535
65535
65535
65535
65535
65535
65535
65535
65535
65535
65535
65535
65535
65535
65535
65535
65535
65535
65535
65535
65535
65535
65535
65535
65535
65535
65535
65535
65535
65535
65535
65535
65535
65535
65535
65535
65535
65535
65535
65535
65535
65535
65535
65535
65535
65535
65535
65535
65535
65535
65535
65535
65535
65535
65535
65535
65535
65535
65535
65535
65535
65535
65535
65535
65535
65535
65535
65535
65535
65535
65535
65535
65535
65535
65535
65535
65535
65535
65535
65535
65535
65535
65535
65535
65535
65535
65535
65535
65535
65535
65535
65535
65535
65535
65535
65535
65535
65535
65535
65535
65535
65535
65535
65535
65535
65535
65535
65535
65535
65535
65535
65535
65535
65535
65535
65535
65535
65535
65535
65535
65535
65535
65535
65535
65535
65535
65535
65535
65535
65535
65535
65535
65535
65535
65535
65535
65535
65535
65535
65535
65535
65535
65535
65535
65535
65535
65535
65535
65535
65535
65535
65535
65535
65535
65535
65535
65535
65535
65535
65535
65535
65535
65535
65535
65535
65535
65535
65535
65535
65535
65535
65535
65535
65535
65535
65535
65535
65535
65535
65535
65535
65535
65535
65535
65535
65535
65535
65535
65535
65535
65535
65535
65535
65535
65535
65535
65535
65535
65535
65535
65535
65535
65535
65535
65535
65535
65535
65535
65535
65535
65535
65535
65535
65535
65535
65535
65535
65535
65535
65535
65535
65535
65535
65535
65535
65535
65535
65535
65535
65535
65535
65535
65535
65535
65535
65535
65535
65535
65535
65535
65535
65535
65535
65535
65535
65535
65535
65535
65535
65535
65535
65535
65535
65535
65535
65535
65535
65535
65535
65535
65535
65535
65535
65535
65535
65535
65535
65535
65535
65535
65535
65535
65535
65535
65535
65535
65535
65535
65535
65535
65535
65535
65535
65535
65535
65535
65535
65535
65535
65535
65535
65535
65535
65535
65535
65535
65535
65535
65535
65535
65535
65535
65535
65535
65535
65535
65535
65535
65535
65535
65535
65535
65535
65535
65535
65535
65535
65535
65535
65535
65535
65535
65535
65535
65535
65535
65535
65535
65535
65535
65535
65535
65535
65535
65535
65535
65535
65535
65535
65535
65535
65535
65535
65535
65535
65535
65535
65535
65535
65535
65535
65535
65535
65535
65535
65535
65535
65535
65535
65535
65535
65535
65535
65535
65535
65535
65535
65535
65535
65535
65535
65535
65535
65535
65535
65535
65535
65535
65535
65535
65535
65535
65535
65535
65535
65535
65535
65535
65535
65535
65535
65535
65535
65535
65535
65535
65535
65535
65535
65535
65535
65535
65535
65535
65535
65535
65535
65535
65535
65535
65535
65535
65535
65535
65535
65535
65535
65535
65535
65535
65535
65535
65535
65535
65535
65535
65535
65535
65535
65535
65535
65535
65535
65535
65535
65535
65535
65535
65535
65535
65535
65535
65535
65535
65535
65535
65535
65535
65535
65535
65535
65535
65535
65535
65535
65535
65535
65535
65535
65535
65535
65535
65535
65535
65535
65535
65535
65535
65535
65535
65535
65535
65535
65535
65535
65535
65535
65535
65535
65535
65535
65535
65535
65535
65535
65535
65535
65535
65535
65535
65535
65535
65535
65535
65535
65535
65535
65535
65535
65535
65535
65535
65535
65535
65535
65535
65535
65535
65535
65535
65535
65535
65535
65535
65535
65535
65535
65535
65535
65535
65535
65535
65535
65535
65535
65535
65535
65535
65535
65535
65535
65535
65535
65535
65535
65535
65535
65535
65535
65535
65535
65535
65535
65535
65535
65535
65535
65535
65535
65535
65535
65535
65535
65535
65535
65535
65535
65535
65535
65535
65535
65535
65535
65535
65535
65535
65535
65535
65535
65535
65535
65535
65535
65535
65535
65535
65535
65535
65535
65535
65535
65535
65535
65535
65535
65535
65535
65535
65535
65535
65535
65535
65535
65535
65535
65535
65535
65535
65535
65535
65535
65535
65535
65535
65535
65535
65535
65535
65535
65535
65535
65535
65535
65535
65535
65535
65535
65535
65535
65535
65535
65535
65535
65535
65535
65535
65535
65535
65535
65535
65535
65535
65535
65535
65535
65535
65535
65535
65535
65535
65535
65535
65535
65535
65535
65535
65535
65535
65535
65535
65535
65535
65535
65535
65535
65535
65535
65535
65535
65535
65535
65535
65535
65535
65535
65535
65535
65535
65535
65535
65535
65535
65535
65535
65535
65535
65535
65535
65535
65535
65535
65535
65535
65535
65535
65535
65535
65535
65535
65535
65535
65535
65535
65535
65535
65535
65535
65535
65535
65535
65535
65535
65535
65535
65535
65535
65535
65535
65535
65535
65535
65535
65535
65535
65535
65535
65535
65535
65535
65535
65535
65535
65535
65535
65535
65535
65535
65535
65535
65535
65535
65535
65535
65535
65535
65535
65535
65535
65535
65535
65535
65535
65535
65535
65535
65535
65535
65535
65535
65535
65535
65535
65535
65535
65535
65535
65535
65535
65535
65535
65535
65535
65535
65535
65535
65535
65535
65535
65535
65535
65535
65535
65535
65535
65535
65535
65535
65535
65535
65535
65535
65535
65535
65535
65535
65535
65535
65535
65535
65535
65535
65535
65535
65535
65535
65535
65535
65535
65535
65535
65535
65535
65535
65535
65535
65535
65535
65535
65535
65535
65535
65535
65535
65535
65535
65535
65535
65535
65535
65535
65535
65535
65535
65535
65535
65535
65535
65535
65535
65535
65535
65535
65535
65535
65535
65535
65535
65535
65535
65535
65535
65535
65535
65535
65535
65535
65535
65535
65535
65535
65535
65535
65535
65535
65535
65535
65535
65535
65535
65535
65535
65535
65535
65535
65535
65535
65535
65535
65535
65535
65535
65535
65535
65535
65535
65535
65535
65535
65535
65535
65535
65535
65535
65535
65535
65535
65535
65535
65535
65535
65535
65535
65535
65535
65535
65535
65535
65535
65535
65535
65535
65535
65535
65535
65535
65535
65535
65535
65535
65535
65535
65535
65535
65535
65535
65535
65535
65535
65535
65535
65535
65535
65535
65535
65535
65535
65535
65535
65535
65535
65535
65535
65535
65535
65535
65535
65535
65535
65535
65535
65535
65535
65535
65535
65535
65535
65535
65535
65535
65535
65535
65535
65535
65535
65535
65535
65535
65535
65535
65535
65535
65535
65535
65535
65535
65535
65535
65535
65535
65535
65535
65535
65535
65535
65535
65535
65535
65535
65535
65535
65535
65535
65535
65535
65535
65535
65535
65535
65535
65535
65535
65535
65535
65535
65535
65535
65535
65535
65535
65535
65535
65535
65535
65535
65535
65535
65535
65535
65535
65535
65535
65535
65535
65535
65535
65535
65535
65535
65535
65535
65535
65535
65535
65535
65535
65535
65535
65535
65535
65535
65535
65535
65535
65535
65535
65535
65535
65535
65535
65535
65535
65535
65535
65535
65535
65535
65535
65535
65535
65535
65535
65535
65535
65535
65535
65535
65535
65535
65535
65535
65535
65535
65535
65535
65535
65535
65535
65535
65535
65535
65535
65535
65535
65535
65535
65535
65535
65535
65535
65535
65535
65535
65535
65535
65535
65535
65535
65535
65535
65535
65535
65535
65535
65535
65535
65535
65535
65535
65535
65535
65535
65535
65535
65535
65535
65535
65535
65535
65535
65535
65535
65535
65535
65535
65535
65535
65535
65535
65535
65535
65535
65535
65535
65535
65535
65535
65535
65535
65535
65535
65535
65535
65535
65535
65535
65535
65535
65535
65535
65535
65535
65535
65535
65535
65535
65535
65535
65535
65535
65535
65535
65535
65535
65535
65535
65535
65535
65535
65535
65535
65535
65535
65535
65535
65535
65535
65535
65535
65535
65535
65535
65535
65535
65535
65535
65535
65535
65535
65535
65535
65535
65535
65535
65535
65535
65535
65535
65535
65535
65535
65535
65535
65535
65535
65535
65535
65535
65535
65535
65535
65535
65535
65535
65535
65535
65535
65535
65535
65535
65535
65535
65535
65535
65535
65535
65535
65535
65535
65535
65535
65535
65535
65535
65535
65535
65535
65535
65535
65535
65535
65535
65535
65535
65535
65535
65535
65535
65535
65535
65535
65535
65535
65535
65535
65535
65535
65535
65535
65535
65535
65535
65535
65535
65535
65535
65535
65535
65535
65535
65535
65535
65535
65535
65535
65535
65535
65535
65535
65535
65535
65535
65535
65535
65535
65535
65535
65535
65535
65535
65535
65535
65535
65535
65535
65535
65535
65535
65535
65535
65535
65535
65535
65535
65535
65535
65535
65535
65535
65535
65535
65535
65535
65535
65535
65535
65535
65535
65535
65535
65535
65535
65535
65535
65535
65535
65535
65535
65535
65535
65535
65535
65535
65535
65535
65535
65535
65535
65535
65535
65535
65535
65535
65535
65535
65535
65535
65535
65535
65535
65535
65535
65535
65535
65535
65535
65535
65535
65535
65535
65535
65535
65535
65535
65535
65535
65535
65535
65535
65535
65535
65535
65535
65535
65535
65535
65535
65535
65535
65535
65535
65535
65535
65535
65535
65535
65535
65535
65535
65535
65535
65535
65535
65535
65535
65535
65535
65535
65535
65535
65535
65535
65535
65535
65535
65535
65535
65535
65535
65535
65535
65535
65535
65535
65535
65535
65535
65535
65535
65535
65535
65535
65535
65535
65535
65535
65535
65535
65535
65535
65535
65535
65535
65535
65535
65535
65535
65535
65535
65535
65535
65535
65535
65535
65535
65535
65535
65535
65535
65535
65535
65535
65535
65535
65535
65535
65535
65535
65535
65535
65535
65535
65535
65535
65535
65535
65535
65535
65535
65535
65535
65535
65535
65535
65535
65535
65535
65535
65535
65535
65535
65535
65535
65535
65535
65535
65535
65535
65535
65535
65535
65535
65535
65535
65535
65535
65535
65535
65535
65535
65535
65535
65535
65535
65535
65535
65535
65535
65535
65535
65535
65535
65535
65535
65535
65535
65535
65535
65535
65535
65535
65535
65535
65535
65535
65535
65535
65535
65535
65535
65535
65535
65535
65535
65535
65535
65535
65535
65535
65535
65535
65535
65535
65535
65535
65535
65535
65535
65535
65535
65535
65535
65535
65535
65535
65535
65535
65535
65535
65535
65535
65535
65535
65535
65535
65535
65535
65535
65535
65535
65535
65535
65535
65535
65535
65535
65535
65535
65535
65535
65535
65535
65535
65535
65535
65535
65535
65535
65535
65535
65535
65535
65535
65535
65535
65535
65535
65535
65535
65535
65535
65535
65535
65535
65535
65535
65535
65535
65535
65535
65535
65535
65535
65535
65535
65535
65535
65535
65535
65535
65535
65535
65535
65535
65535
65535
65535
65535
65535
65535
65535
65535
65535
65535
65535
65535
65535
65535
65535
65535
65535
65535
65535
65535
65535
65535
65535
65535
65535
65535
65535
65535
65535
65535
65535
65535
65535
65535
65535
65535
65535
65535
65535
65535
65535
65535
65535
65535
65535
65535
65535
65535
65535
65535
65535
65535
65535
65535
65535
65535
65535
65535
65535
65535
65535
65535
65535
65535
65535
65535
65535
65535
65535
65535
65535
65535
65535
65535
65535
65535
65535
65535
65535
65535
65535
65535
65535
65535
65535
65535
65535
65535
65535
65535
65535
65535
65535
65535
65535
65535
65535
65535
65535
65535
65535
65535
65535
65535
65535
65535
65535
65535
65535
65535
65535
65535
65535
65535
65535
65535
65535
65535
65535
65535
65535
65535
65535
65535
65535
65535
65535
65535
65535
65535
65535
65535
65535
65535
65535
65535
65535
65535
65535
65535
65535
65535
65535
65535
65535
65535
65535
65535
65535
65535
65535
65535
65535
65535
65535
65535
65535
65535
65535
65535
65535
65535
65535
65535
65535
65535
65535
65535
65535
65535
65535
65535
65535
65535
65535
65535
65535
65535
65535
65535
65535
65535
65535
65535
65535
65535
65535
65535
65535
65535
65535
65535
65535
65535
65535
65535
65535
65535
65535
65535
65535
65535
65535
65535
65535
65535
65535
65535
65535
65535
65535
65535
65535
65535
65535
65535
65535
65535
65535
65535
65535
65535
65535
65535
65535
65535
65535
65535
65535
65535
65535
65535
65535
65535
65535
65535
65535
65535
65535
65535
65535
65535
65535
65535
65535
65535
65535
65535
65535
65535
65535
65535
65535
65535
65535
65535
65535
65535
65535
65535
65535
65535
65535
65535
65535
65535
65535
65535
65535
65535
65535
65535
65535
65535
65535
65535
65535
65535
65535
65535
65535
65535
65535
65535
65535
65535
65535
65535
65535
65535
65535
65535
65535
65535
65535
65535
65535
65535
65535
65535
65535
65535
65535
65535
65535
65535
65535
65535
65535
65535
65535
65535
65535
65535
65535
65535
65535
65535
65535
65535
65535
65535
65535
65535
65535
65535
65535
65535
65535
65535
65535
65535
65535
65535
65535
65535
65535
65535
65535
65535
65535
65535
65535
65535
65535
65535
65535
65535
65535
65535
65535
65535
65535
65535
65535
65535
65535
65535
65535
65535
65535
65535
65535
65535
65535
65535
65535
65535
65535
65535
65535
65535
65535
65535
65535
65535
65535
65535
65535
65535
65535
65535
65535
65535
65535
65535
65535
65535
65535
65535
65535
65535
65535
65535
65535
65535
65535
65535
65535
65535
65535
65535
65535
65535
65535
65535
65535
65535
65535
65535
65535
65535
65535
65535
65535
65535
65535
65535
65535
65535
65535
65535
65535
65535
65535
65535
65535
65535
65535
65535
65535
65535
65535
65535
65535
65535
65535
65535
65535
65535
65535
65535
65535
65535
65535
65535
65535
65535
65535
65535
65535
65535
65535
65535
65535
65535
65535
65535
65535
65535
65535
65535
65535
65535
65535
65535
65535
65535
65535
65535
65535
65535
65535
65535
65535
65535
65535
65535
65535
65535
65535
65535
65535
65535
65535
65535
65535
65535
65535
65535
65535
65535
65535
65535
65535
65535
65535
65535
65535
65535
65535
65535
65535
65535
65535
65535
65535
65535
65535
65535
65535
65535
65535
65535
65535
65535
65535
65535
65535
65535
65535
65535
65535
65535
65535
65535
65535
65535
65535
65535
65535
65535
65535
65535
65535
65535
65535
65535
65535
65535
65535
65535
65535
65535
65535
65535
65535
65535
65535
65535
65535
65535
65535
65535
65535
65535
65535
65535
65535
65535
65535
65535
65535
65535
65535
65535
65535
65535
65535
65535
65535
65535
65535
65535
65535
65535
65535
65535
65535
65535
65535
65535
65535
65535
65535
65535
65535
65535
65535
65535
65535
65535
65535
65535
65535
65535
65535
65535
65535
65535
65535
65535
65535
65535
65535
65535
65535
65535
65535
65535
65535
65535
65535
65535
65535
65535
65535
65535
65535
65535
65535
65535
65535
65535
65535
65535
65535
65535
65535
65535
65535
65535
65535
65535
65535
65535
65535
65535
65535
65535
65535
65535
65535
65535
65535
65535
65535
65535
65535
65535
65535
65535
65535
65535
65535
65535
65535
65535
65535
65535
65535
65535
65535
65535
65535
65535
65535
65535
65535
65535
65535
65535
65535
65535
65535
65535
65535
65535
65535
65535
65535
65535
65535
65535
65535
65535
65535
65535
65535
65535
65535
65535
65535
65535
65535
65535
65535
65535
65535
65535
65535
65535
65535
65535
65535
65535
65535
65535
65535
65535
65535
65535
65535
65535
65535
65535
65535
65535
65535
65535
65535
65535
65535
65535
65535
65535
65535
65535
65535
65535
65535
65535
65535
65535
65535
65535
65535
65535
65535
65535
65535
65535
65535
65535
65535
65535
65535
65535
65535
65535
65535
65535
65535
65535
65535
65535
65535
65535
65535
65535
65535
65535
65535
65535
65535
65535
65535
65535
65535
65535
65535
65535
65535
65535
65535
65535
65535
65535
65535
65535
65535
65535
65535
65535
65535
65535
65535
65535
65535
65535
65535
65535
65535
65535
65535
65535
65535
65535
65535
65535
65535
65535
65535
65535
65535
65535
65535
65535
65535
65535
65535
65535
65535
65535
65535
65535
65535
65535
65535
65535
65535
65535
65535
65535
65535
65535
65535
65535
65535
65535
65535
65535
65535
65535
65535
65535
65535
65535
65535
65535
65535
65535
65535
65535
65535
65535
65535
65535
65535
65535
65535
65535
65535
65535
65535
65535
65535
65535
65535
65535
65535
65535
65535
65535
65535
65535
65535
65535
65535
65535
65535
65535
65535
65535
65535
65535
65535
65535
65535
65535
65535
65535
65535
65535
65535
65535
65535
65535
65535
65535
65535
65535
65535
65535
65535
65535
65535
65535
65535
65535
65535
65535
65535
65535
65535
65535
65535
65535
65535
65535
65535
65535
65535
65535
65535
65535
65535
65535
65535
65535
65535
65535
65535
65535
65535
65535
65535
65535
65535
65535
65535
65535
65535
65535
65535
65535
65535
65535
65535
65535
65535
65535
65535
65535
65535
65535
65535
65535
65535
65535
65535
65535
65535
65535
65535
65535
65535
65535
65535
65535
65535
65535
65535
65535
65535
65535
65535
65535
65535
65535
65535
65535
65535
65535
65535
65535
65535
65535
65535
65535
65535
65535
65535
65535
65535
65535
65535
65535
65535
65535
65535
65535
65535
65535
65535
65535
65535
65535
65535
65535
65535
65535
65535
65535
65535
65535
65535
65535
65535
65535
65535
65535
65535
65535
65535
65535
65535
65535
65535
65535
65535
65535
65535
65535
65535
65535
65535
65535
65535
65535
65535
65535
65535
65535
65535
65535
65535
65535
65535
65535
65535
65535
65535
65535
65535
65535
65535
65535
65535
65535
65535
65535
65535
65535
65535
65535
65535
65535
65535
65535
65535
65535
65535
65535
65535
65535
65535
65535
65535
65535
65535
65535
65535
65535
65535
65535
65535
65535
65535
65535
65535
65535
65535
65535
65535
65535
65535
65535
65535
65535
65535
65535
65535
65535
65535
65535
65535
65535
65535
65535
65535
65535
65535
65535
65535
65535
65535
65535
65535
65535
65535
65535
65535
65535
65535
65535
65535
65535
65535
65535
65535
65535
65535
65535
65535
65535
65535
65535
65535
65535
65535
65535
65535
65535
65535
65535
65535
65535
65535
65535
65535
65535
65535
65535
65535
65535
65535
65535
65535
65535
65535
65535
65535
65535
65535
65535
65535
65535
65535
65535
65535
65535
65535
65535
65535
65535
65535
65535
65535
65535
65535
65535
65535
65535
65535
65535
65535
65535
65535
65535
65535
65535
65535
65535
65535
65535
65535
65535
65535
65535
65535
65535