0
0
0
0
0
0
0
0
0
0
0
0
0
0
0
0
0
0
0
0
0
0
0
0
0
0
0
0
0
0
0
0
0
0
0
0
0
0
0
0
0
0
0
0
0
0
0
0
0
0
0
0
0
0
0
0
0
0
0
0
0
0
0
0
0
0
0
0
0
0
0
0
0
0
0
0
0
0
0
0
0
0
0
0
0
0
0
0
0
0
0
0
0
0
0
0
0
0
0
0
0
0
0
0
0
0
0
0
0
0
0
0
0
0
0
0
0
0
0
0
0
0
0
0
0
0
0
0
0
0
0
0
0
0
0
0
0
0
0
0
0
0
0
0
0
0
0
0
0
0
0
0
0
0
0
0
0
0
0
0
0
0
0
0
0
0
0
0
0
0
0
0
0
0
0
0
0
0
0
0
0
0
0
0
0
0
0
0
0
0
0
0
0
0
0
0
0
0
0
39
119
190
265
342
419
498
576
650
729
804
879
945
1022
1096
1169
1242
1315
1387
1456
1529
1601
1671
1745
1813
1888
1960
2031
2095
2166
2237
2309
2381
2453
2519
2583
2650
2719
2789
2857
2927
2997
3065
3136
3199
3265
3334
3403
3469
3541
3611
3678
3743
3802
3871
3939
4006
4072
4138
4204
4268
4327
4391
4455
4520
4586
4646
4710
4773
4836
4901
4965
5028
5091
5153
5215
5270
5329
5395
5455
5518
5583
5644
5703
5763
5825
5886
5947
6006
6068
6129
6190
6245
6304
6367
6427
6488
6548
6606
6662
6720
6781
6844
6903
6964
7028
7088
7149
7200
7259
7318
7378
7438
7498
7557
7617
7671
7726
7786
7844
7903
7963
8022
8080
8136
8189
8247
8305
8362
8423
8477
8532
8590
8649
8709
8765
8823
8885
8942
9000
9049
9108
9163
9223
9279
9336
9394
9449
9503
9558
9610
9665
9718
9776
9832
9890
9938
9991
10044
10104
10159
10216
10268
10322
10376
10435
10494
10552
10609
10666
10721
10780
10829
10888
10945
11004
11059
11117
11175
11232
11285
11335
11390
11445
11502
11561
11617
11675
11728
11781
11836
11895
11954
12014
12066
12118
12171
12227
12283
12340
12397
12455
12511
12563
12612
12667
12724
12782
12841
12900
12957
13009
13064
13121
13174
13231
13289
13346
13404
13463
13513
13570
13631
13690
13750
13810
13867
13921
13982
14045
14108
14171
14235
14299
14362
14426
14481
14546
14613
14679
14746
14813
14879
14946
15009
15070
15137
15208
15277
15349
15417
15488
15556
15620
15692
15764
15836
15911
15978
16047
16120
16195
16272
16349
16426
16501
16574
16646
16714
16787
16868
16945
17021
17097
17173
17243
17315
17387
17455
17530
17602
17678
17751
17826
17891
17961
18035
18107
18180
18253
18318
18383
18454
18527
18601
18673
18742
18812
18881
18949
19010
19079
19150
19218
19286
19355
19421
19488
19549
19609
19673
19738
19800
19865
19929
19992
20050
20107
20170
20236
20296
20359
20412
20470
20530
20592
20655
20714
20771
20834
20892
20950
21001
21058
21115
21172
21227
21283
21338
21391
21445
21501
21555
21609
21665
21722
21776
21831
21879
21933
21988
22043
22098
22154
22204
22253
22308
22364
22420
22474
22529
22584
22636
22690
22737
22793
22845
22898
22951
23005
23058
23111
23159
23208
23263
23314
23366
23419
23470
23521
23573
23621
23676
23728
23780
23835
23881
23929
23979
24032
24085
24136
24188
24242
24292
24344
24389
24440
24491
24539
24587
24637
24686
24732
24781
24833
24883
24932
24982
25032
25081
25130
25172
25221
25272
25322
25373
25421
25467
25514
25563
25615
25666
25716
25766
25820
25870
25919
25962
26008
26061
26110
26160
26211
26262
26313
26360
26405
26455
26503
26554
26603
26650
26700
26746
26794
26846
26895
26945
26995
27041
27089
27137
27188
27238
27287
27335
27385
27435
27482
27524
27573
27620
27667
27713
27763
27812
27856
27902
27952
27999
28047
28095
28146
28193
28240
28283
28330
28379
28428
28475
28525
28571
28617
28666
28716
28765
28814
28865
28913
28962
29010
29051
29101
29150
29196
29244
29293
29343
29392
29435
29480
29528
29575
29623
29671
29719
29767
29808
29852
29901
29947
29996
30045
30087
30132
30181
30231
30279
30326
30374
30421
30469
30515
30556
30602
30651
30697
30741
30788
30836
30880
30927
30974
31017
31063
31109
31155
31202
31246
31288
31334
31382
31428
31474
31521
31565
31610
31654
31701
31750
31796
31845
31893
31940
31987
32029
32075
32122
32169
32217
32267
32313
32359
32401
32446
32491
32536
32582
32629
32676
32723
32765
32810
32857
32905
32951
32996
33040
33083
33127
33174
33222
33266
33313
33357
33405
33448
33489
33535
33580
33626
33672
33718
33761
33804
33849
33893
33935
33980
34023
34068
34111
34157
34197
34241
34285
34331
34374
34419
34461
34504
34548
34592
34639
34683
34729
34775
34820
34864
34905
34950
34996
35042
35085
35130
35174
35219
35257
35300
35346
35389
35435
35481
35525
35569
35610
35651
35695
35737
35782
35825
35866
35909
35953
35995
36041
36083
36127
36173
36215
36256
36295
36338
36382
36424
36466
36509
36552
36595
36638
36680
36723
36764
36808
36850
36893
36937
36975
37019
37062
37104
37148
37190
37228
37269
37311
37355
37399
37442
37485
37530
37574
37617
37656
37699
37743
37786
37827
37871
37913
37955
37995
38035
38078
38120
38164
38209
38252
38295
38334
38374
38417
38457
38502
38545
38585
38626
38667
38710
38753
38795
38837
38880
38920
38959
38997
39039
39082
39123
39165
39208
39252
39291
39333
39372
39413
39454
39497
39538
39580
39623
39661
39701
39743
39784
39828
39871
39910
39949
39989
40033
40074
40118
40162
40207
40249
40292
40330
40374
40417
40459
40503
40547
40590
40633
40673
40713
40756
40799
40842
40885
40928
40972
41009
41050
41095
41140
41184
41227
41266
41306
41348
41392
41436
41477
41522
41565
41605
41645
41685
41729
41773
41817
41860
41904
41948
41988
42029
42070
42113
42155
42198
42243
42285
42328
42368
42411
42455
42496
42538
42582
42624
42665
42709
42755
42801
42845
42888
42934
42977
43021
43062
43106
43152
43197
43241
43288
43332
43377
43418
43459
43504
43546
43591
43636
43682
43728
43769
43811
43856
43901
43947
43990
44033
44076
44121
44167
44213
44258
44305
44351
44394
44439
44480
44525
44571
44615
44656
44699
44742
44782
44827
44871
44914
44959
45004
45049
45095
45141
45181
45228
45275
45321
45366
45415
45457
45501
45547
45594
45643
45687
45735
45781
45829
45875
45917
45963
46011
46057
46105
46152
46199
46247
46291
46335
46384
46430
46476
46523
46571
46616
46662
46706
46755
46802
46849
46895
46938
46984
47030
47078
47126
47171
47217
47265
47309
47352
47393
47439
47486
47529
47573
47616
47658
47698
47740
47782
47825
47868
47911
47955
47998
48040
48076
48116
48161
48203
48245
48287
48326
48365
48406
48450
48491
48530
48570
48610
48650
48688
48722
48760
48798
48834
48871
48909
48944
48980
49013
49046
49082
49115
49149
49184
49217
49250
49280
49309
49342
49372
49400
49431
49459
49486
49515
49542
49568
49595
49620
49646
49670
49693
49714
49738
49760
49780
49801
49823
49845
49865
49886
49907
49928
49948
49968
49987
50004
50023
50037
50054
50072
50089
50107
50123
50138
50153
50170
50185
50200
50215
50230
50244
50258
50273
50286
50300
50313
50325
50337
50350
50363
50374
50385
50396
50410
50422
50434
50446
50457
50466
50476
50485
50496
50507
50516
50527
50536
50546
50556
50567
50577
50587
50597
50606
50615
50624
50633
50641
50650
50660
50669
50678
50687
50695
50703
50712
50719
50727
50735
50743
50751
50759
50766
50774
50782
50790
50797
50804
50811
50818
50825
50833
50840
50848
50856
50864
50871
50878
50885
50891
50898
50905
50913
50919
50926
50933
50939
50946
50953
50959
50966
50973
50979
50985
50991
50997
51003
51010
51016
51023
51029
51035
51042
51048
51054
51059
51065
51071
51077
51083
51088
51093
51099
51105
51110
51115
51120
51125
51131
51135
51140
51146
51151
51156
51161
51167
51172
51177
51182
51187
51193
51197
51202
51206
51211
51216
51221
51226
51230
51235
51239
51244
51248
51253
51258
51263
51268
51272
51277
51282
51286
51290
51295
51299
51304
51308
51312
51317
51320
51324
51328
51333
51337
51341
51345
51349
51353
51358
51362
51366
51370
51375
51379
51383
51386
51391
51396
51400
51405
51409
51413
51418
51422
51426
51430
51434
51438
51442
51447
51451
51455
51459
51463
51467
51472
51477
51480
51484
51489
51493
51497
51502
51507
51511
51516
51520
51523
51528
51532
51537
51541
51545
51549
51554
51558
51562
51566
51570
51574
51579
51583
51588
51592
51596
51600
51605
51609
51613
51617
51621
51625
51630
51634
51638
51643
51648
51652
51657
51661
51666
51671
51676
51681
51687
51691
51695
51700
51704
51710
51714
51720
51725
51730
51735
51740
51744
51749
51755
51760
51766
51771
51775
51781
51786
51792
51798
51804
51810
51816
51822
51827
51833
51839
51846
51852
51857
51864
51870
51876
51882
51889
51896
51903
51910
51917
51924
51931
51938
51945
51953
51961
51969
51977
51985
51994
52002
52011
52020
52030
52041
52050
52059
52068
52079
52090
52101
52111
52124
52134
52146
52157
52169
52182
52196
52210
52224
52239
52254
52267
52283
52300
52315
52332
52350
52366
52383
52402
52420
52439
52461
52483
52507
52529
52551
52573
52599
52625
52653
52681
52710
52740
52771
52799
52830
52864
52898
52934
52972
53010
53051
53090
53130
53177
53223
53270
53317
53364
53412
53466
53521
53579
53637
53698
53759
53823
53885
53947
54020
54095
54170
54243
54317
54397
54477
54565
54655
54747
54840
54935
55035
55135
55239
55336
55444
55563
55681
55801
55924
56042
56163
56289
56426
56565
56706
56849
56993
57138
57280
57416
57565
57720
57872
58025
58183
58340
58498
58640
58788
58950
59107
59266
59426
59582
59742
59885
60034
60189
60344
60498
60646
60787
60931
61080
61228
61376
61514
61652
61784
61917
62043
62161
62284
62410
62524
62633
62743
62851
62953
63058
63157
63256
63353
63449
63540
63627
63707
63781
63857
63935
64006
64078
64144
64207
64267
64326
64383
64442
64492
64539
64588
64634
64675
64711
64748
64787
64821
64854
64883
64912
64937
64959
64982
65005
65025
65046
65064
65081
65098
65112
65125
65139
65150
65163
65174
65183
65192
65200
65208
65216
65223
65230
65237
65243
65248
65253
65258
65262
65266
65270
65274
65278
65281
65284
65287
65290
65293
65295
65298
65300
65303
65305
65307
65309
65311
65313
65315
65317
65319
65320
65322
65324
65326
65327
65329
65331
65331
65333
65334
65335
65336
65337
65339
65340
65341
65342
65343
65344
65345
65346
65347
65348
65349
65350
65351
65352
65353
65353
65354
65355
65356
65356
65357
65358
65359
65360
65360
65361
65361
65362
65363
65363
65364
65365
65365
65366
65366
65367
65368
65368
65369
65370
65370
65371
65371
65372
65372
65373
65373
65374
65374
65375
65375
65376
65376
65376
65377
65378
65378
65379
65379
65379
65380
65380
65381
65381
65382
65382
65383
65383
65383
65384
65384
65385
65385
65386
65386
65386
65387
65387
65387
65388
65388
65389
65389
65389
65390
65390
65391
65391
65391
65392
65392
65392
65393
65393
65393
65394
65394
65394
65395
65395
65396
65396
65396
65397
65397
65397
65397
65398
65398
65398
65399
65399
65399
65400
65400
65400
65401
65401
65402
65402
65402
65403
65403
65403
65403
65404
65404
65404
65405
65405
65406
65406
65406
65406
65406
65407
65407
65407
65407
65408
65408
65408
65408
65409
65409
65410
65410
65410
65411
65411
65411
65412
65412
65412
65412
65413
65413
65413
65414
65414
65414
65415
65415
65415
65415
65415
65416
65416
65416
65416
65417
65417
65417
65417
65418
65418
65418
65419
65419
65419
65419
65419
65420
65420
65420
65421
65421
65421
65421
65421
65422
65422
65422
65423
65423
65423
65423
65424
65424
65424
65424
65425
65425
65425
65425
65426
65426
65426
65427
65427
65427
65427
65428
65428
65428
65428
65429
65429
65429
65429
65430
65430
65430
65430
65431
65431
65431
65432
65432
65432
65432
65432
65433
65433
65433
65434
65434
65434
65434
65435
65435
65435
65435
65436
65436
65436
65436
65436
65437
65437
65437
65437
65437
65438
65438
65438
65438
65439
65439
65439
65439
65439
65440
65440
65440
65440
65441
65441
65441
65441
65441
65441
65442
65442
65442
65443
65443
65443
65443
65444
65444
65444
65444
65445
65445
65445
65445
65445
65446
65446
65446
65446
65447
65447
65447
65447
65447
65448
65448
65448
65448
65449
65449
65449
65449
65449
65449
65450
65450
65450
65451
65451
65451
65451
65451
65451
65452
65452
65452
65452
65452
65452
65453
65453
65453
65453
65453
65454
65454
65454
65454
65454
65455
65455
65455
65455
65455
65455
65456
65456
65456
65456
65456
65457
65457
65457
65457
65457
65457
65457
65458
65458
65458
65458
65458
65458
65458
65459
65459
65459
65459
65459
65459
65459
65459
65460
65460
65460
65460
65460
65461
65461
65461
65461
65461
65461
65461
65461
65462
65462
65462
65462
65463
65463
65463
65463
65463
65463
65463
65463
65464
65464
65464
65464
65464
65464
65464
65465
65465
65465
65465
65465
65466
65466
65466
65466
65466
65466
65466
65467
65467
65467
65467
65467
65467
65467
65467
65468
65468
65468
65468
65468
65468
65469
65469
65469
65469
65469
65469
65470
65470
65470
65470
65470
65470
65471
65471
65471
65471
65471
65471
65472
65472
65472
65472
65472
65472
65472
65473
65473
65473
65473
65473
65473
65474
65474
65474
65474
65474
65474
65474
65475
65475
65475
65475
65475
65475
65475
65475
65476
65476
65476
65476
65476
65476
65476
65477
65477
65477
65477
65477
65477
65477
65477
65477
65478
65478
65478
65478
65478
65478
65478
65478
65479
65479
65479
65479
65479
65479
65480
65480
65480
65480
65480
65480
65480
65481
65481
65481
65481
65481
65481
65481
65482
65482
65482
65482
65482
65482
65482
65482
65482
65483
65483
65483
65483
65483
65483
65483
65483
65484
65484
65484
65484
65484
65484
65484
65484
65485
65485
65485
65485
65485
65485
65485
65486
65486
65486
65486
65486
65486
65486
65487
65487
65487
65487
65487
65487
65487
65488
65488
65488
65488
65488
65488
65488
65489
65489
65489
65489
65489
65489
65489
65489
65489
65490
65490
65490
65490
65490
65490
65490
65490
65491
65491
65491
65491
65491
65491
65492
65492
65492
65492
65492
65492
65492
65492
65492
65492
65493
65493
65493
65493
65493
65493
65493
65493
65493
65493
65493
65494
65494
65494
65494
65494
65494
65494
65494
65494
65494
65494
65495
65495
65495
65495
65495
65495
65495
65495
65495
65495
65496
65496
65496
65496
65496
65496
65496
65496
65496
65496
65497
65497
65497
65497
65497
65497
65497
65497
65497
65497
65497
65497
65498
65498
65498
65498
65498
65498
65498
65498
65498
65498
65499
65499
65499
65499
65499
65499
65499
65499
65500
65500
65500
65500
65500
65500
65500
65500
65500
65501
65501
65501
65501
65501
65501
65501
65501
65501
65501
65501
65502
65502
65502
65502
65502
65502
65502
65502
65502
65502
65503
65503
65503
65503
65503
65503
65503
65503
65503
65503
65503
65503
65503
65504
65504
65504
65504
65504
65504
65504
65504
65504
65505
65505
65505
65505
65505
65505
65505
65505
65505
65505
65505
65505
65505
65506
65506
65506
65506
65506
65506
65506
65506
65506
65506
65506
65506
65506
65506
65506
65507
65507
65507
65507
65507
65507
65507
65507
65507
65507
65507
65508
65508
65508
65508
65508
65508
65508
65508
65508
65508
65508
65508
65508
65509
65509
65509
65509
65509
65509
65509
65509
65509
65509
65509
65509
65509
65509
65509
65510
65510
65510
65510
65510
65510
65510
65510
65510
65510
65510
65510
65510
65510
65511
65511
65511
65511
65511
65511
65511
65511
65511
65511
65511
65511
65511
65511
65511
65512
65512
65512
65512
65512
65512
65512
65512
65512
65512
65512
65512
65512
65512
65512
65512
65513
65513
65513
65513
65513
65513
65513
65513
65513
65513
65513
65513
65513
65513
65513
65513
65514
65514
65514
65514
65514
65514
65514
65514
65514
65514
65514
65514
65514
65515
65515
65515
65515
65515
65515
65515
65515
65515
65515
65515
65515
65515
65515
65515
65515
65516
65516
65516
65516
65516
65516
65516
65516
65516
65516
65516
65516
65516
65516
65516
65516
65516
65516
65517
65517
65517
65517
65517
65517
65517
65517
65517
65517
65517
65517
65517
65517
65517
65517
65517
65517
65517
65517
65517
65517
65517
65517
65518
65518
65518
65518
65518
65518
65518
65518
65518
65518
65518
65518
65518
65518
65518
65518
65518
65519
65519
65519
65519
65519
65519
65519
65519
65519
65519
65519
65519
65519
65519
65519
65519
65519
65519
65519
65519
65519
65519
65519
65519
65519
65519
65519
65520
65520
65520
65520
65520
65520
65520
65520
65520
65520
65520
65520
65520
65520
65520
65520
65520
65520
65520
65520
65520
65520
65520
65521
65521
65521
65521
65521
65521
65521
65521
65521
65521
65521
65521
65521
65521
65521
65521
65521
65521
65521
65521
65521
65521
65521
65521
65521
65522
65522
65522
65522
65522
65522
65522
65522
65522
65522
65522
65522
65522
65522
65522
65522
65522
65522
65522
65522
65522
65522
65523
65523
65523
65523
65523
65523
65523
65523
65523
65523
65523
65523
65523
65523
65523
65523
65523
65523
65523
65523
65523
65523
65523
65523
65523
65523
65523
65523
65523
65523
65523
65523
65524
65524
65524
65524
65524
65524
65524
65524
65524
65524
65524
65524
65524
65524
65524
65524
65524
65524
65524
65524
65524
65524
65524
65524
65524
65524
65524
65524
65524
65524
65524
65524
65524
65525
65525
65525
65525
65525
65525
65525
65525
65525
65525
65525
65525
65525
65525
65525
65525
65525
65525
65525
65525
65525
65525
65525
65525
65525
65525
65525
65525
65525
65525
65525
65525
65525
65525
65525
65525
65525
65525
65525
65525
65525
65525
65525
65525
65525
65526
65526
65526
65526
65526
65526
65526
65526
65526
65526
65526
65526
65526
65526
65526
65526
65526
65526
65526
65526
65526
65526
65526
65526
65526
65526
65526
65526
65526
65526
65526
65526
65527
65527
65527
65527
65527
65527
65527
65527
65527
65527
65527
65527
65527
65527
65527
65527
65527
65527
65527
65527
65527
65527
65527
65527
65527
65527
65527
65527
65527
65527
65527
65527
65527
65527
65527
65528
65528
65528
65528
65528
65528
65528
65528
65528
65528
65528
65528
65528
65528
65528
65528
65528
65528
65528
65528
65528
65528
65528
65528
65528
65528
65528
65528
65528
65528
65528
65528
65528
65528
65528
65528
65528
65528
65528
65528
65528
65528
65529
65529
65529
65529
65529
65529
65529
65529
65529
65529
65529
65529
65529
65529
65529
65529
65529
65529
65529
65529
65529
65529
65529
65529
65529
65529
65529
65529
65529
65529
65529
65529
65529
65529
65529
65529
65529
65529
65529
65529
65529
65529
65529
65529
65529
65529
65529
65529
65529
65529
65530
65530
65530
65530
65530
65530
65530
65530
65530
65530
65530
65530
65530
65530
65530
65530
65530
65530
65530
65530
65530
65530
65530
65530
65530
65530
65530
65530
65530
65530
65530
65530
65530
65530
65530
65530
65530
65530
65530
65530
65530
65530
65530
65530
65530
65530
65531
65531
65531
65531
65531
65531
65531
65531
65531
65531
65531
65531
65531
65531
65531
65531
65531
65531
65531
65531
65531
65531
65531
65531
65531
65531
65531
65531
65531
65531
65531
65531
65531
65531
65531
65531
65531
65531
65531
65531
65531
65531
65531
65531
65531
65531
65531
65531
65531
65531
65531
65531
65531
65531
65531
65531
65531
65532
65532
65532
65532
65532
65532
65532
65532
65532
65532
65532
65532
65532
65532
65532
65532
65532
65532
65532
65532
65532
65532
65532
65532
65532
65532
65532
65532
65532
65532
65532
65532
65532
65532
65532
65532
65532
65532
65532
65532
65532
65532
65532
65532
65532
65532
65532
65532
65532
65532
65532
65532
65532
65532
65532
65532
65532
65532
65532
65532
65532
65532
65532
65532
65532
65532
65532
65532
65532
65532
65532
65532
65533
65533
65533
65533
65533
65533
65533
65533
65533
65533
65533
65533
65533
65533
65533
65533
65533
65533
65533
65533
65533
65533
65533
65533
65533
65533
65533
65533
65533
65533
65533
65533
65533
65533
65533
65533
65533
65533
65533
65533
65533
65533
65533
65533
65533
65533
65533
65533
65533
65533
65533
65533
65533
65533
65533
65533
65533
65533
65533
65533
65533
65533
65533
65533
65533
65533
65533
65533
65533
65533
65533
65533
65533
65533
65533
65533
65533
65533
65533
65533
65533
65533
65533
65533
65533
65533
65533
65533
65533
65533
65533
65533
65533
65533
65533
65533
65533
65533
65533
65533
65533
65533
65533
65533
65533
65533
65533
65533
65533
65533
65533
65533
65533
65533
65533
65533
65533
65533
65533
65533
65533
65533
65533
65533
65533
65533
65533
65533
65533
65533
65533
65533
65533
65533
65533
65533
65533
65533
65533
65533
65533
65533
65533
65533
65533
65533
65533
65533
65533
65533
65533
65533
65533
65533
65533
65533
65533
65533
65533
65533
65533
65533
65533
65533
65533
65533
65533
65533
65533
65533
65533
65533
65533
65533
65533
65533
65533
65533
65533
65533
65533
65533
65533
65533
65533
65533
65533
65533
65533
65533
65533
65533
65533
65533
65533
65533
65533
65533
65533
65533
65533
65533
65533
65533
65533
65533
65533
65533
65533
65533
65533
65533
65533
65533
65533
65533
65533
65534
65534
65534
65534
65534
65534
65534
65534
65534
65534
65534
65534
65534
65534
65534
65534
65534
65534
65534
65534
65534
65534
65534
65534
65534
65534
65534
65534
65534
65534
65534
65534
65534
65534
65534
65534
65534
65534
65534
65534
65534
65534
65534
65534
65534
65534
65534
65534
65534
65534
65534
65534
65534
65534
65534
65534
65534
65534
65534
65534
65534
65534
65534
65534
65534
65534
65534
65534
65534
65534
65534
65534
65534
65534
65534
65534
65534
65534
65534
65534
65534
65534
65534
65534
65534
65534
65534
65534
65534
65534
65534
65534
65534
65534
65534
65534
65534
65534
65534
65534
65534
65534
65534
65534
65534
65534
65534
65534
65534
65534
65534
65534
65534
65534
65534
65534
65534
65534
65534
65534
65534
65534
65534
65534
65534
65534
65534
65534
65534
65534
65534
65534
65534
65534
65534
65534
65534
65534
65534
65534
65534
65534
65534
65534
65534
65534
65534
65534
65534
65534
65534
65534
65534
65534
65534
65534
65534
65534
65534
65534
65534
65534
65534
65534
65534
65534
65534
65534
65534
65534
65534
65534
65534
65534
65534
65534
65534
65534
65534
65534
65534
65534
65534
65534
65534
65534
65534
65534
65534
65534
65534
65534
65535
65535
65535
65535
65535
65535
65535
65535
65535
65535
65535
65535
65535
65535
65535
65535
65535
65535
65535
65535
65535
65535
65535
65535
65535
65535
65535
65535
65535
65535
65535
65535
65535
65535
65535
65535
65535
65535
65535
65535
65535
65535
65535
65535
65535
65535
65535
65535
65535
65535
65535
65535
65535
65535
65535
65535
65535
65535
65535
65535
65535
65535
65535
65535
65535
65535
65535
65535
65535
65535
65535
65535
65535
65535
65535
65535
65535
65535
65535
65535
65535
65535
65535
65535
65535
65535
65535
65535
65535
65535
65535
65535
65535
65535
65535
65535
65535
65535
65535
65535
65535
65535
65535
65535
65535
65535
65535
65535
65535
65535
65535
65535
65535
65535
65535
65535
65535
65535
65535
65535
65535
65535
65535
65535
65535
65535
65535
65535
65535
65535
65535
65535
65535
65535
65535
65535
65535
65535
65535
65535
65535
65535
65535
65535
65535
65535
65535
65535
65535
65535
65535
65535
65535
65535
65535
65535
65535
65535
65535
65535
65535
65535
65535
65535
65535
65535
65535
65535
65535
65535
65535
65535
65535
65535
65535
65535
65535
65535
65535
65535
65535
65535
65535
65535
65535
65535
65535
65535
65535
65535
65535
65535
65535
65535
65535
65535
65535
65535
65535
65535
65535
65535
65535
65535
65535
65535
65535
65535
65535
65535
65535
65535
65535
65535
65535
65535
65535
65535
65535
65535
65535
65535
65535
65535
65535
65535
65535
65535
65535
65535
65535
65535
65535
65535
65535
65535
65535
65535
65535
65535
65535
65535
65535
65535
65535
65535
65535
65535
65535
65535
65535
65535
65535
65535
65535
65535
65535
65535
65535
65535
65535
65535
65535
65535
65535
65535
65535
65535
65535
65535
65535
65535
65535
65535
65535
65535
65535
65535
65535
65535
65535
65535
65535
65535
65535
65535
65535
65535
65535
65535
65535
65535
65535
65535
65535
65535
65535
65535
65535
65535
65535
65535
65535
65535
65535
65535
65535
65535
65535
65535
65535
65535
65535
65535
65535
65535
65535
65535
65535
65535
65535
65535
65535
65535
65535
65535
65535
65535
65535
65535
65535
65535
65535
65535
65535
65535
65535
65535
65535
65535
65535
65535
65535
65535
65535
65535
65535
65535
65535
65535
65535
65535
65535
65535
65535
65535
65535
65535
65535
65535
65535
65535
65535
65535
65535
65535
65535
65535
65535
65535
65535
65535
65535
65535
65535
65535
65535
65535
65535
65535
65535
65535
65535
65535
65535
65535
65535
65535
65535
65535
65535
65535
65535
65535
65535
65535
65535
65535
65535
65535
65535
65535
65535
65535
65535
65535
65535
65535
65535
65535
65535
65535
65535
65535
65535
65535
65535
65535
65535
65535
65535
65535
65535
65535
65535
65535
65535
65535
65535
65535
65535
65535
65535
65535
65535
65535
65535
65535
65535
65535
65535
65535
65535
65535
65535
65535
65535
65535
65535
65535
65535
65535
65535
65535
65535
65535
65535
65535
65535
65535
65535
65535
65535
65535
65535
65535
65535
65535
65535
65535
65535
65535
65535
65535
65535
65535
65535
65535
65535
65535
65535
65535
65535
65535
65535
65535
65535
65535
65535
65535
65535
65535
65535
65535
65535
65535
65535
65535
65535
65535
65535
65535
65535
65535
65535
65535
65535
65535
65535
65535
65535
65535
65535
65535
65535
65535
65535
65535
65535
65535
65535
65535
65535
65535
65535
65535
65535
65535
65535
65535
65535
65535
65535
65535
65535
65535
65535
65535
65535
65535
65535
65535
65535
65535
65535
65535
65535
65535
65535
65535
65535
65535
65535
65535
65535
65535
65535
65535
65535
65535
65535
65535
65535
65535
65535
65535
65535
65535
65535
65535
65535
65535
65535
65535
65535
65535
65535
65535
65535
65535
65535
65535
65535
65535
65535
65535
65535
65535
65535
65535
65535
65535
65535
65535
65535
65535
65535
65535
65535
65535
65535
65535
65535
65535
65535
65535
65535
65535
65535
65535
65535
65535
65535
65535
65535
65535
65535
65535
65535
65535
65535
65535
65535
65535
65535
65535
65535
65535
65535
65535
65535
65535
65535
65535
65535
65535
65535
65535
65535
65535
65535
65535
65535
65535
65535
65535
65535
65535
65535
65535
65535
65535
65535
65535
65535
65535
65535
65535
65535
65535
65535
65535
65535
65535
65535
65535
65535
65535
65535
65535
65535
65535
65535
65535
65535
65535
65535
65535
65535
65535
65535
65535
65535
65535
65535
65535
65535
65535
65535
65535
65535
65535
65535
65535
65535
65535
65535
65535
65535
65535
65535
65535
65535
65535
65535
65535
65535
65535
65535
65535
65535
65535
65535
65535
65535
65535
65535
65535
65535
65535
65535
65535
65535
65535
65535
65535
65535
65535
65535
65535
65535
65535
65535
65535
65535
65535
65535
65535
65535
65535
65535
65535
65535
65535
65535
65535
65535
65535
65535
65535
65535
65535
65535
65535
65535
65535
65535
65535
65535
65535
65535
65535
65535
65535
65535
65535
65535
65535
65535
65535
65535
65535
65535
65535
65535
65535
65535
65535
65535
65535
65535
65535
65535
65535
65535
65535
65535
65535
65535
65535
65535
65535
65535
65535
65535
65535
65535
65535
65535
65535
65535
65535
65535
65535
65535
65535
65535
65535
65535
65535
65535
65535
65535
65535
65535
65535
65535
65535
65535
65535
65535
65535
65535
65535
65535
65535
65535
65535
65535
65535
65535
65535
65535
65535
65535
65535
65535
65535
65535
65535
65535
65535
65535
65535
65535
65535
65535
65535
65535
65535
65535
65535
65535
65535
65535
65535
65535
65535
65535
65535
65535
65535
65535
65535
65535
65535
65535
65535
65535
65535
65535
65535
65535
65535
65535
65535
65535
65535
65535
65535
65535
65535
65535
65535
65535
65535
65535
65535
65535
65535
65535
65535
65535
65535
65535
65535
65535
65535
65535
65535
65535
65535
65535
65535
65535
65535
65535
65535
65535
65535
65535
65535
65535
65535
65535
65535
65535
65535
65535
65535
65535
65535
65535
65535
65535
65535
65535
65535
65535
65535
65535
65535
65535
65535
65535
65535
65535
65535
65535
65535
65535
65535
65535
65535
65535
65535
65535
65535
65535
65535
65535
65535
65535
65535
65535
65535
65535
65535
65535
65535
65535
65535
65535
65535
65535
65535
65535
65535
65535
65535
65535
65535
65535
65535
65535
65535
65535
65535
65535
65535
65535
65535
65535
65535
65535
65535
65535
65535
65535
65535
65535
65535
65535
65535
65535
65535
65535
65535
65535
65535
65535
65535
65535
65535
65535
65535
65535
65535
65535
65535
65535
65535
65535
65535
65535
65535
65535
65535
65535
65535
65535
65535
65535
65535
65535
65535
65535
65535
65535
65535
65535
65535
65535
65535
65535
65535
65535
65535
65535
65535
65535
65535
65535
65535
65535
65535
65535
65535
65535
65535
65535
65535
65535
65535
65535
65535
65535
65535
65535
65535
65535
65535
65535
65535
65535
65535
65535
65535
65535
65535
65535
65535
65535
65535
65535
65535
65535
65535
65535
65535
65535
65535
65535
65535
65535
65535
65535
65535
65535
65535
65535
65535
65535
65535
65535
65535
65535
65535
65535
65535
65535
65535
65535
65535
65535
65535
65535
65535
65535
65535
65535
65535
65535
65535
65535
65535
65535
65535
65535
65535
65535
65535
65535
65535
65535
65535
65535
65535
65535
65535
65535
65535
65535
65535
65535
65535
65535
65535
65535
65535
65535
65535
65535
65535
65535
65535
65535
65535
65535
65535
65535
65535
65535
65535
65535
65535
65535
65535
65535
65535
65535
65535
65535
65535
65535
65535
65535
65535
65535
65535
65535
65535
65535
65535
65535
65535
65535
65535
65535
65535
65535
65535
65535
65535
65535
65535
65535
65535
65535
65535
65535
65535
65535
65535
65535
65535
65535
65535
65535
65535
65535
65535
65535
65535
65535
65535
65535
65535
65535
65535
65535
65535
65535
65535
65535
65535
65535
65535
65535
65535
65535
65535
65535
65535
65535
65535
65535
65535
65535
65535
65535
65535
65535
65535
65535
65535
65535
65535
65535
65535
65535
65535
65535
65535
65535
65535
65535
65535
65535
65535
65535
65535
65535
65535
65535
65535
65535
65535
65535
65535
65535
65535
65535
65535
65535
65535
65535
65535
65535
65535
65535
65535
65535
65535
65535
65535
65535
65535
65535
65535
65535
65535
65535
65535
65535
65535
65535
65535
65535
65535
65535
65535
65535
65535
65535
65535
65535
65535
65535
65535
65535
65535
65535
65535
65535
65535
65535
65535
65535
65535
65535
65535
65535
65535
65535
65535
65535
65535
65535
65535
65535
65535
65535
65535
65535
65535
65535
65535
65535
65535
65535
65535
65535
65535
65535
65535
65535
65535
65535
65535
65535
65535
65535
65535
65535
65535
65535
65535
65535
65535
65535
65535
65535
65535
65535
65535
65535
65535
65535
65535
65535
65535
65535
65535
65535
65535
65535
65535
65535
65535
65535
65535
65535
65535
65535
65535
65535
65535
65535
65535
65535
65535
65535
65535
65535
65535
65535
65535
65535
65535
65535
65535
65535
65535
65535
65535
65535
65535
65535
65535
65535
65535
65535
65535
65535
65535
65535
65535
65535
65535
65535
65535
65535
65535
65535
65535
65535
65535
65535
65535
65535
65535
65535
65535
65535
65535
65535
65535
65535
65535
65535
65535
65535
65535
65535
65535
65535
65535
65535
65535
65535
65535
65535
65535
65535
65535
65535
65535
65535
65535
65535
65535
65535
65535
65535
65535
65535
65535
65535
65535
65535
65535
65535
65535
65535
65535
65535
65535
65535
65535
65535
65535
65535
65535
65535
65535
65535
65535
65535
65535
65535
65535
65535
65535
65535
65535
65535
65535
65535
65535
65535
65535
65535
65535
65535
65535
65535
65535
65535
65535
65535
65535
65535
65535
65535
65535
65535
65535
65535
65535
65535
65535
65535
65535
65535
65535
65535
65535
65535
65535
65535
65535
65535
65535
65535
65535
65535
65535
65535
65535
65535
65535
65535
65535
65535
65535
65535
65535
65535
65535
65535
65535
65535
65535
65535
65535
65535
65535
65535
65535
65535
65535
65535
65535
65535
65535
65535
65535
65535
65535
65535
65535
65535
65535
65535
65535
65535
65535
65535
65535
65535
65535
65535
65535
65535
65535
65535
65535
65535
65535
65535
65535
65535
65535
65535
65535
65535
65535
65535
65535
65535
65535
65535
65535
65535
65535
65535
65535
65535
65535
65535
65535
65535
65535
65535
65535
65535
65535
65535
65535
65535
65535
65535
65535
65535
65535
65535
65535
65535
65535
65535
65535
65535
65535
65535
65535
65535
65535
65535
65535
65535
65535
65535
65535
65535
65535
65535
65535
65535
65535
65535
65535
65535
65535
65535
65535
65535
65535
65535
65535
65535
65535
65535
65535
65535
65535
65535
65535
65535
65535
65535
65535
65535
65535
65535
65535
65535
65535
65535
65535
65535
65535
65535
65535
65535
65535
65535
65535
65535
65535
65535
65535
65535
65535
65535
65535
65535
65535
65535
65535
65535
65535
65535
65535
65535
65535
65535
65535
65535
65535
65535
65535
65535
65535
65535
65535
65535
65535
65535
65535
65535
65535
65535
65535
65535
65535
65535
65535
65535
65535
65535
65535
65535
65535
65535
65535
65535
65535
65535
65535
65535
65535
65535
65535
65535
65535
65535
65535
65535
65535
65535
65535
65535
65535
65535
65535
65535
65535
65535
65535
65535
65535
65535
65535
65535
65535
65535
65535
65535
65535
65535
65535
65535
65535
65535
65535
65535
65535
65535
65535
65535
65535
65535
65535
65535
65535
65535
65535
65535
65535
65535
65535
65535
65535
65535
65535
65535
65535
65535
65535
65535
65535
65535
65535
65535
65535
65535
65535
65535
65535
65535
65535
65535
65535
65535
65535
65535
65535
65535
65535
65535
65535
65535
65535
65535
65535
65535
65535
65535
65535
65535
65535
65535
65535
65535
65535
65535
65535
65535
65535
65535
65535
65535
65535
65535
65535
65535
65535
65535
65535
65535
65535
65535
65535
65535
65535
65535
65535
65535
65535
65535
65535
65535
65535
65535
65535
65535
65535
65535
65535
65535
65535
65535
65535
65535
65535
65535
65535
65535
65535
65535
65535
65535
65535
65535
65535
65535
65535
65535
65535
65535
65535
65535
65535
65535
65535
65535
65535
65535
65535
65535
65535
65535
65535
65535
65535
65535
65535
65535
65535
65535
65535
65535
65535
65535
65535
65535
65535
65535
65535
65535
65535
65535
65535
65535
65535
65535
65535
65535
65535
65535
65535
65535
65535
65535
65535
65535
65535
65535
65535
65535
65535
65535
65535
65535
65535
65535
65535
65535
65535
65535
65535
65535
65535
65535
65535
65535
65535
65535
65535
65535
65535
65535
65535
65535
65535
65535
65535
65535
65535
65535
65535
65535
65535
65535
65535
65535
65535
65535
65535
65535
65535
65535
65535
65535
65535
65535
65535
65535
65535
65535
65535
65535
65535
65535
65535
65535
65535
65535
65535
65535
65535
65535
65535
65535
65535
65535
65535
65535
65535
65535
65535
65535
65535
65535
65535
65535
65535
65535
65535
65535
65535
65535
65535
65535
65535
65535
65535
65535
65535
65535
65535
65535
65535
65535
65535
65535
65535
65535
65535
65535
65535
65535
65535
65535
65535
65535
65535
65535
65535
65535
65535
65535
65535
65535
65535
65535
65535
65535
65535
65535
65535
65535
65535
65535
65535
65535
65535
65535
65535
65535
65535
65535
65535
65535
65535
65535
65535
65535
65535
65535
65535
65535
65535
65535
65535
65535
65535
65535
65535
65535
65535
65535
65535
65535
65535
65535
65535
65535
65535
65535
65535
65535
65535
65535
65535
65535
65535
65535
65535
65535
65535
65535
65535
65535
65535
65535
65535
65535
65535
65535
65535
65535
65535
65535
65535
65535
65535
65535
65535
65535
65535
65535
65535
65535
65535
65535
65535
65535
65535
65535
65535
65535
65535
65535
65535
65535
65535
65535
65535
65535
65535
65535
65535
65535
65535
65535
65535
65535
65535
65535
65535
65535
65535
65535
65535
65535
65535
65535
65535
65535
65535
65535
65535
65535
65535
65535
65535
65535
65535
65535
65535
65535
65535
65535
65535
65535
65535
65535
65535
65535
65535
65535
65535
65535
65535
65535
65535
65535
65535
65535
65535
65535
65535
65535
65535
65535
65535
65535
65535
65535
65535
65535
65535
65535
65535
65535
65535
65535
65535
65535
65535
65535
65535
65535
65535
65535
65535
65535
65535
65535
65535
65535
65535
65535
65535
65535
65535
65535
65535
65535
65535
65535
65535
65535
65535
65535
65535
65535
65535
65535
65535
65535
65535
65535
65535
65535
65535
65535
65535
65535
65535
65535
65535
65535
65535
65535
65535
65535
65535
65535
65535
65535
65535
65535
65535
65535
65535
65535
65535
65535
65535
65535
65535
65535
65535
65535
65535
65535
65535
65535
65535
65535
65535
65535
65535
65535
65535
65535
65535
65535
65535
65535
65535
65535
65535
65535
65535
65535
65535
65535
65535
65535
65535
65535
65535
65535
65535
65535
65535
65535
65535
65535
65535
65535
65535
65535
65535
65535
65535
65535
65535
65535
65535
65535
65535
65535
65535
65535
65535
65535
65535
65535
65535
65535
65535
65535
65535
65535
65535
65535
65535
65535
65535
65535
65535
65535
65535
65535
65535
65535
65535
65535
65535
65535
65535
65535
65535
65535
65535
65535
65535
65535
65535
65535
65535
65535
65535
65535
65535
65535
65535
65535
65535
65535
65535
65535
65535
65535
65535
65535
65535
65535
65535
65535
65535
65535
65535
65535
65535
65535
65535
65535
65535
65535
65535
65535
65535
65535
65535
65535
65535
65535
65535
65535
65535
65535
65535
65535
65535
65535
65535
65535
65535
65535
65535
65535
65535
65535
65535
65535
65535
65535
65535
65535
65535
65535
65535
65535
65535
65535
65535
65535
65535
65535
65535
65535
65535
65535
65535
65535
65535
65535
65535
65535
65535
65535
65535
65535
65535
65535
65535
65535
65535
65535
65535
65535
65535
65535
65535
65535
65535
65535
65535
65535
65535
65535
65535
65535
65535
65535
65535
65535
65535
65535
65535
65535
65535
65535
65535
65535
65535
65535
65535
65535
65535
65535
65535
65535
65535
65535
65535
65535
65535
65535
65535
65535
65535
65535
65535
65535
65535
65535
65535
65535
65535
65535
65535
65535
65535
65535
65535
65535
65535
65535
65535
65535
65535
65535
65535
65535
65535
65535
65535
65535
65535
65535
65535
65535
65535
65535
65535
65535
65535
65535
65535
65535
65535
65535
65535
65535
65535
65535
65535
65535
65535
65535
65535
65535
65535
65535
65535
65535
65535
65535
65535
65535
65535
65535
65535
65535
65535
65535
65535
65535
65535
65535
65535
65535
65535
65535
65535
65535
65535
65535
65535
65535
65535
65535
65535
65535
65535
65535
65535
65535
65535
65535
65535
65535
65535
65535
65535
65535
65535
65535
65535
65535
65535
65535
65535
65535
65535
65535
65535
65535
65535
65535
65535
65535
65535
65535
65535
65535
65535
65535
65535
65535
65535
65535
65535
65535
65535
65535
65535
65535
65535
65535
65535
65535
65535
65535
65535
65535
65535
65535
65535
65535
65535
65535
65535
65535
65535
65535
65535
65535
65535
65535
65535
65535
65535
65535
65535
65535
65535
65535
65535
65535
65535
65535
65535
65535
65535
65535
65535
65535
65535
65535
65535
65535
65535
65535
65535
65535
65535
65535
65535
65535
65535
65535
65535
65535
65535
65535
65535
65535
65535
65535
65535
65535
65535
65535
65535
65535
65535
65535
65535
65535
65535
65535
65535
65535
65535
65535
65535
65535
65535
65535
65535
65535
65535
65535
65535
65535
65535
65535
65535
65535
65535
65535
65535
65535
65535
65535
65535
65535
65535
65535
65535
65535
65535
65535
65535
65535
65535
65535
65535
65535
65535
65535
65535
65535
65535
65535
65535
65535
65535
65535
65535
65535
65535
65535
65535
65535
65535
65535
65535
65535
65535
65535
65535
65535
65535
65535
65535
65535
65535
65535
65535
65535
65535
65535
65535
65535
65535
65535
65535
65535
65535
65535
65535
65535
65535
65535
65535
65535
65535
65535
65535
65535
65535
65535
65535
65535
65535
65535
65535
65535
65535
65535
65535
65535
65535
65535
65535
65535
65535
65535
65535
65535
65535
65535
65535
65535
65535
65535
65535
65535
65535
65535
65535
65535
65535
65535
65535
65535
65535
65535
65535
65535
65535
65535
65535
65535
65535
65535
65535
65535
65535
65535
65535
65535
65535
65535
65535
65535
65535
65535
65535
65535
65535
65535
65535
65535
65535
65535
65535
65535
65535
65535
65535
65535
65535
65535
65535
65535
65535
65535
65535
65535
65535
65535
65535
65535
65535
65535
65535
65535
65535
65535
65535
65535
65535
65535
65535
65535
65535
65535
65535
65535
65535
65535
65535
65535
65535
65535
65535
65535
65535
65535
65535
65535
65535
65535
65535
65535
65535
65535
65535
65535
65535
65535
65535
65535
65535
65535
65535
65535
65535
65535
65535
65535
65535
65535
65535
65535
65535
65535
65535
65535
65535
65535
65535
65535
65535
65535
65535
65535
65535
65535
65535
65535
65535
65535
65535
65535
65535
65535
65535
65535
65535
65535
65535
65535
65535
65535
65535
65535
65535
65535
65535
65535
65535
65535
65535
65535
65535
65535
65535
65535
65535
65535
65535
65535
65535
65535
65535
65535
65535
65535
65535
65535
65535
65535
65535
65535
65535
65535
65535
65535
65535
65535
65535
65535
65535
65535
65535
65535
65535
65535
65535
65535
65535
65535
65535
65535
65535
65535
65535
65535
65535
65535
65535
65535
65535
65535
65535
65535
65535
65535
65535
65535
65535
65535
65535
65535
65535
65535
65535
65535
65535
65535
65535
65535
65535
65535
65535
65535
65535
65535
65535
65535
65535
65535
65535
65535
65535
65535
65535
65535
65535
65535
65535
65535
65535
65535
65535
65535
65535
65535
65535
65535
65535
65535
65535
65535
65535
65535
65535
65535
65535
65535
65535
65535
65535
65535
65535
65535
65535
65535
65535
65535
65535
65535
65535
65535
65535
65535
65535
65535
65535
65535
65535
65535
65535
65535
65535
65535
65535
65535
65535
65535
65535
65535
65535
65535
65535
65535
65535
65535
65535
65535
65535
65535
65535
65535
65535
65535
65535
65535
65535
65535
65535
65535
65535
65535
65535
65535
65535
65535
65535
65535
65535
65535
65535
65535
65535
65535
65535
65535
65535
65535
65535
65535
65535
65535
65535
65535
65535
65535
65535
65535
65535
65535
65535
65535
65535
65535
65535
65535
65535
65535
65535
65535
65535
65535
65535
65535
65535
65535
65535
65535
65535
65535
65535
65535
65535
65535
65535
65535
65535
65535
65535
65535
65535
65535
65535
65535
65535
65535
65535
65535
65535
65535
65535
65535
65535
65535
65535
65535
65535
65535
65535
65535
65535
65535
65535
65535
65535
65535
65535
65535
65535
65535
65535
65535
65535
65535
65535
65535
65535
65535
65535
65535
65535
65535
65535
65535
65535
65535
65535
65535
65535
65535
65535
65535
65535
65535
65535
65535
65535
65535
65535
65535
65535
65535
65535
65535
65535
65535
65535
65535
65535
65535
65535
65535
65535
65535
65535
65535
65535
65535
65535
65535
65535
65535
65535
65535
65535
65535
65535
65535
65535
65535
65535
65535
65535
65535
65535
65535
65535
65535
65535
65535
65535
65535
65535
65535
65535
65535
65535
65535
65535
65535
65535
65535
65535
65535
65535
65535
65535
65535
65535
65535
65535
65535
65535
65535
65535
65535
65535
65535
65535
65535
65535
65535
65535
65535
65535
65535
65535
65535
65535
65535
65535
65535
65535
65535
65535
65535
65535
65535
65535
65535
65535
65535
65535
65535
65535
65535
65535
65535
65535
65535
65535
65535
65535
65535
65535
65535
65535
65535
65535
65535
65535
65535
65535
65535
65535
65535
65535
65535
65535
65535
65535
65535
65535
65535
65535
65535
65535
65535
65535
65535
65535
65535
65535
65535
65535
65535
65535
65535
65535
65535
65535
65535
65535
65535
65535
65535
65535
65535
65535
65535
65535
65535
65535
65535
65535
65535
65535
65535
65535
65535
65535
65535
65535
65535
65535
65535
65535
65535
65535
65535
65535
65535
65535
65535
65535
65535
65535
65535
65535
65535
65535
65535
65535
65535
65535
65535
65535
65535
65535
65535
65535
65535
65535
65535
65535
65535
65535
65535
65535
65535
65535
65535
65535
65535
65535
65535
65535
65535
65535
65535
65535
65535
65535
65535
65535
65535
65535
65535
65535
65535
65535
65535
65535
65535
65535
65535
65535
65535
65535
65535
65535
65535
65535
65535
65535
65535
65535
65535
65535
65535
65535
65535
65535
65535
65535
65535
65535
65535
65535
65535
65535
65535
65535
65535
65535
65535
65535
65535
65535
65535
65535
65535
65535
65535
65535
65535
65535
65535
65535
65535
65535
65535
65535
65535
65535
65535
65535
65535
65535
65535
65535
65535
65535
65535
65535
65535
65535
65535
65535
65535
65535
65535
65535
65535
65535
65535
65535
65535
65535
65535
65535
65535
65535
65535
65535
65535
65535
65535
65535
65535
65535
65535
65535
65535
65535
65535
65535
65535
65535
65535
65535
65535
65535
65535
65535
65535
65535
65535
65535
65535
65535
65535
65535
65535
65535
65535
65535
65535
65535
65535
65535
65535
65535
65535
65535
65535
65535
65535
65535
65535
65535
65535
65535
65535
65535
65535
65535
65535
65535
65535
65535
65535
65535
65535
65535
65535
65535
65535
65535
65535
65535
65535
65535
65535
65535
65535
65535
65535
65535
65535
65535
65535
65535
65535
65535
65535
65535
65535
65535
65535
65535
65535
65535
65535
65535
65535
65535
65535
65535
65535
65535
65535
65535
65535
65535
65535
65535
65535
65535
65535
65535
65535
65535
65535
65535
65535
65535
65535
65535
65535
65535
65535
65535
65535
65535
65535
65535
65535
65535
65535
65535
65535
65535
65535
65535
65535
65535
65535
65535
65535
65535
65535
65535
65535
65535
65535
65535
65535
65535
65535
65535
65535
65535
65535
65535
65535
65535
65535
65535
65535
65535
65535
65535
65535
65535
65535
65535
65535
65535
65535
65535
65535
65535
65535
65535
65535
65535
65535
65535
65535
65535
65535
65535
65535
65535
65535
65535
65535
65535
65535
65535
65535
65535
65535
65535
65535
65535
65535
65535
65535
65535
65535
65535
65535
65535
65535
65535
65535
65535
65535
65535
65535
65535
65535
65535
65535
65535
65535
65535
65535
65535
65535
65535
65535
65535
65535
65535
65535
65535
65535
65535
65535
65535
65535
65535
65535
65535
65535
65535
65535
65535
65535
65535
65535
65535
65535
65535
65535
65535
65535
65535
65535
65535
65535
65535
65535
65535
65535
65535
65535
65535
65535
65535
65535
65535
65535
65535
65535
65535
65535
65535
65535
65535
65535
65535
65535
65535
65535
65535
65535
65535
65535
65535
65535
65535
65535
65535
65535
65535
65535
65535
65535
65535
65535
65535
65535
65535
65535
65535
65535
65535
65535
65535
65535
65535
65535
65535
65535
65535
65535
65535
65535
65535
65535
65535
65535
65535
65535
65535
65535
65535
65535
65535
65535
65535
65535
65535
65535
65535
65535
65535
65535
65535
65535
65535
65535
65535
65535
65535
65535
65535
65535
65535
65535
65535
65535
65535
65535
65535
65535
65535
65535
65535
65535
65535
65535
65535
65535
65535
65535
65535
65535
65535
65535
65535
65535
65535
65535
65535
65535
65535
65535
65535
65535
65535
65535
65535
65535
65535
65535
65535
65535
65535
65535
65535
65535
65535
65535
65535
65535
65535
65535
65535
65535
65535
65535
65535
65535
65535
65535
65535
65535
65535
65535
65535
65535
65535
65535
65535
65535
65535
65535
65535
65535
65535
65535
65535
65535
65535
65535
65535
65535
65535
65535
65535
65535
65535
65535
65535
65535
65535
65535
65535
65535
65535
65535
65535
65535
65535
65535
65535
65535
65535
65535
65535
65535
65535
65535
65535
65535
65535
65535
65535
65535
65535
65535
65535
65535
65535
65535
65535
65535
65535
65535
65535
65535
65535
65535
65535
65535
65535
65535
65535
65535
65535
65535
65535
65535
65535
65535
65535
65535
65535
65535
65535
65535
65535
65535
65535
65535
65535
65535
65535
65535
65535
65535
65535
65535
65535
65535
65535
65535
65535
65535
65535
65535
65535
65535
65535
65535
65535
65535
65535
65535
65535
65535
65535
65535
65535
65535
65535
65535
65535
65535
65535
65535
65535
65535
65535
65535
65535
65535
65535
65535
65535
65535
65535
65535
65535
65535
65535
65535
65535
65535
65535
65535
65535
65535
65535
65535
65535
65535
65535
65535
65535
65535
65535
65535
65535
65535
65535
65535
65535
65535
65535
65535
65535
65535
65535
65535
65535
65535
65535
65535
65535
65535
65535
65535
65535
65535
65535
65535
65535
65535
65535
65535
65535
65535
65535
65535
65535
65535
65535
65535
65535
65535
65535
65535
65535
65535
65535
65535
65535
65535
65535
65535
65535
65535
65535
65535
65535
65535
65535
65535
65535
65535
65535
65535
65535
65535
65535
65535
65535
65535
65535
65535
65535
65535
65535
65535
65535
65535
65535
65535
65535
65535
65535
65535
65535
65535
65535
65535
65535
65535
65535
65535
65535
65535
65535
65535
65535
65535
65535
65535
65535
65535
65535
65535
65535
65535
65535
65535
65535
65535
65535
65535
65535
65535
65535
65535
65535
65535
65535
65535
65535
65535
65535
65535
65535
65535
65535
65535
65535
65535
65535
65535
65535
65535
65535
65535
65535
65535
65535
65535
65535
65535
65535
65535
65535
65535
65535
65535
65535
65535
65535
65535
65535
65535
65535
65535
65535
65535
65535
65535
65535
65535
65535
65535
65535
65535
65535
65535
65535
65535
65535
65535
65535
65535
65535
65535
65535
65535
65535
65535
65535
65535
65535
65535
65535
65535
65535
65535
65535
65535
65535
65535
65535
65535
65535
65535
65535
65535
65535
65535
65535
65535
65535
65535
65535
65535
65535
65535
65535
65535
65535
65535
65535
65535
65535
65535
65535
65535
65535
65535
65535
65535
65535
65535
65535
65535
65535
65535
65535
65535
65535
65535
65535
65535
65535
65535
65535
65535
65535
65535
65535
65535
65535
65535
65535
65535
65535
65535
65535
65535
65535
65535
65535
65535
65535
65535
65535
65535
65535
65535
65535
65535
65535
65535
65535
65535
65535
65535
65535
65535
65535
65535
65535
65535
65535
65535
65535
65535
65535
65535
65535
65535
65535
65535
65535
65535
65535
65535
65535
65535
65535
65535
65535
65535
65535
65535
65535
65535
65535
65535
65535
65535
65535
65535
65535
65535
65535
65535
65535
65535
65535
65535
65535
65535
65535
65535
65535
65535
65535
65535
65535
65535
65535
65535
65535
65535
65535
65535
65535
65535
65535
65535
65535
65535
65535
65535
65535
65535
65535
65535
65535
65535
65535
65535
65535
65535
65535
65535
65535
65535
65535
65535
65535
65535
65535
65535
65535
65535
65535
65535
65535
65535
65535
65535
65535
65535
65535
65535
65535
65535
65535
65535
65535
65535
65535
65535
65535
65535
65535
65535
65535
65535
65535
65535
65535
65535
65535
65535
65535
65535
65535
65535
65535
65535
65535
65535
65535
65535
65535
65535
65535
65535
65535
65535
65535
65535
65535
65535
65535
65535
65535
65535
65535
65535
65535
65535
65535
65535
65535
65535
65535
65535
65535
65535
65535
65535
65535
65535
65535
65535
65535
65535
65535
65535
65535
65535
65535
65535
65535
65535
65535
65535
65535
65535
65535
65535
65535
65535
65535
65535
65535
65535
65535
65535
65535
65535
65535
65535
65535
65535
65535
65535
65535
65535
65535
65535
65535
65535
65535
65535
65535
65535
65535
65535
65535
65535
65535
65535
65535
65535
65535
65535
65535
65535
65535