0
0
0
0
0
0
0
0
0
0
0
0
0
0
0
0
0
0
0
0
0
0
0
0
0
0
0
0
0
0
0
0
0
0
0
0
0
0
0
0
0
0
0
0
0
0
0
0
0
0
0
0
0
0
0
0
0
0
0
0
0
0
0
0
0
0
0
0
0
0
0
0
0
0
0
0
0
0
0
0
0
0
0
0
0
0
0
0
0
0
0
0
0
0
0
0
0
0
0
0
0
0
0
0
0
0
0
0
0
0
0
0
0
0
0
0
0
0
0
0
0
0
0
0
0
0
0
0
0
0
0
0
0
0
0
0
0
0
0
0
0
0
0
0
0
0
0
0
0
0
0
0
0
0
0
0
0
0
0
0
0
0
0
0
0
0
0
0
0
0
0
0
0
0
0
0
0
0
0
0
0
0
0
0
0
0
0
0
0
0
0
0
0
0
0
12
24
36
49
100
151
202
253
310
367
424
481
537
593
648
704
758
812
866
919
974
1029
1084
1139
1193
1248
1302
1356
1410
1465
1519
1573
1627
1680
1734
1788
1842
1897
1952
2006
2062
2117
2172
2227
2281
2336
2390
2444
2497
2550
2603
2656
2709
2763
2816
2869
2922
2975
3027
3080
3133
3187
3240
3294
3346
3398
3450
3502
3554
3605
3656
3708
3760
3812
3864
3916
3968
4020
4071
4123
4173
4223
4273
4323
4374
4425
4476
4528
4578
4628
4679
4729
4780
4830
4881
4932
4981
5031
5081
5131
5181
5231
5281
5331
5382
5432
5482
5533
5584
5635
5686
5737
5787
5837
5887
5937
5987
6038
6089
6140
6189
6238
6288
6337
6387
6436
6486
6536
6584
6631
6679
6727
6775
6824
6872
6921
6970
7018
7067
7116
7163
7211
7258
7306
7352
7399
7446
7493
7540
7587
7634
7681
7727
7773
7819
7865
7911
7957
8003
8049
8093
8138
8183
8228
8273
8318
8363
8408
8454
8500
8546
8592
8637
8683
8728
8773
8817
8861
8906
8950
8994
9038
9082
9126
9169
9213
9256
9299
9342
9385
9429
9472
9513
9554
9595
9636
9678
9719
9761
9802
9844
9886
9927
9969
10010
10051
10092
10133
10173
10214
10254
10294
10334
10374
10413
10453
10492
10531
10571
10610
10650
10689
10729
10769
10808
10846
10885
10924
10962
11001
11040
11078
11118
11158
11199
11239
11278
11317
11356
11396
11434
11472
11510
11548
11587
11626
11664
11703
11741
11778
11816
11854
11893
11931
11969
12008
12045
12082
12119
12156
12193
12231
12268
12306
12344
12382
12420
12459
12496
12533
12571
12608
12646
12683
12721
12759
12796
12834
12871
12909
12947
12985
13023
13061
13100
13138
13177
13215
13254
13292
13330
13368
13408
13448
13488
13528
13570
13612
13654
13696
13739
13782
13825
13869
13912
13955
13999
14042
14088
14134
14180
14225
14272
14318
14364
14410
14459
14508
14557
14605
14654
14703
14752
14801
14852
14902
14953
15004
15056
15109
15161
15214
15266
15319
15371
15424
15475
15527
15579
15630
15682
15733
15785
15837
15889
15942
15995
16047
16101
16154
16207
16261
16312
16363
16414
16466
16517
16568
16620
16671
16724
16777
16830
16883
16933
16984
17034
17085
17133
17181
17230
17278
17326
17374
17422
17470
17516
17562
17608
17653
17700
17746
17792
17838
17882
17925
17969
18013
18056
18099
18143
18186
18229
18271
18314
18357
18398
18439
18480
18521
18559
18598
18637
18676
18714
18752
18789
18827
18866
18904
18942
18981
19019
19056
19094
19132
19168
19204
19241
19277
19313
19349
19385
19421
19458
19494
19531
19568
19604
19640
19676
19711
19746
19781
19815
19850
19884
19919
19954
19988
20022
20056
20090
20123
20157
20191
20225
20258
20290
20322
20355
20387
20419
20451
20483
20515
20547
20580
20612
20645
20676
20708
20739
20771
20801
20831
20862
20892
20922
20953
20984
21014
21044
21074
21104
21135
21165
21195
21225
21255
21284
21314
21343
21373
21402
21432
21461
21490
21521
21552
21582
21613
21643
21672
21702
21732
21761
21789
21818
21847
21876
21905
21934
21963
21991
22019
22047
22075
22103
22132
22160
22189
22216
22243
22271
22298
22325
22353
22381
22408
22437
22465
22494
22522
22549
22577
22604
22631
22658
22684
22711
22738
22765
22793
22820
22847
22875
22902
22929
22956
22982
23009
23036
23062
23088
23115
23141
23167
23194
23221
23248
23275
23303
23331
23359
23386
23413
23440
23467
23494
23521
23548
23576
23603
23630
23657
23684
23711
23737
23763
23789
23815
23841
23868
23894
23921
23947
23972
23998
24023
24049
24074
24099
24125
24151
24177
24203
24229
24254
24279
24304
24329
24354
24378
24402
24426
24451
24476
24501
24525
24550
24574
24599
24624
24648
24672
24697
24721
24745
24770
24794
24818
24842
24866
24890
24915
24939
24964
24988
25013
25037
25061
25084
25108
25132
25156
25179
25203
25227
25251
25275
25299
25322
25346
25369
25392
25416
25440
25464
25487
25510
25533
25556
25579
25603
25626
25649
25672
25696
25719
25742
25766
25789
25812
25835
25858
25880
25903
25925
25948
25971
25993
26016
26039
26061
26083
26105
26128
26150
26173
26195
26218
26240
26262
26284
26306
26328
26351
26374
26397
26420
26443
26466
26489
26511
26533
26556
26578
26600
26623
26645
26667
26689
26712
26734
26757
26779
26800
26822
26844
26867
26889
26912
26934
26956
26977
26999
27021
27042
27064
27086
27107
27130
27152
27174
27197
27218
27240
27261
27282
27303
27324
27346
27367
27388
27410
27432
27453
27474
27495
27517
27538
27559
27580
27601
27622
27643
27664
27686
27707
27728
27750
27771
27792
27815
27837
27859
27881
27903
27925
27947
27968
27990
28012
28033
28055
28077
28099
28120
28142
28163
28184
28205
28226
28248
28269
28290
28312
28332
28353
28374
28395
28416
28437
28458
28479
28501
28522
28544
28565
28586
28607
28628
28649
28670
28691
28712
28733
28754
28774
28794
28815
28835
28855
28875
28895
28916
28936
28957
28977
28997
29018
29038
29058
29078
29099
29119
29139
29160
29182
29203
29224
29245
29266
29288
29309
29329
29350
29371
29392
29413
29434
29455
29476
29496
29516
29536
29556
29577
29598
29618
29639
29659
29679
29700
29720
29740
29761
29781
29801
29822
29842
29863
29884
29904
29924
29944
29965
29984
30004
30024
30043
30063
30082
30102
30121
30141
30161
30181
30200
30220
30240
30260
30279
30299
30319
30338
30358
30378
30398
30417
30437
30458
30479
30499
30520
30540
30561
30581
30601
30620
30640
30659
30679
30699
30719
30738
30758
30777
30797
30816
30836
30856
30876
30896
30916
30935
30955
30975
30995
31015
31034
31054
31074
31094
31114
31134
31154
31174
31193
31213
31232
31251
31270
31288
31307
31326
31345
31364
31383
31403
31422
31441
31460
31479
31498
31517
31536
31555
31573
31592
31611
31630
31648
31667
31686
31706
31726
31746
31766
31785
31805
31824
31844
31863
31882
31902
31921
31940
31960
31979
31998
32017
32037
32056
32075
32094
32114
32133
32153
32172
32191
32210
32229
32248
32267
32286
32305
32325
32344
32364
32383
32402
32421
32439
32458
32476
32495
32513
32531
32550
32568
32587
32606
32624
32643
32662
32681
32699
32718
32737
32755
32774
32793
32811
32830
32849
32868
32887
32906
32925
32945
32965
32984
33003
33022
33041
33060
33079
33098
33116
33135
33154
33173
33192
33211
33229
33248
33267
33285
33304
33323
33342
33362
33380
33399
33418
33437
33455
33474
33493
33511
33530
33549
33569
33588
33606
33625
33644
33663
33681
33700
33718
33737
33756
33774
33793
33812
33831
33849
33867
33886
33904
33922
33941
33959
33977
33995
34013
34031
34050
34068
34087
34105
34124
34143
34162
34181
34199
34218
34236
34255
34273
34292
34310
34329
34348
34367
34386
34405
34423
34442
34461
34480
34499
34518
34537
34556
34574
34592
34610
34629
34647
34665
34683
34701
34720
34738
34757
34776
34794
34812
34830
34849
34867
34885
34903
34921
34939
34957
34975
34993
35011
35029
35048
35066
35084
35102
35121
35139
35157
35175
35193
35211
35229
35247
35266
35284
35303
35321
35340
35359
35377
35395
35414
35432
35450
35469
35487
35505
35524
35542
35561
35580
35598
35616
35634
35652
35671
35689
35708
35727
35744
35762
35780
35797
35816
35834
35852
35870
35889
35908
35926
35945
35963
35981
36000
36018
36035
36053
36071
36089
36107
36125
36143
36161
36179
36196
36214
36232
36250
36268
36287
36305
36322
36340
36358
36375
36393
36411
36428
36446
36464
36483
36501
36520
36538
36557
36575
36594
36612
36630
36648
36667
36685
36703
36722
36740
36758
36776
36794
36812
36831
36849
36868
36886
36904
36922
36940
36958
36976
36993
37011
37029
37048
37066
37085
37103
37121
37139
37157
37175
37192
37210
37228
37246
37264
37282
37299
37317
37335
37353
37371
37388
37406
37425
37443
37461
37479
37497
37515
37533
37551
37569
37587
37605
37624
37642
37661
37680
37698
37716
37735
37753
37772
37790
37808
37827
37845
37863
37882
37900
37918
37936
37953
37971
37989
38008
38026
38044
38061
38079
38097
38114
38132
38150
38168
38186
38205
38223
38242
38261
38278
38296
38314
38332
38350
38368
38386
38404
38421
38439
38456
38474
38491
38509
38526
38544
38562
38579
38597
38614
38632
38650
38667
38685
38703
38721
38739
38757
38775
38794
38812
38830
38849
38867
38886
38904
38922
38940
38958
38976
38995
39013
39031
39049
39067
39084
39102
39120
39138
39156
39175
39193
39211
39229
39247
39265
39282
39300
39318
39335
39354
39372
39390
39408
39426
39445
39463
39481
39498
39516
39534
39552
39569
39586
39604
39621
39639
39657
39675
39693
39711
39729
39746
39764
39782
39800
39817
39835
39852
39870
39888
39905
39924
39942
39960
39979
39997
40015
40033
40051
40069
40087
40105
40124
40142
40160
40178
40197
40215
40233
40250
40268
40286
40305
40323
40341
40359
40376
40394
40412
40430
40448
40466
40484
40502
40521
40539
40558
40576
40594
40612
40630
40648
40666
40684
40702
40720
40737
40755
40773
40791
40808
40826
40844
40862
40880
40898
40916
40933
40951
40968
40986
41003
41021
41038
41056
41075
41093
41112
41130
41149
41167
41185
41204
41221
41239
41257
41275
41293
41312
41330
41348
41366
41383
41401
41419
41437
41456
41474
41492
41510
41528
41546
41564
41582
41599
41617
41635
41653
41672
41690
41708
41726
41743
41761
41779
41796
41814
41831
41849
41867
41885
41902
41920
41938
41956
41974
41991
42009
42027
42045
42062
42080
42098
42116
42134
42152
42170
42187
42205
42223
42241
42259
42277
42295
42313
42331
42349
42366
42384
42402
42420
42438
42457
42475
42493
42511
42529
42547
42565
42583
42601
42620
42638
42656
42674
42692
42710
42728
42746
42764
42783
42801
42820
42838
42857
42876
42894
42913
42931
42949
42968
42986
43004
43022
43040
43057
43075
43093
43112
43130
43148
43166
43183
43201
43219
43237
43255
43272
43290
43308
43327
43345
43363
43382
43400
43418
43437
43455
43473
43491
43509
43528
43546
43564
43583
43601
43620
43638
43657
43675
43693
43711
43730
43748
43767
43786
43805
43823
43841
43859
43878
43896
43914
43932
43950
43969
43988
44006
44025
44043
44061
44079
44097
44115
44133
44151
44169
44188
44206
44225
44243
44262
44280
44299
44317
44335
44354
44372
44391
44409
44427
44445
44464
44482
44501
44520
44538
44557
44576
44595
44614
44633
44651
44670
44688
44707
44725
44744
44762
44781
44799
44818
44836
44855
44873
44892
44910
44929
44948
44966
44985
45004
45022
45041
45059
45078
45097
45116
45134
45153
45173
45192
45211
45230
45248
45267
45286
45305
45324
45343
45362
45381
45400
45419
45438
45456
45474
45493
45511
45530
45548
45567
45585
45604
45622
45641
45659
45678
45697
45716
45734
45753
45772
45791
45810
45830
45849
45868
45887
45907
45926
45945
45964
45984
46003
46022
46042
46061
46080
46099
46118
46137
46157
46176
46196
46215
46233
46252
46271
46290
46310
46330
46349
46369
46389
46408
46428
46447
46466
46485
46504
46524
46543
46563
46582
46602
46621
46641
46660
46680
46699
46718
46738
46758
46777
46797
46817
46836
46856
46875
46895
46915
46934
46954
46974
46994
47014
47034
47054
47074
47094
47114
47135
47155
47175
47195
47215
47235
47255
47276
47296
47316
47336
47355
47375
47395
47415
47435
47455
47475
47494
47514
47534
47554
47574
47594
47614
47634
47654
47674
47694
47714
47734
47754
47774
47794
47815
47835
47855
47875
47896
47916
47936
47956
47976
47996
48015
48035
48055
48075
48095
48115
48135
48155
48175
48195
48215
48235
48255
48276
48297
48317
48338
48358
48379
48399
48419
48440
48460
48480
48501
48522
48542
48563
48584
48605
48625
48646
48666
48687
48708
48729
48750
48771
48791
48812
48833
48853
48874
48894
48915
48936
48957
48978
48999
49020
49040
49061
49081
49102
49123
49143
49164
49184
49204
49225
49245
49266
49286
49307
49327
49348
49369
49390
49411
49432
49453
49474
49495
49516
49537
49558
49579
49601
49622
49644
49665
49686
49708
49729
49750
49771
49792
49814
49835
49856
49878
49899
49921
49942
49964
49985
50006
50028
50050
50072
50093
50115
50136
50157
50179
50200
50222
50244
50266
50288
50310
50332
50354
50376
50398
50419
50441
50462
50483
50505
50526
50547
50568
50589
50610
50632
50653
50674
50696
50717
50739
50760
50782
50804
50825
50847
50868
50890
50912
50934
50956
50978
51001
51024
51046
51069
51091
51113
51135
51158
51181
51203
51226
51249
51271
51294
51317
51339
51362
51384
51406
51429
51452
51474
51497
51519
51542
51564
51586
51608
51631
51653
51675
51698
51721
51744
51767
51790
51813
51836
51858
51881
51903
51926
51948
51970
51992
52014
52036
52059
52081
52103
52125
52148
52171
52194
52217
52239
52261
52284
52306
52329
52352
52375
52398
52421
52445
52468
52491
52514
52538
52561
52584
52607
52629
52652
52675
52698
52721
52744
52767
52789
52812
52834
52857
52880
52903
52926
52950
52972
52994
53016
53039
53061
53084
53106
53128
53152
53175
53198
53221
53244
53266
53289
53311
53333
53356
53378
53400
53422
53444
53466
53489
53510
53532
53553
53575
53597
53619
53641
53662
53684
53705
53726
53747
53768
53789
53810
53831
53853
53875
53896
53918
53939
53960
53981
54002
54023
54044
54065
54086
54107
54128
54149
54170
54190
54210
54230
54250
54269
54289
54309
54328
54348
54367
54386
54405
54424
54443
54461
54480
54499
54518
54537
54556
54575
54593
54612
54630
54648
54666
54684
54702
54720
54737
54755
54773
54790
54807
54825
54842
54859
54876
54893
54910
54926
54943
54959
54975
54991
55007
55023
55039
55055
55071
55088
55104
55119
55135
55150
55166
55181
55197
55213
55228
55244
55259
55275
55290
55305
55320
55335
55349
55364
55379
55394
55409
55424
55438
55452
55466
55480
55494
55508
55522
55537
55551
55565
55580
55594
55608
55622
55636
55650
55663
55677
55691
55705
55718
55732
55745
55759
55772
55785
55798
55812
55825
55839
55852
55866
55879
55892
55906
55919
55932
55945
55959
55972
55986
56000
56013
56027
56041
56054
56068
56081
56095
56108
56122
56135
56149
56162
56176
56189
56202
56216
56229
56242
56255
56269
56282
56295
56307
56320
56333
56346
56358
56371
56384
56397
56411
56424
56437
56450
56463
56476
56489
56502
56516
56529
56542
56555
56568
56581
56594
56607
56620
56632
56645
56658
56671
56684
56697
56710
56723
56736
56749
56761
56774
56787
56799
56813
56826
56839
56852
56865
56878
56891
56904
56917
56929
56942
56955
56968
56981
56994
57007
57020
57033
57046
57059
57072
57085
57097
57110
57123
57136
57149
57162
57174
57187
57200
57213
57226
57239
57252
57266
57278
57291
57304
57317
57330
57344
57357
57370
57383
57395
57408
57421
57434
57446
57459
57471
57484
57496
57509
57522
57534
57547
57560
57572
57585
57598
57611
57624
57637
57650
57663
57676
57689
57702
57715
57728
57741
57754
57767
57780
57793
57806
57819
57832
57845
57858
57871
57884
57897
57910
57923
57936
57949
57962
57975
57989
58002
58015
58028
58041
58054
58067
58080
58093
58106
58119
58132
58145
58157
58170
58182
58195
58208
58220
58233
58245
58258
58271
58284
58297
58310
58323
58336
58349
58362
58374
58387
58400
58412
58425
58438
58450
58464
58477
58490
58503
58516
58529
58542
58555
58567
58580
58593
58605
58618
58630
58643
58655
58668
58680
58692
58705
58717
58730
58742
58755
58767
58779
58790
58802
58814
58826
58838
58851
58863
58875
58888
58900
58912
58923
58935
58947
58958
58969
58981
58992
59003
59014
59025
59037
59048
59059
59070
59081
59092
59103
59114
59125
59136
59146
59157
59168
59178
59189
59200
59210
59221
59232
59243
59253
59264
59274
59285
59295
59305
59316
59326
59336
59347
59357
59367
59377
59388
59398
59408
59418
59429
59439
59449
59459
59469
59479
59488
59498
59508
59518
59528
59538
59548
59558
59568
59579
59588
59598
59608
59618
59628
59637
59647
59657
59666
59676
59685
59695
59705
59715
59725
59735
59745
59755
59765
59775
59786
59796
59807
59817
59828
59839
59850
59861
59872
59884
59895
59907
59918
59930
59942
59954
59966
59978
59991
60003
60015
60028
60041
60054
60067
60080
60094
60107
60121
60136
60150
60164
60179
60194
60209
60224
60241
60257
60273
60289
60306
60324
60341
60359
60377
60395
60413
60432
60451
60470
60489
60508
60528
60548
60568
60588
60608
60629
60649
60670
60691
60712
60733
60754
60777
60799
60821
60843
60866
60890
60913
60936
60960
60984
61008
61032
61056
61080
61105
61129
61154
61178
61203
61228
61253
61278
61304
61329
61353
61378
61403
61427
61453
61478
61503
61528
61553
61577
61602
61626
61650
61674
61698
61722
61746
61770
61794
61818
61841
61864
61886
61909
61931
61954
61976
61998
62020
62041
62063
62084
62104
62124
62144
62164
62183
62202
62221
62240
62258
62276
62294
62311
62328
62345
62362
62379
62395
62411
62427
62443
62457
62471
62486
62500
62513
62526
62539
62553
62565
62577
62589
62601
62612
62622
62633
62644
62653
62662
62671
62681
62689
62697
62705
62714
62721
62729
62736
62744
62750
62757
62764
62771
62776
62782
62787
62793
62798
62803
62808
62813
62817
62822
62826
62830
62834
62838
62841
62845
62848
62852
62855
62858
62861
62864
62867
62870
62873
62876
62878
62881
62884
62886
62889
62891
62893
62896
62898
62900
62902
62904
62906
62908
62910
62911
62913
62915
62917
62918
62920
62922
62924
62925
62927
62929
62931
62932
62934
62935
62937
62938
62940
62941
62943
62944
62946
62947
62949
62950
62952
62953
62955
62956
62957
62959
62960
62961
62963
62964
62965
62967
62968
62969
62971
62972
62973
62975
62976
62977
62979
62980
62982
62983
62984
62986
62987
62988
62990
62991
62992
62994
62995
62996
62998
62999
63000
63002
63003
63005
63006
63007
63009
63010
63011
63013
63014
63016
63017
63018
63020
63021
63023
63024
63026
63027
63029
63030
63032
63033
63035
63037
63038
63040
63041
63043
63045
63046
63048
63050
63051
63053
63055
63057
63058
63060
63062
63064
63066
63068
63070
63072
63074
63076
63078
63080
63082
63084
63086
63088
63090
63093
63095
63097
63100
63102
63105
63107
63110
63113
63115
63118
63121
63124
63127
63130
63133
63136
63139
63142
63145
63148
63152
63155
63159
63162
63166
63169
63173
63177
63181
63184
63189
63193
63197
63201
63206
63210
63215
63219
63224
63229
63233
63238
63243
63248
63253
63258
63264
63269
63275
63281
63286
63292
63298
63304
63311
63317
63324
63330
63337
63344
63351
63358
63366
63374
63383
63391
63399
63407
63415
63423
63432
63441
63450
63459
63469
63478
63488
63498
63509
63519
63529
63540
63551
63563
63574
63585
63597
63609
63621
63632
63645
63658
63670
63683
63696
63710
63723
63736
63750
63764
63778
63791
63806
63820
63835
63849
63864
63879
63894
63909
63924
63940
63955
63970
63986
64002
64017
64033
64049
64065
64081
64098
64114
64131
64148
64164
64181
64198
64216
64233
64250
64267
64284
64301
64318
64336
64353
64371
64388
64405
64422
64439
64456
64473
64489
64506
64523
64540
64557
64574
64591
64607
64624
64640
64656
64672
64688
64704
64719
64735
64750
64766
64781
64796
64811
64825
64840
64854
64868
64882
64895
64909
64922
64935
64948
64961
64973
64986
64998
65010
65021
65033
65044
65056
65067
65078
65088
65099
65109
65119
65129
65139
65148
65158
65167
65176
65184
65193
65201
65209
65216
65224
65231
65238
65245
65252
65258
65264
65271
65277
65282
65288
65293
65299
65303
65308
65313
65318
65322
65326
65330
65335
65339
65342
65346
65350
65353
65357
65360
65363
65366
65369
65371
65374
65377
65379
65381
65384
65386
65388
65390
65392
65393
65395
65397
65398
65400
65401
65403
65404
65406
65407
65409
65410
65411
65412
65413
65415
65416
65416
65417
65418
65419
65420
65421
65422
65422
65423
65424
65425
65425
65426
65427
65427
65428
65428
65429
65429
65430
65430
65431
65432
65432
65433
65433
65434
65434
65435
65435
65436
65436
65436
65437
65437
65437
65438
65438
65438
65439
65439
65439
65440
65440
65441
65441
65441
65442
65442
65442
65443
65443
65443
65444
65444
65444
65445
65445
65445
65446
65446
65446
65447
65447
65447
65448
65448
65448
65449
65449
65449
65449
65450
65450
65450
65451
65451
65451
65452
65452
65452
65452
65453
65453
65453
65453
65454
65454
65454
65455
65455
65455
65455
65455
65456
65456
65456
65456
65456
65457
65457
65457
65457
65458
65458
65458
65458
65459
65459
65459
65459
65459
65460
65460
65460
65460
65461
65461
65461
65461
65462
65462
65462
65462
65462
65463
65463
65463
65463
65463
65464
65464
65464
65464
65464
65465
65465
65465
65465
65465
65466
65466
65466
65466
65466
65466
65467
65467
65467
65467
65467
65468
65468
65468
65468
65468
65468
65469
65469
65469
65469
65469
65470
65470
65470
65470
65470
65471
65471
65471
65471
65471
65472
65472
65472
65472
65472
65472
65473
65473
65473
65473
65473
65474
65474
65474
65474
65474
65474
65475
65475
65475
65475
65475
65476
65476
65476
65476
65476
65476
65477
65477
65477
65477
65477
65478
65478
65478
65478
65478
65479
65479
65479
65479
65479
65479
65479
65480
65480
65480
65480
65480
65480
65481
65481
65481
65481
65481
65481
65482
65482
65482
65482
65482
65482
65482
65483
65483
65483
65483
65483
65483
65483
65484
65484
65484
65484
65484
65484
65484
65485
65485
65485
65485
65485
65485
65485
65486
65486
65486
65486
65486
65486
65486
65487
65487
65487
65487
65487
65487
65487
65487
65488
65488
65488
65488
65488
65488
65488
65488
65489
65489
65489
65489
65489
65489
65489
65489
65490
65490
65490
65490
65490
65490
65490
65490
65490
65491
65491
65491
65491
65491
65491
65491
65491
65492
65492
65492
65492
65492
65492
65492
65492
65493
65493
65493
65493
65493
65493
65493
65493
65493
65494
65494
65494
65494
65494
65494
65494
65494
65495
65495
65495
65495
65495
65495
65495
65495
65495
65496
65496
65496
65496
65496
65496
65496
65496
65497
65497
65497
65497
65497
65497
65497
65497
65498
65498
65498
65498
65498
65498
65498
65498
65498
65499
65499
65499
65499
65499
65499
65499
65499
65499
65499
65500
65500
65500
65500
65500
65500
65500
65500
65500
65500
65501
65501
65501
65501
65501
65501
65501
65501
65501
65501
65501
65502
65502
65502
65502
65502
65502
65502
65502
65502
65503
65503
65503
65503
65503
65503
65503
65503
65503
65503
65504
65504
65504
65504
65504
65504
65504
65504
65505
65505
65505
65505
65505
65505
65505
65505
65505
65506
65506
65506
65506
65506
65506
65506
65506
65506
65506
65506
65507
65507
65507
65507
65507
65507
65507
65507
65508
65508
65508
65508
65508
65508
65508
65508
65508
65508
65509
65509
65509
65509
65509
65509
65509
65509
65509
65510
65510
65510
65510
65510
65510
65510
65510
65510
65511
65511
65511
65511
65511
65511
65511
65511
65511
65511
65511
65511
65512
65512
65512
65512
65512
65512
65512
65512
65512
65512
65512
65513
65513
65513
65513
65513
65513
65513
65513
65513
65513
65514
65514
65514
65514
65514
65514
65514
65514
65514
65514
65514
65515
65515
65515
65515
65515
65515
65515
65515
65515
65515
65515
65516
65516
65516
65516
65516
65516
65516
65516
65516
65516
65516
65517
65517
65517
65517
65517
65517
65517
65517
65517
65517
65517
65517
65518
65518
65518
65518
65518
65518
65518
65518
65518
65518
65518
65518
65519
65519
65519
65519
65519
65519
65519
65519
65519
65520
65520
65520
65520
65520
65520
65520
65520
65520
65520
65520
65520
65520
65521
65521
65521
65521
65521
65521
65521
65521
65521
65521
65521
65522
65522
65522
65522
65522
65522
65522
65522
65522
65522
65522
65523
65523
65523
65523
65523
65523
65523
65523
65523
65523
65523
65523
65524
65524
65524
65524
65524
65524
65524
65524
65524
65524
65524
65524
65525
65525
65525
65525
65525
65525
65525
65525
65525
65525
65525
65526
65526
65526
65526
65526
65526
65526
65526
65526
65526
65526
65526
65526
65526
65527
65527
65527
65527
65527
65527
65527
65527
65527
65527
65527
65527
65527
65527
65528
65528
65528
65528
65528
65528
65528
65528
65528
65528
65528
65529
65529
65529
65529
65529
65529
65529
65529
65529
65529
65529
65529
65529
65529
65530
65530
65530
65530
65530
65530
65530
65530
65530
65530
65530
65530
65530
65531
65531
65531
65531
65531
65531
65531
65531
65531
65531
65531
65531
65531
65531
65531
65532
65532
65532
65532
65532
65532
65532
65532
65532
65532
65532
65532
65532
65533
65533
65533
65533
65533
65533
65533
65533
65533
65533
65533
65533
65533
65534
65534
65534
65534
65534
65534
65534
65534
65534
65534
65534
65534
65534
65535
65535
65535
65535
65535
65535
65535
65535
65535
65535
65535
65535
65535
65535
65535
65535
65535
65535
65535
65535
65535
65535
65535
65535
65535
65535
65535
65535
65535
65535
65535
65535
65535
65535
65535
65535
65535
65535
65535
65535
65535
65535
65535
65535
65535
65535
65535
65535
65535
65535
65535
65535
65535
65535
65535
65535
65535
65535
65535
65535
65535
65535
65535
65535
65535
65535
65535
65535
65535
65535
65535
65535
65535
65535
65535
65535
65535
65535
65535
65535
65535
65535
65535
65535
65535
65535
65535
65535
65535
65535
65535
65535
65535
65535
65535
65535
65535
65535
65535
65535
65535
65535
65535
65535
65535
65535
65535
65535
65535
65535
65535
65535
65535
65535
65535
65535
65535
65535
65535
65535
65535
65535
65535
65535
65535
65535
65535
65535
65535
65535
65535
65535
65535
65535
65535
65535
65535
65535
65535
65535
65535
65535
65535
65535
65535
65535
65535
65535
65535
65535
65535
65535
65535
65535
65535
65535
65535
65535
65535
65535
65535
65535
65535
65535
65535
65535
65535
65535
65535
65535
65535
65535
65535
65535
65535
65535
65535
65535
65535
65535
65535
65535
65535
65535
65535
65535
65535
65535
65535
65535
65535
65535
65535
65535
65535
65535
65535
65535
65535
65535
65535
65535
65535
65535
65535
65535
65535
65535
65535
65535
65535
65535
65535
65535
65535
65535
65535
65535
65535
65535
65535
65535
65535
65535
65535
65535
65535
65535
65535
65535
65535
65535
65535
65535
65535
65535
65535
65535
65535
65535
65535
65535
65535
65535
65535
65535
65535
65535
65535
65535
65535
65535
65535
65535
65535
65535
65535
65535
65535
65535
65535
65535
65535
65535
65535
65535
65535
65535
65535
65535
65535
65535
65535
65535
65535
65535
65535
65535
65535
65535
65535
65535
65535
65535
65535
65535
65535
65535
65535
65535
65535
65535
65535
65535
65535
65535
65535
65535
65535
65535
65535
65535
65535
65535
65535
65535
65535
65535
65535
65535
65535
65535
65535
65535
65535
65535
65535
65535
65535
65535
65535
65535
65535
65535
65535
65535
65535
65535
65535
65535
65535
65535
65535
65535
65535
65535
65535
65535
65535
65535
65535
65535
65535
65535
65535
65535
65535
65535
65535
65535
65535
65535
65535
65535
65535
65535
65535
65535
65535
65535
65535
65535
65535
65535
65535
65535
65535
65535
65535
65535
65535
65535
65535
65535
65535
65535
65535
65535
65535
65535
65535
65535
65535
65535
65535
65535
65535
65535
65535
65535
65535
65535
65535
65535
65535
65535
65535
65535
65535
65535
65535
65535
65535
65535
65535
65535
65535
65535
65535
65535
65535
65535
65535
65535
65535
65535
65535
65535
65535
65535
65535
65535
65535
65535
65535
65535
65535
65535
65535
65535
65535
65535
65535
65535
65535
65535
65535
65535
65535
65535
65535
65535
65535
65535
65535
65535
65535
65535
65535
65535
65535
65535
65535
65535
65535
65535
65535
65535
65535
65535
65535
65535
65535
65535
65535
65535
65535
65535
65535
65535
65535
65535
65535
65535
65535
65535
65535
65535
65535
65535
65535
65535
65535
65535
65535
65535
65535
65535
65535
65535
65535
65535
65535
65535
65535
65535
65535
65535
65535
65535
65535
65535
65535
65535
65535
65535
65535
65535
65535
65535
65535
65535
65535
65535
65535
65535
65535
65535
65535
65535
65535
65535
65535
65535
65535
65535
65535
65535
65535
65535
65535
65535
65535
65535
65535
65535
65535
65535
65535
65535
65535
65535
65535
65535
65535
65535
65535
65535
65535
65535
65535
65535
65535
65535
65535
65535
65535
65535
65535
65535
65535
65535
65535
65535
65535
65535
65535
65535
65535
65535
65535
65535
65535
65535
65535
65535
65535
65535
65535
65535
65535
65535
65535
65535
65535
65535
65535
65535
65535
65535
65535
65535
65535
65535
65535
65535
65535
65535
65535
65535
65535
65535
65535
65535
65535
65535
65535
65535
65535
65535
65535
65535
65535
65535
65535
65535
65535
65535
65535
65535
65535
65535
65535
65535
65535
65535
65535
65535
65535
65535
65535
65535
65535
65535
65535
65535
65535
65535
65535
65535
65535
65535
65535
65535
65535
65535
65535
65535
65535
65535
65535
65535
65535
65535
65535
65535
65535
65535
65535
65535
65535
65535
65535
65535
65535
65535
65535
65535
65535
65535
65535
65535
65535
65535
65535
65535
65535
65535
65535
65535
65535
65535
65535
65535
65535
65535
65535
65535
65535
65535
65535
65535
65535
65535
65535
65535
65535
65535
65535
65535
65535
65535
65535
65535
65535
65535
65535
65535
65535
65535
65535
65535
65535
65535
65535
65535
65535
65535
65535
65535
65535
65535
65535
65535
65535
65535
65535
65535
65535
65535
65535
65535
65535
65535
65535
65535
65535
65535
65535
65535
65535
65535
65535
65535
65535
65535
65535
65535
65535
65535
65535
65535
65535
65535
65535
65535
65535
65535
65535
65535
65535
65535
65535
65535
65535
65535
65535
65535
65535
65535
65535
65535
65535
65535
65535
65535
65535
65535
65535
65535
65535
65535
65535
65535
65535
65535
65535
65535
65535
65535
65535
65535
65535
65535
65535
65535
65535
65535
65535
65535
65535
65535
65535
65535
65535
65535
65535
65535
65535
65535
65535
65535
65535
65535
65535
65535
65535
65535
65535
65535
65535
65535
65535
65535
65535
65535
65535
65535
65535
65535
65535
65535
65535
65535
65535
65535
65535
65535
65535
65535
65535
65535
65535
65535
65535
65535
65535
65535
65535
65535
65535
65535
65535
65535
65535
65535
65535
65535
65535
65535
65535
65535
65535
65535
65535
65535
65535
65535
65535
65535
65535
65535
65535
65535
65535
65535
65535
65535
65535
65535
65535
65535
65535
65535
65535
65535
65535
65535
65535
65535
65535
65535
65535
65535
65535
65535
65535
65535
65535
65535
65535
65535
65535
65535
65535
65535
65535
65535
65535
65535
65535
65535
65535
65535
65535
65535
65535
65535
65535
65535
65535
65535
65535
65535
65535
65535
65535
65535
65535
65535
65535
65535
65535
65535
65535
65535
65535
65535
65535
65535
65535
65535
65535
65535
65535
65535
65535
65535
65535
65535
65535
65535
65535
65535
65535
65535
65535
65535
65535
65535
65535
65535
65535
65535
65535
65535
65535
65535
65535
65535
65535
65535
65535
65535
65535
65535
65535
65535
65535
65535
65535
65535
65535
65535
65535
65535
65535
65535
65535
65535
65535
65535
65535
65535
65535
65535
65535
65535
65535
65535
65535
65535
65535
65535
65535
65535
65535
65535
65535
65535
65535
65535
65535
65535
65535
65535
65535
65535
65535
65535
65535
65535
65535
65535
65535
65535
65535
65535
65535
65535
65535
65535
65535
65535
65535
65535
65535
65535
65535
65535
65535
65535
65535
65535
65535
65535
65535
65535
65535
65535
65535
65535
65535
65535
65535
65535
65535
65535
65535
65535
65535
65535
65535
65535
65535
65535
65535
65535
65535
65535
65535
65535
65535
65535
65535
65535
65535
65535
65535
65535
65535
65535
65535
65535
65535
65535
65535
65535
65535
65535
65535
65535
65535
65535
65535
65535
65535
65535
65535
65535
65535
65535
65535
65535
65535
65535
65535
65535
65535
65535
65535
65535
65535
65535
65535
65535
65535
65535
65535
65535
65535
65535
65535
65535
65535
65535
65535
65535
65535
65535
65535
65535
65535
65535
65535
65535
65535
65535
65535
65535
65535
65535
65535
65535
65535
65535
65535
65535
65535
65535
65535
65535
65535
65535
65535
65535
65535
65535
65535
65535
65535
65535
65535
65535
65535
65535
65535
65535
65535
65535
65535
65535
65535
65535
65535
65535
65535
65535
65535
65535
65535
65535
65535
65535
65535
65535
65535
65535
65535
65535
65535
65535
65535
65535
65535
65535
65535
65535
65535
65535
65535
65535
65535
65535
65535
65535
65535
65535
65535
65535
65535
65535
65535
65535
65535
65535
65535
65535
65535
65535
65535
65535
65535
65535
65535
65535
65535
65535
65535
65535
65535
65535
65535
65535
65535
65535
65535
65535
65535
65535
65535
65535
65535
65535
65535
65535
65535
65535
65535
65535
65535
65535
65535
65535
65535
65535
65535
65535
65535
65535
65535
65535
65535
65535
65535
65535
65535
65535
65535
65535
65535
65535
65535
65535
65535
65535
65535
65535
65535
65535
65535
65535
65535
65535
65535
65535
65535
65535
65535
65535
65535
65535
65535
65535
65535
65535
65535
65535
65535
65535
65535
65535
65535
65535
65535
65535
65535
65535
65535
65535
65535
65535
65535
65535
65535
65535
65535
65535
65535
65535
65535
65535
65535
65535
65535
65535
65535
65535
65535
65535
65535
65535
65535
65535
65535
65535
65535
65535
65535
65535
65535
65535
65535
65535
65535
65535
65535
65535
65535
65535
65535
65535
65535
65535
65535
65535
65535
65535
65535
65535
65535
65535
65535
65535
65535
65535
65535
65535
65535
65535
65535
65535
65535
65535
65535
65535
65535
65535
65535
65535
65535
65535
65535
65535
65535
65535
65535
65535
65535
65535
65535
65535
65535
65535
65535
65535
65535
65535
65535
65535
65535
65535
65535
65535
65535
65535
65535
65535
65535
65535
65535
65535
65535
65535
65535
65535
65535
65535
65535
65535
65535
65535
65535
65535
65535
65535
65535
65535
65535
65535
65535
65535
65535
65535
65535
65535
65535
65535
65535
65535
65535
65535
65535
65535
65535
65535
65535
65535
65535
65535
65535
65535
65535
65535
65535
65535
65535
65535
65535
65535
65535
65535
65535
65535
65535
65535
65535
65535
65535
65535
65535
65535
65535
65535
65535
65535
65535
65535
65535
65535
65535
65535
65535
65535
65535
65535
65535
65535
65535
65535
65535
65535
65535
65535
65535
65535
65535
65535
65535
65535
65535
65535
65535
65535
65535
65535
65535
65535
65535
65535
65535
65535
65535
65535
65535
65535
65535
65535
65535
65535
65535
65535
65535
65535
65535
65535
65535
65535
65535
65535
65535
65535
65535
65535
65535
65535
65535
65535
65535
65535
65535
65535
65535
65535
65535
65535
65535
65535
65535
65535
65535
65535
65535
65535
65535
65535
65535
65535
65535
65535
65535
65535
65535
65535
65535
65535
65535
65535
65535
65535
65535
65535
65535
65535
65535
65535
65535
65535
65535
65535
65535
65535
65535
65535
65535
65535
65535
65535
65535
65535
65535
65535
65535
65535
65535
65535
65535
65535
65535
65535
65535
65535
65535
65535
65535
65535
65535
65535
65535
65535
65535
65535
65535
65535
65535
65535
65535
65535
65535
65535
65535
65535
65535
65535
65535
65535
65535
65535
65535
65535
65535
65535
65535
65535
65535
65535
65535
65535
65535
65535
65535
65535
65535
65535
65535
65535
65535
65535
65535
65535
65535
65535
65535
65535
65535
65535
65535
65535
65535
65535
65535
65535
65535
65535
65535
65535
65535
65535
65535
65535
65535
65535
65535
65535
65535
65535
65535
65535
65535
65535
65535
65535
65535
65535
65535
65535
65535
65535
65535
65535
65535
65535
65535
65535
65535
65535
65535
65535
65535
65535
65535
65535
65535
65535
65535
65535
65535
65535
65535
65535
65535
65535
65535
65535
65535
65535
65535
65535
65535
65535
65535
65535
65535
65535
65535
65535
65535
65535
65535
65535
65535
65535
65535
65535
65535
65535
65535
65535
65535
65535
65535
65535
65535
65535
65535
65535
65535
65535
65535
65535
65535
65535
65535
65535
65535
65535
65535
65535
65535
65535
65535
65535
65535
65535
65535
65535
65535
65535
65535
65535
65535
65535
65535
65535
65535
65535
65535
65535
65535
65535
65535
65535
65535
65535
65535
65535
65535
65535
65535
65535
65535
65535
65535
65535
65535
65535
65535
65535
65535
65535
65535
65535
65535
65535
65535
65535
65535
65535
65535
65535
65535
65535
65535
65535
65535
65535
65535
65535
65535
65535
65535
65535
65535
65535
65535
65535
65535
65535
65535
65535
65535
65535
65535
65535
65535
65535
65535
65535
65535
65535
65535
65535
65535
65535
65535
65535
65535
65535
65535
65535
65535
65535
65535
65535
65535
65535
65535
65535
65535
65535
65535
65535
65535
65535
65535
65535
65535
65535
65535
65535
65535
65535
65535
65535
65535
65535
65535
65535
65535
65535
65535
65535
65535
65535
65535
65535
65535
65535
65535
65535
65535
65535
65535
65535
65535
65535
65535
65535
65535
65535
65535
65535
65535
65535
65535
65535
65535
65535
65535
65535
65535
65535
65535
65535
65535
65535
65535
65535
65535
65535
65535
65535
65535
65535
65535
65535
65535
65535
65535
65535
65535
65535
65535
65535
65535
65535
65535
65535
65535
65535
65535
65535
65535
65535
65535
65535
65535
65535
65535
65535
65535
65535
65535
65535
65535
65535
65535
65535
65535
65535
65535
65535
65535
65535
65535
65535
65535
65535
65535
65535
65535
65535
65535
65535
65535
65535
65535
65535
65535
65535
65535
65535
65535
65535
65535
65535
65535
65535
65535
65535
65535
65535
65535
65535
65535
65535
65535
65535
65535
65535
65535
65535
65535
65535
65535
65535
65535
65535
65535
65535
65535
65535
65535
65535
65535
65535
65535
65535
65535
65535
65535
65535
65535
65535
65535
65535
65535
65535
65535
65535
65535
65535
65535
65535
65535
65535
65535
65535
65535
65535
65535
65535
65535
65535
65535
65535
65535
65535
65535
65535
65535
65535
65535
65535
65535
65535
65535
65535
65535
65535
65535
65535
65535
65535
65535
65535
65535
65535
65535
65535
65535
65535
65535
65535
65535
65535
65535
65535
65535
65535
65535
65535
65535
65535
65535
65535
65535
65535
65535
65535
65535
65535
65535
65535
65535
65535
65535
65535
65535
65535
65535
65535
65535
65535
65535
65535
65535
65535
65535
65535
65535
65535
65535
65535
65535
65535
65535
65535
65535
65535
65535
65535
65535
65535
65535
65535
65535
65535
65535
65535
65535
65535
65535
65535
65535
65535
65535
65535
65535
65535
65535
65535
65535
65535
65535
65535
65535
65535
65535
65535
65535
65535
65535
65535
65535
65535
65535
65535
65535
65535
65535
65535
65535
65535
65535
65535
65535
65535
65535
65535
65535
65535
65535
65535
65535
65535
65535
65535
65535
65535
65535
65535
65535
65535
65535
65535
65535
65535
65535
65535
65535
65535
65535
65535
65535
65535
65535
65535
65535
65535
65535
65535
65535
65535
65535
65535
65535
65535
65535
65535
65535
65535
65535
65535
65535
65535
65535
65535
65535
65535
65535
65535
65535
65535
65535
65535
65535
65535
65535
65535
65535
65535
65535
65535
65535
65535
65535
65535
65535
65535
65535
65535
65535
65535
65535
65535
65535
65535
65535
65535
65535
65535
65535
65535
65535
65535
65535
65535
65535
65535
65535
65535
65535
65535
65535
65535
65535
65535
65535
65535
65535
65535
65535
65535
65535
65535
65535
65535
65535
65535
65535
65535
65535
65535
65535
65535
65535
65535
65535
65535
65535
65535
65535
65535
65535
65535
65535
65535
65535
65535
65535
65535
65535
65535
65535
65535
65535
65535
65535
65535
65535
65535
65535
65535
65535
65535
65535
65535
65535
65535
65535
65535
65535
65535
65535
65535
65535
65535
65535
65535
65535
65535
65535
65535
65535
65535
65535
65535
65535
65535
65535
65535
65535
65535
65535
65535
65535
65535
65535
65535
65535
65535
65535
65535
65535
65535
65535
65535
65535
65535
65535
65535
65535
65535
65535
65535
65535
65535
65535
65535
65535
65535
65535
65535
65535
65535
65535
65535
65535
65535
65535
65535
65535
65535
65535
65535
65535
65535
65535
65535
65535
65535
65535
65535
65535
65535
65535
65535
65535
65535
65535
65535
65535
65535
65535
65535
65535
65535
65535
65535
65535
65535
65535
65535
65535
65535
65535
65535
65535
65535
65535
65535
65535
65535
65535
65535
65535
65535
65535
65535
65535
65535
65535
65535
65535
65535
65535
65535
65535
65535
65535
65535
65535
65535
65535
65535
65535
65535
65535
65535
65535
65535
65535
65535
65535
65535
65535
65535
65535
65535
65535
65535
65535
65535
65535
65535
65535
65535
65535
65535
65535
65535
65535
65535
65535
65535
65535
65535
65535
65535
65535
65535
65535
65535
65535
65535
65535
65535
65535
65535
65535
65535
65535
65535
65535
65535
65535
65535
65535
65535
65535
65535
65535
65535
65535
65535
65535
65535
65535
65535
65535
65535
65535
65535
65535
65535
65535
65535
65535
65535
65535
65535
65535
65535
65535
65535
65535
65535
65535
65535
65535
65535
65535
65535
65535
65535
65535
65535
65535
65535
65535
65535
65535
65535
65535
65535
65535
65535
65535
65535
65535
65535
65535
65535
65535
65535
65535
65535
65535
65535
65535
65535
65535
65535
65535
65535
65535
65535
65535
65535
65535
65535
65535
65535
65535
65535
65535
65535
65535
65535
65535
65535
65535
65535
65535
65535
65535
65535
65535
65535
65535
65535
65535
65535
65535
65535
65535
65535
65535
65535
65535
65535
65535
65535
65535
65535
65535
65535
65535
65535
65535
65535
65535
65535
65535
65535
65535
65535
65535
65535
65535
65535
65535
65535
65535
65535
65535
65535
65535
65535
65535
65535
65535
65535
65535
65535
65535
65535
65535
65535
65535
65535
65535
65535
65535
65535
65535
65535
65535
65535
65535
65535
65535
65535
65535
65535
65535
65535
65535
65535
65535
65535
65535
65535
65535
65535
65535
65535
65535
65535
65535
65535
65535
65535
65535
65535
65535
65535
65535
65535
65535
65535
65535
65535
65535
65535
65535
65535
65535
65535
65535
65535
65535
65535
65535
65535
65535
65535
65535
65535
65535
65535
65535
65535
65535
65535
65535
65535
65535
65535
65535
65535
65535
65535
65535
65535
65535
65535
65535
65535
65535
65535
65535
65535
65535
65535
65535
65535
65535
65535
65535
65535
65535
65535
65535
65535
65535
65535
65535
65535
65535
65535
65535
65535
65535
65535
65535
65535
65535
65535
65535
65535
65535
65535
65535
65535
65535
65535
65535
65535
65535
65535
65535
65535
65535
65535
65535
65535
65535
65535
65535
65535
65535
65535
65535
65535
65535
65535
65535
65535
65535
65535
65535
65535
65535
65535
65535
65535
65535
65535
65535
65535
65535
65535
65535
65535
65535
65535
65535
65535
65535
65535
65535
65535
65535
65535
65535
65535
65535
65535
65535
65535
65535
65535
65535
65535
65535
65535
65535
65535
65535
65535
65535
65535
65535
65535
65535
65535
65535
65535
65535
65535
65535
65535
65535
65535
65535
65535
65535
65535
65535
65535
65535
65535
65535
65535
65535
65535
65535
65535
65535
65535
65535
65535
65535
65535
65535
65535
65535
65535
65535
65535
65535
65535
65535
65535
65535
65535
65535
65535
65535
65535
65535
65535
65535
65535
65535
65535
65535
65535
65535
65535
65535
65535
65535
65535
65535
65535
65535
65535
65535
65535
65535
65535
65535
65535
65535
65535
65535
65535
65535
65535
65535
65535
65535
65535
65535
65535
65535
65535
65535
65535
65535
65535
65535
65535
65535
65535
65535
65535
65535
65535
65535
65535
65535
65535
65535
65535
65535
65535
65535
65535
65535
65535
65535
65535
65535
65535
65535
65535
65535
65535
65535
65535
65535
65535
65535
65535
65535
65535
65535
65535
65535
65535
65535
65535
65535
65535
65535
65535
65535
65535
65535
65535
65535
65535
65535
65535
65535
65535
65535
65535
65535
65535
65535
65535
65535
65535
65535
65535
65535
65535
65535
65535
65535
65535
65535
65535
65535
65535
65535
65535
65535
65535
65535
65535
65535
65535
65535
65535
65535
65535
65535
65535
65535
65535
65535
65535
65535
65535
65535
65535
65535
65535
65535
65535
65535
65535
65535
65535
65535
65535
65535
65535
65535
65535
65535
65535
65535
65535
65535
65535
65535
65535
65535
65535
65535
65535
65535
65535
65535
65535
65535
65535
65535
65535
65535
65535
65535
65535
65535
65535
65535
65535
65535
65535
65535
65535
65535
65535
65535
65535
65535
65535
65535
65535
65535
65535
65535
65535
65535
65535
65535
65535
65535
65535
65535
65535
65535
65535
65535
65535
65535
65535
65535
65535
65535
65535
65535
65535
65535
65535
65535
65535
65535
65535
65535
65535
65535
65535
65535
65535
65535
65535
65535
65535
65535
65535
65535
65535
65535
65535
65535
65535
65535
65535
65535
65535
65535
65535
65535
65535
65535
65535
65535
65535
65535
65535
65535
65535
65535
65535
65535
65535
65535
65535
65535
65535
65535
65535
65535
65535
65535
65535
65535
65535
65535
65535
65535
65535
65535
65535
65535
65535
65535
65535
65535
65535
65535
65535
65535
65535
65535
65535
65535
65535
65535
65535
65535
65535
65535
65535
65535
65535
65535
65535
65535
65535
65535
65535
65535
65535
65535
65535
65535
65535
65535
65535
65535
65535
65535
65535
65535
65535
65535
65535
65535
65535
65535
65535
65535
65535
65535
65535
65535
65535
65535
65535
65535
65535
65535
65535
65535
65535
65535
65535
65535
65535
65535
65535
65535
65535
65535
65535
65535
65535
65535
65535
65535
65535
65535
65535
65535
65535
65535
65535
65535
65535
65535
65535
65535
65535
65535
65535
65535
65535
65535
65535
65535
65535
65535
65535
65535
65535
65535
65535
65535
65535
65535
65535
65535
65535
65535
65535
65535
65535
65535
65535
65535
65535
65535
65535
65535
65535
65535
65535
65535
65535
65535
65535
65535
65535
65535
65535
65535
65535
65535
65535
65535
65535
65535
65535
65535
65535
65535
65535
65535
65535
65535
65535
65535
65535
65535
65535
65535
65535
65535
65535
65535
65535
65535
65535
65535
65535
65535
65535
65535
65535
65535
65535
65535
65535
65535
65535
65535
65535
65535
65535
65535
65535
65535
65535
65535
65535
65535
65535
65535
65535
65535
65535
65535
65535
65535
65535
65535
65535
65535
65535
65535
65535
65535
65535
65535
65535
65535
65535
65535
65535
65535
65535
65535
65535
65535
65535
65535
65535
65535
65535
65535
65535
65535
65535
65535
65535
65535
65535
65535
65535
65535
65535
65535
65535
65535
65535
65535
65535
65535
65535
65535
65535
65535
65535
65535
65535
65535
65535
65535
65535
65535
65535
65535
65535
65535
65535
65535
65535
65535
65535
65535
65535
65535
65535
65535
65535
65535
65535
65535
65535
65535
65535
65535
65535
65535
65535
65535
65535
65535
65535
65535
65535
65535
65535
65535
65535
65535
65535
65535
65535
65535
65535
65535
65535
65535
65535
65535
65535
65535
65535
65535
65535
65535
65535
65535
65535
65535
65535
65535
65535
65535
65535
65535
65535
65535
65535
65535
65535
65535
65535
65535
65535
65535
65535
65535
65535
65535
65535
65535
65535
65535
65535
65535
65535
65535
65535
65535
65535
65535
65535
65535
65535
65535
65535
65535
65535
65535
65535
65535
65535
65535
65535
65535
65535
65535
65535
65535
65535
65535
65535
65535
65535
65535
65535
65535
65535
65535
65535
65535
65535
65535
65535
65535
65535
65535
65535
65535
65535
65535
65535
65535
65535
65535
65535
65535
65535
65535
65535
65535
65535
65535
65535
65535
65535
65535
65535
65535
65535
65535
65535
65535
65535
65535
65535
65535
65535
65535
65535
65535
65535
65535
65535
65535
65535
65535
65535
65535
65535
65535
65535
65535
65535
65535
65535
65535
65535
65535
65535
65535
65535
65535
65535
65535
65535
65535
65535
65535
65535
65535
65535
65535
65535
65535
65535
65535
65535
65535
65535
65535
65535
65535
65535
65535
65535
65535
65535
65535
65535
65535
65535
65535
65535
65535
65535
65535
65535
65535
65535
65535
65535
65535
65535
65535
65535
65535
65535
65535
65535
65535
65535
65535
65535
65535
65535
65535
65535
65535
65535
65535
65535
65535
65535
65535
65535
65535
65535
65535
65535
65535
65535
65535
65535
65535
65535
65535
65535
65535
65535
65535
65535
65535
65535
65535
65535
65535
65535
65535
65535
65535
65535
65535
65535
65535
65535
65535
65535
65535
65535
65535
65535
65535
65535
65535
65535
65535
65535
65535
65535
65535
65535
65535
65535
65535
65535
65535
65535
65535
65535
65535
65535
65535
65535
65535
65535
65535
65535
65535
65535
65535
65535
65535
65535
65535
65535
65535
65535
65535
65535
65535
65535
65535
65535
65535
65535
65535
65535
65535
65535
65535
65535
65535
65535
65535
65535
65535
65535
65535
65535
65535
65535
65535
65535
65535
65535
65535
65535
65535
65535
65535
65535
65535
65535
65535
65535
65535
65535
65535
65535
65535
65535
65535
65535
65535
65535
65535
65535
65535
65535
65535
65535
65535
65535
65535
65535
65535
65535
65535
65535
65535
65535
65535
65535
65535
65535
65535
65535
65535
65535
65535
65535
65535
65535
65535
65535
65535
65535
65535
65535
65535
65535
65535
65535
65535
65535
65535
65535
65535
65535
65535
65535
65535
65535
65535
65535
65535
65535
65535
65535
65535
65535
65535
65535
65535
65535
65535
65535
65535
65535
65535
65535
65535
65535
65535
65535
65535
65535
65535
65535
65535
65535
65535
65535
65535
65535
65535
65535
65535
65535
65535
65535
65535
65535
65535
65535
65535
65535
65535
65535
65535
65535
65535
65535
65535
65535
65535
65535
65535
65535
65535
65535
65535
65535
65535
65535
65535
65535
65535
65535
65535
65535
65535
65535
65535
65535
65535
65535
65535
65535
65535
65535
65535
65535
65535
65535
65535
65535
65535
65535
65535
65535
65535
65535
65535
65535
65535
65535
65535
65535
65535
65535
65535
65535
65535
65535
65535
65535
65535
65535
65535
65535
65535
65535
65535
65535
65535
65535
65535
65535
65535
65535
65535
65535
65535
65535
65535
65535
65535
65535
65535
65535
65535
65535
65535
65535
65535
65535
65535
65535
65535
65535
65535
65535
65535
65535
65535
65535
65535
65535
65535
65535
65535
65535
65535
65535
65535
65535
65535
65535
65535
65535
65535
65535
65535
65535
65535
65535
65535
65535
65535
65535
65535
65535
65535
65535
65535
65535
65535
65535
65535
65535
65535
65535
65535
65535
65535
65535
65535
65535
65535
65535
65535
65535
65535
65535
65535
65535
65535
65535
65535
65535
65535
65535
65535
65535
65535
65535
65535
65535
65535
65535
65535
65535
65535
65535
65535
65535
65535
65535
65535
65535
65535
65535
65535
65535
65535
65535
65535
65535
65535
65535
65535
65535
65535
65535
65535
65535
65535
65535
65535
65535
65535
65535
65535
65535
65535
65535
65535
65535
65535
65535
65535
65535
65535
65535
65535
65535
65535
65535
65535
65535
65535
65535
65535
65535
65535
65535
65535
65535
65535
65535
65535
65535
65535
65535
65535
65535
65535
65535
65535
65535
65535
65535
65535
65535
65535
65535
65535
65535
65535
65535
65535
65535
65535
65535
65535
65535
65535
65535
65535
65535
65535
65535
65535
65535