0
0
0
0
0
0
0
0
0
0
0
0
0
0
0
0
0
0
0
0
0
0
0
0
0
0
0
0
0
0
0
0
0
0
0
0
0
0
0
0
0
0
0
0
0
0
0
0
0
0
0
0
0
0
0
0
0
0
0
0
0
0
0
0
0
0
0
0
0
0
0
0
0
0
0
0
0
0
0
0
0
0
0
0
0
0
0
0
0
0
0
0
0
0
0
0
0
0
0
0
0
0
0
0
0
0
0
0
0
0
0
0
0
0
0
0
0
0
0
0
0
0
0
0
0
0
0
0
0
0
0
0
0
0
0
0
0
0
0
0
0
0
0
0
0
0
0
0
0
0
0
0
0
0
0
0
0
0
0
0
0
0
0
0
0
0
0
0
0
0
0
0
0
0
0
0
0
0
0
0
0
0
0
0
0
0
0
0
0
0
0
0
0
0
0
19927
39854
59781
14172
24985
35799
46612
57425
51362
45300
39237
33174
18928
4682
55971
41725
27930
14134
339
52080
47255
42429
37604
32778
54114
9914
31249
52585
61660
5200
14275
23350
2246
46678
25573
4469
50522
31039
11556
57609
3281
14488
25696
36903
56588
10738
30423
50108
41333
32557
23782
15007
40576
610
26179
51749
27648
3547
44982
20881
57493
28569
65181
36256
38474
40691
42909
45126
6475
33361
60246
21595
25188
28781
32374
35966
21326
6685
57580
42940
42936
42933
42929
42926
49220
55514
61808
2566
24883
47200
3981
26298
4770
48778
27251
5723
63003
54748
46492
38236
38115
37994
37872
37751
387
28559
56731
19367
24521
29676
34830
39985
30079
20172
10266
360
52346
38795
25245
11694
33844
55993
12607
34756
13651
58081
36975
15870
521
50707
35358
20009
53583
21622
55196
23235
5459
53220
35444
17669
50290
17375
49997
17082
63643
44669
25694
6719
15527
24335
33142
41950
37073
32195
27318
22440
17799
13157
8515
3873
57959
46509
35059
23609
23398
23186
22975
22763
27631
32499
37367
42235
57232
6692
21688
36684
46955
57226
1960
12231
23955
35680
47404
59129
65263
5861
11996
18130
41083
64036
21453
44406
41207
38008
34809
31610
2642
39211
10244
46812
29241
11669
59634
42062
38431
34799
31168
27536
46765
458
19687
38916
20617
2318
49554
31255
43243
55232
1684
13672
5708
63280
55315
47351
22086
62358
37093
11828
54458
31551
8644
51273
56709
62144
2044
7480
24341
41202
58063
9388
21562
33737
45911
58086
31839
5591
44880
18633
7937
62777
52082
41386
1621
27392
53163
13398
14363
15327
16292
17257
55003
27214
64960
37170
45651
54131
62612
5557
30099
54642
13649
38191
17593
62530
41932
21333
57429
27989
64084
34644
35030
35415
35801
36187
6363
42076
12253
47966
931
19433
37934
56435
45799
35162
24526
13890
17617
21344
25071
28798
40788
52777
64766
11220
36531
61842
21617
46927
34505
22083
9660
62774
3796
10353
16911
23469
16853
10238
3623
62543
58757
54971
51185
47399
21706
61549
35856
10163
47590
19481
56908
28798
56873
19411
47485
10024
53649
31739
9828
53454
26592
65266
38405
11543
57536
37994
18451
64445
18426
37944
57462
11444
25126
38808
52490
635
30547
60458
24833
54744
48484
42223
35963
29702
61607
27976
59882
26251
42378
58505
9096
25223
31133
37043
42953
48863
36637
24411
12185
65495
4002
8045
12087
16130
2076
53558
39505
25451
41684
57918
8615
24849
7444
55576
38172
20768
17805
14841
11878
8914
61485
48520
35556
22591
13977
5364
62287
53674
10726
33314
55902
12954
2454
57491
46991
36492
48214
59936
6122
17844
17423
17002
16582
16161
7420
64215
55473
46732
31379
16026
673
50855
27083
3310
45073
21301
63260
39684
16108
58068
40140
22212
4284
51893
35576
19260
2943
52162
57753
63343
3398
8988
15325
21662
27999
34336
59614
19356
44634
4376
42965
16018
54607
27660
44037
60413
11254
27631
62869
32572
2275
37514
46346
55177
64009
7305
7020
6735
6450
6165
39429
7156
40420
8148
38190
2695
32737
62778
35232
7685
45675
18128
6683
60774
49329
37884
18569
64791
45476
26162
28932
31702
34472
37241
32849
28457
24065
19673
54577
23945
58849
28218
43660
59102
9009
24451
65475
40963
16452
57476
17452
42964
2941
28453
48650
3311
23509
43706
17966
57762
32021
6281
37089
2360
33167
63974
1384
4330
7276
10223
53673
31587
9502
52952
59818
1148
8013
14879
17353
19828
22303
24777
18302
11827
5353
64414
59068
53723
48378
43032
50694
58356
481
8143
9517
10892
12266
13640
16733
19827
22920
26013
60779
30009
64775
34005
8883
49298
24176
64591
20214
41373
62533
18156
15944
13732
11520
9309
22766
36223
49680
63137
13721
29840
45959
62078
44295
26512
8729
56481
26359
61773
31650
1528
32776
64025
29737
60985
65276
4031
8322
12613
28340
44066
59792
9983
43824
12130
45972
14278
9099
3919
64276
59097
37452
15808
59699
38055
40106
42157
44208
46259
64019
16243
34002
51762
37112
22462
7812
58699
57399
56100
54801
53502
4979
21992
39005
56018
15472
40462
65452
24906
24746
24587
24427
24268
58403
27003
61139
29739
7220
50237
27718
5199
24913
44627
64341
18519
52930
21805
56216
25091
22564
20036
17509
14981
62596
44675
26753
8832
7690
6548
5406
4264
30698
57131
18029
44463
56279
2558
14374
26190
54195
16665
44671
7141
3473
65342
61675
58008
18356
44240
4587
30471
10260
55585
35375
15164
59742
38785
17828
62406
19178
41486
63793
20565
43374
646
23454
46263
54610
62958
5769
14117
58892
38131
17370
62145
63694
65243
1256
2806
12489
22173
31856
41540
50241
58942
2107
10808
39000
1656
29848
58040
9232
25959
42687
59415
41405
23394
5384
52910
30774
8637
52037
29901
16724
3547
55906
42730
44868
47007
49146
51284
5806
25864
45921
443
59355
52730
46106
39481
42602
45723
48844
51965
15368
44307
7709
36648
35879
35109
34340
33571
35395
37219
39044
40868
2964
30595
58227
20323
23748
27173
30598
34024
5433
42378
13787
50732
64335
12401
26004
39607
58633
12123
31149
50175
62806
9900
22531
35162
45788
56415
1506
12132
62045
46422
30798
15175
12362
9550
6737
3924
12812
21699
30587
39474
23536
7599
57197
41259
51404
61549
6158
16303
42874
3908
30479
57050
27359
63203
33512
3821
23632
43444
63256
17532
60557
38047
15537
58563
22731
52435
16603
46308
34172
22036
9900
63300
44601
25902
7204
54041
31492
8942
51929
29379
18383
7386
61926
50929
32752
14574
61933
43755
55825
2360
14430
26501
59820
27604
60923
28707
14960
1212
53001
39254
64400
24010
49156
8766
7554
6342
5131
3919
58655
47855
37055
26255
11290
61860
46895
31929
30836
29742
28648
27554
2725
43433
18604
59311
39031
18750
64005
43725
45450
47176
48901
50626
294
15498
30702
45906
46374
46842
47310
47778
21406
60571
34199
7828
1183
60075
53430
46785
36457
26128
15800
5471
46768
22529
63825
39586
49485
59384
3747
13646
40324
1467
28145
54824
61894
3427
10497
17567
48803
14504
45741
11442
16979
22516
28053
33590
38774
43957
49141
54324
23758
58728
28162
63132
41162
19191
62757
40787
59910
13498
32621
51745
23330
60451
32036
3621
55989
42821
29653
16486
58047
34073
10098
51660
31026
10392
55293
34659
28604
22549
16493
10438
50674
25373
73
40309
46357
52405
58453
64501
39780
15059
55874
31153
29616
28080
26544
25008
63268
35993
8718
46979
53027
59074
65122
5634
55527
39883
24240
8596
51926
29720
7514
50844
56184
61525
1330
6670
62418
52629
42841
33053
61332
24075
52355
15098
7471
65380
57753
50126
10551
36512
62473
22898
40332
57765
9663
27097
31484
35871
40259
44646
9276
39442
4071
34237
30932
27628
24323
21019
53817
21080
53878
21141
55433
24189
58480
27236
21731
16226
10721
5216
58723
46695
34667
22638
21063
19487
17912
16336
30076
43816
57556
5760
12190
18621
25052
31483
11674
57401
37592
17783
33605
49428
65251
15537
15287
15038
14788
14539
23052
31566
40079
48593
56399
64205
6475
14281
35369
56458
12010
33098
25147
17195
9243
1292
27645
53999
14817
41171
15547
55458
29833
4208
28637
53065
11957
36386
53269
4617
21501
38384
16532
60215
38363
16511
25613
34716
43819
52922
24193
61000
32271
3541
51341
33604
15868
63668
5309
12486
19664
26841
14263
1684
54642
42063
51756
61448
5604
15297
64275
47718
31160
14602
15885
17168
18451
19734
8442
62687
51395
40103
48891
57680
933
9721
52412
29567
6722
49413
26883
4352
47358
24827
55189
20015
50378
15204
45016
9292
39104
3380
21207
39033
56860
9151
30789
52427
8530
30168
32394
34620
36846
39073
10579
47622
19128
56171
46411
36652
26893
17134
7728
63858
54453
45047
9323
39135
3411
33223
25822
18420
11019
3617
58136
47120
36103
25086
15602
6118
62169
52685
35813
18941
2069
50734
62548
8826
20641
32455
25329
18202
11076
3949
10459
16968
23477
29987
6169
47888
24071
254
31913
63572
29695
61354
18831
41845
64859
22337
38867
55397
6390
22920
12493
2066
57174
46747
57343
2403
13000
23596
62907
36683
10458
49770
47477
45184
42891
40598
14502
53941
27845
1749
55718
44151
32584
21017
17663
14309
10955
7601
44987
16837
54223
26073
59530
27450
60906
28827
4567
45844
21584
62860
38640
14420
55735
31515
31423
31330
31238
31146
55967
15252
40074
64895
29839
60319
25263
55743
56476
57209
57942
58675
1416
9694
17972
26249
10321
59928
43999
28070
46604
65138
18136
36670
30369
24068
17767
11465
57575
38149
18723
64833
14766
30235
45703
61172
63831
953
3611
6270
58038
44271
30503
16736
39032
61328
18089
40385
31254
22124
12993
3863
2316
770
64759
63213
32588
1962
36872
6247
50235
28686
7138
51126
9979
34368
58758
17611
23334
29058
34781
40504
47289
54073
60858
2106
22801
43497
64192
19351
10889
2426
59500
51037
61398
6222
16582
26943
8892
56377
38326
20276
21441
22606
23771
24936
53176
15880
44120
6825
17106
27388
37670
47952
44401
40851
37300
33750
14127
60041
40418
20795
9307
63355
51866
40378
32348
24318
16287
8257
42342
10891
44977
13526
50165
21269
57908
29011
4094
44712
19795
60413
13019
31160
49301
1906
61808
56175
50542
44909
58138
5831
19060
32289
14474
62195
44380
26565
46946
1791
22172
42553
33854
25156
16458
7759
319
58414
50973
43532
57311
5555
19334
33113
13922
60268
41078
21887
55658
23893
57664
25899
16336
6773
62746
53183
37019
20854
4690
54061
38171
22282
6392
56039
56104
56169
56233
56298
34318
12337
55893
33912
35745
37579
39412
41245
32036
22826
13617
4408
65293
60643
55992
51341
65199
13521
27378
41236
34031
26826
19621
12416
38573
64731
25352
51510
48274
45038
41802
38565
45311
52056
58801
10
41807
18069
59866
36128
4097
37603
5573
39079
52387
158
13466
26774
17211
7648
63621
54058
60607
1620
8168
14717
4211
59241
48735
38229
21200
4171
52678
35649
56501
11818
32670
53523
11669
35350
59032
17178
22784
28389
33995
39600
2855
31645
60435
23690
52401
15577
44289
7465
22383
37302
52221
1604
51535
35931
20327
4722
22313
39904
57495
9550
23015
36480
49944
63409
34444
5479
42050
13085
20813
28540
36268
43995
44571
45147
45722
46298
17804
54847
26353
63396
23074
48289
7967
33182
57846
16974
41638
766
18907
37049
55190
7795
50771
28211
5651
48628
45166
41704
38242
34781
7898
46552
19670
58324
25429
58070
25176
57817
26062
59843
28088
61869
26184
56035
20351
50202
32869
15535
63738
46405
16497
52125
22216
57844
40354
22863
5373
53418
63239
7523
17344
27164
11638
61649
46123
30597
33934
37270
40607
43943
34587
25231
15875
6518
34287
62056
24288
52057
18534
50546
17023
49035
20188
56877
28030
64719
47818
30917
14016
62651
63001
63351
63701
64051
12618
26722
40826
54929
7859
26325
44790
63256
15714
33708
51702
4160
11504
18849
26194
33539
64029
28983
59473
24428
7055
55218
37846
20473
63695
41381
19068
62290
34003
5716
42965
14679
18329
21980
25631
29282
1349
38952
11019
48621
18488
53890
23756
59158
17197
40771
64345
22383
1012
45177
23807
2436
40000
12027
49591
21618
2645
49207
30233
11260
22741
34222
45703
57184
59312
61441
63569
162
11485
22809
34133
45457
54501
63546
7055
16099
9386
2673
61496
54782
52431
50080
47729
45377
19527
59212
33362
7511
5985
4459
2933
1407
5225
9044
12862
16680
19791
22902
26013
29124
50389
6119
27385
48651
62371
10556
24277
37998
27512
17027
6541
61591
57786
53981
50176
46370
39068
31765
24463
17160
24476
31791
39107
46422
23568
715
43397
20543
46053
6027
31536
57046
15016
38521
62027
19997
9560
64660
54224
43788
12603
46955
15770
50121
53085
56049
59013
61977
30910
65379
34313
3246
43453
18123
58330
33000
31524
30047
28570
27094
1410
41263
15580
55433
28610
1788
40501
13678
32547
51416
4748
23617
567
43052
20002
62488
53073
43659
34244
24830
21231
17633
14034
10435
18351
26266
34181
42096
11118
45676
14698
49256
63105
11418
25267
39116
50764
62412
8525
20173
57050
28390
65267
36607
59926
17710
41029
64348
43941
23534
3126
48255
3916
25114
46311
1972
58497
49486
40474
31463
39938
48414
56889
65365
33365
1365
34902
2902
30976
59050
21589
49663
48815
47967
47119
46271
5823
30910
55998
15550
52151
23216
59818
30883
377
35407
4900
39930
32883
25837
18790
11743
55939
34599
13259
57455
9471
27024
44577
62130
35367
8604
47377
20614
9530
63982
52898
41814
56459
5568
20213
34858
22752
10647
64077
51971
59229
950
8207
15464
41938
2875
29348
55821
57430
59039
60647
62256
42881
23505
4130
50290
13703
42652
6065
35014
38891
42769
46647
50525
3878
22767
41656
60545
46946
33347
19748
6149
32858
59567
20740
47449
45364
43279
41194
39109
59226
13807
33925
54042
61309
3041
10308
17576
3191
54342
39957
25572
21601
17630
13658
9687
49600
23976
63889
38265
45257
52250
59242
698
19980
39262
58544
12290
41946
6066
35723
65379
11118
22394
33670
44945
10402
41394
6850
37842
53155
2932
18245
33558
41837
50116
58395
1138
44224
21773
64858
42407
29702
16997
4292
57123
523
9460
18397
27334
32656
37977
43299
48621
24873
1126
42914
19167
15765
12362
8960
5558
10801
16044
21287
26530
23678
20826
17974
15122
16425
17729
19032
20335
62457
39043
15629
57751
4079
15942
27806
39670
26070
12470
64406
50805
45497
40188
34879
29571
566
37098
8094
44625
41586
38546
35507
32467
9543
52156
29232
6309
32692
59075
19922
46305
44945
43585
42225
40865
54231
2061
15427
28793
35125
41456
47788
54120
58802
63483
2629
7310
44754
16663
54107
26015
63853
36154
8455
46293
16511
52266
22485
58239
40905
23570
6235
54437
54510
54584
54658
54731
2384
15572
28760
41949
43348
44748
46148
47547
5613
29215
52817
10883
9414
7945
6476
5007
1808
64146
60948
57750
24255
56295
22800
54840
1264
13224
25184
37144
9072
46535
18462
55926
12410
34430
56450
12934
28587
44241
59895
10013
54629
33708
12787
57402
33849
10295
52278
28724
62140
30020
63436
31316
64103
31354
64141
31392
47282
63171
13525
29415
45933
62452
13434
29953
9533
54649
34229
13809
6278
64283
56752
49221
64914
15072
30765
46458
48201
49944
51687
53430
59810
655
7035
13415
15826
18237
20648
23059
13328
3596
59401
49669
40920
32171
23422
14673
14137
13601
13065
12529
54658
31252
7845
49975
289
16139
31990
47840
39366
30892
22418
13944
1462
54516
42034
29552
31216
32881
34545
36210
32058
27907
23755
19604
12191
4778
62901
55488
42495
29502
16509
3516
61521
53990
46460
38929
45820
52711
59601
956
62144
57797
53449
49101
57760
883
9542
18202
8234
63803
53836
43869
8005
37678
1815
31487
9377
52804
30694
8584
52521
30922
9323
53260
46908
40557
34205
27853
36237
44621
53005
61389
59517
57645
55773
53900
50810
47720
44629
41539
41553
41567
41581
41595
37365
33135
28905
24675
31920
39164
46409
53653
56890
60126
63362
1063
4692
8321
11951
15580
26754
37928
49102
60276
49209
38141
27074
16006
51573
21604
57171
27202
1870
42074
16742
56946
49022
41099
33175
25251
25108
24965
24822
24678
4730
50317
30369
10421
54436
32916
11396
55411
4115
18354
32593
46832
37297
27762
18228
8693
53494
32760
12025
56827
19667
48043
10882
39258
3316
32910
62504
26562
54623
17149
45210
7736
4478
1220
63498
60241
61581
62921
64261
65
22467
44870
1737
24140
6460
54317
36637
18958
37971
56984
10461
29474
38939
48403
57867
1795
5915
10035
14154
18274
22709
27143
31577
36011
15807
61138
40934
20729
60873
35482
10090
50234
35060
19885
4711
55072
17341
45147
7416
35221
57761
14765
37304
59844
10914
27520
44126
60732
10740
26285
41830
57375
4122
16406
28689
40972
25591
10210
60365
44983
42295
39606
36918
34229
43919
53609
63298
7452
63501
54015
44528
35041
11840
54175
30973
7772
46767
20225
59220
32679
26689
20700
14710
8721
21279
33838
46396
58955
25429
57439
23913
55923
50140
44357
38574
32791
57699
17071
41978
1350
54433
41980
29527
17074
34171
51269
2831
19929
65477
45489
25501
5514
26826
48139
3915
25228
47258
3752
25782
47812
51580
55347
59115
62882
2538
7731
12923
18115
55541
27430
64855
36745
46005
55265
64525
8249
13629
19009
24389
29769
24274
18779
13284
7789
42376
11427
46014
15065
26321
37576
48832
60087
9746
24941
40136
55331
61616
2365
8650
14935
18519
22103
25687
29270
42010
54750
1954
14693
5123
61089
51518
41948
50572
59196
2283
10907
56892
37340
17788
63773
7489
16742
25994
35247
9683
49655
24091
64063
58687
53311
47936
42560
45672
48784
51896
55008
32057
9106
51690
28739
54190
14106
39557
65009
32184
64895
32070
64781
64159
63537
62914
62292
50657
39021
27386
15751
10589
5427
266
60640
55508
50375
45243
40110
35203
30296
25390
20483
37640
54797
6419
23576
34436
45296
56156
1479
8674
15870
23065
30260
9191
53658
32589
11520
28823
46126
63429
15196
29502
43809
58115
6886
42913
13404
49431
19922
65488
45518
25548
5578
42803
14492
51717
23406
22828
22250
21672
21094
44830
3030
26766
50503
29284
8065
52383
31164
55008
13316
37160
61004
59384
57764
56144
54524
32431
10337
53780
31686
3031
39911
11255
48135
60966
8261
21092
33923
30524
27126
23727
20329
4670
54547
38888
23229
9024
60355
46150
31945
15815
65220
49090
32960
4922
42421
14384
51883
16300
46254
10672
40626
6537
37984
3896
35343
3612
37417
5686
39490
2808
31662
60515
23833
39876
55919
6426
22469
44760
1515
23806
46097
4542
28523
52504
10949
37720
64491
25726
52496
9252
31543
53834
10589
31387
52185
7447
28244
51989
10199
33944
57689
15937
39721
63506
21754
45460
3630
27336
51041
9211
32917
56623
14793
41170
2012
28390
54768
18990
48747
12969
42726
10484
43778
11536
44830
17265
55235
27669
104
40432
15224
55552
30344
10166
55524
35346
15168
61115
41527
21938
2350
61069
54251
47434
40617
33721
26825
19929
13033
14704
16375
18046
19716
24217
28717
33217
37717
57189
11125
30597
50068
17051
49569
16551
49070
31574
14078
62119
44623
37580
30537
23494
16451
17857
19263
20669
22075
39985
57895
10269
28180
2127
41611
15559
55043
40701
26359
12018
63212
11470
25264
39059
52853
20759
54202
22108
55551
35089
14627
59701
39239
41530
43820
46111
48401
19933
57001
28533
65
62046
58492
54938
51383
14987
44127
7732
36872
41855
46838
51821
56804
60147
63489
1296
4639
18670
32702
46733
60764
52564
44364
36164
27964
13683
64938
50657
36376
1907
32974
64041
29572
49410
3712
23551
43389
31722
20055
8388
62257
38693
15129
57101
33538
52257
5440
24159
42878
31035
19191
7348
61041
28656
61807
29421
62572
55494
48416
41338
34259
56182
12568
34490
56413
30679
4945
44747
19013
30964
42916
54867
1282
45928
25038
4147
48793
56039
63285
4994
12240
17561
22881
28201
33522
59708
20359
46546
7196
12752
18308
23864
29421
17961
6502
60579
49120
47799
46478
45158
43837
15048
51795
23006
59754
45023
30292
15561
830
38038
9711
46920
18592
13322
8051
2780
63046
10109
22708
35307
47906
64699
15957
32750
49544
28613
7682
52287
31356
17253
3149
54582
40478
54383
2752
16656
30561
49996
3895
23330
42766
27777
12789
63337
48349
26120
3891
47198
24969
15973
6976
63516
54520
49286
44052
38818
33584
45394
57205
3479
15290
47053
13279
45042
11269
62591
48377
34164
19950
33705
47460
61215
9434
1222
58547
50335
42123
55593
3527
16997
30466
16311
2155
53536
39380
390
26935
53480
14489
12623
10758
8892
7026
52305
32049
11792
57071
25733
59931
28593
62791
21236
45217
3662
27642
39245
50847
62450
8517
3261
63541
58286
53030
41841
30652
19463
8273
57826
41842
25859
9876
51883
28355
4827
46834
17097
52896
23159
58958
28749
64077
33868
3659
38711
8228
43280
12796
43604
8877
39685
4957
28496
52034
10037
33575
56445
13780
36650
59521
17130
40276
63421
21031
45434
4301
28704
53107
10284
32997
55710
12888
33479
54070
9125
29716
51408
7564
29255
50947
6277
27143
48010
3340
24874
46409
2407
23941
45554
1631
23244
44857
63994
17596
36733
55870
9550
28766
47982
1662
20052
38443
56833
9688
27961
46234
64506
17243
34062
50881
2164
18982
32540
46097
59654
7675
21940
36204
50469
64733
14877
30556
46235
61914
11114
25850
40586
55323
4601
19416
34231
49045
63781
12981
27718
42454
58487
8983
25016
41049
54213
1842
15006
28170
41334
54499
2127
15291
28770
42248
55727
3670
17187
30705
44223
57741
5487
18769
32052
45334
57005
3140
14811
26482
38899
51317
63735
10616
21540
32465
43389
54314
1627
14477
27327
40177
51259
62340
7886
18967
31306
43645
55984
2787
16777
30766
44756
58745
6491
19773
33056
46338
57694
3515
14872
26228
38253
50277
62302
8791
20855
32919
44983
57047
3299
15088
26877
38666
50927
63187
9911
22172
33057
43942
54827
176
11651
23125
34600
46074
58492
5373
17791
30209
42037
53865
157
11985
25425
38864
52303
206
10816
21426
32036
42646
52785
62923
7526
17664
28353
39041
49730
60419
5296
15710
26123
36537
46950
57364
2241
12655
21575
30495
39415
48336
58278
2683
12625
22567
32706
42844
52983
63121
6780
15976
25171
34366
44230
54093
63956
8284
17754
27225
36695
46165
55125
64084
7508
16468
25781
35094
44407
53720
61619
3982
11880
19779
28424
37069
45714
54359
61983
4070
11694
19317
27530
35743
43956
52169
61875
6045
15751
25458
32334
39211
46088
52965
60313
2126
9474
16823
24485
32148
39811
47474
55215
62956
5162
12903
20959
29015
37070
45126
52828
60530
2696
10398
19122
27846
36570
45293
52760
60226
2156
9622
17128
24634
32139
39645
47976
56306
64637
7432
15606
23779
31953
40127
47593
55059
62525
4456
11608
18760
25911
33063
41080
49096
57113
65129
7059
14526
21992
29458
38064
46670
55276
63882
6716
15086
23456
31826
39450
47073
54697
62320
3504
10223
16943
23663
31090
38517
45944
53371
60169
1431
8229
15028
21551
28074
34597
41120
48901
56682
64462
6707
13269
19832
26394
32957
39284
45610
51937
58264
64472
5145
11354
17563
24008
30452
36897
43341
48607
53873
59138
64404
5313
11757
18202
24646
32191
39736
47281
54826
61388
2415
8977
15540
22142
28743
35345
41947
49060
56172
63285
4861
12131
19401
26671
33941
41918
49895
57872
313
9351
18389
27428
36466
42832
49198
55564
61930
1777
7161
12544
17928
24805
31682
38559
45435
51212
56988
62765
3006
10826
18646
26465
34285
43441
52597
61753
5374
11857
18341
24825
31309
37872
44434
50996
57559
64318
5541
12300
19059
26722
34384
42047
49710
57255
64800
6808
14353
21741
29129
36516
43904
50427
56950
63474
4461
9844
15228
20612
25995
31379
36762
42146
47530
52835
58140
63445
3214
9029
14845
20661
26477
32175
37873
43571
49269
56931
64594
6721
14384
20160
25937
31713
37490
42913
48336
53759
59182
758
7871
14983
22096
27951
33806
39661
45517
51883
58249
64615
5445
12361
19277
26193
33109
38021
42933
47845
52757
57551
62346
1604
6398
12174
17951
23727
29504
35870
42236
48602
54968
60666
828
6526
12224
17961
23698
29436
35173
40910
46647
52385
58122
64056
4453
10387
16321
20918
25516
30114
34711
40409
46107
51805
57503
64852
6664
14012
21361
28709
36058
43406
50754
56727
62700
3138
9111
14101
19092
24082
29073
33867
38661
43455
48250
53515
58781
64047
3776
10810
17844
24878
31913
37650
43387
49124
54862
59931
65000
4533
9602
15025
20448
25871
31294
37306
43319
49331
55343
60766
653
6076
11499
16647
21794
26942
32090
38535
44979
51424
57868
63999
4593
10723
16853
21922
26992
32061
37130
42160
47190
52220
57250
63262
3738
9751
15763
21815
27866
33918
39970
45471
50973
56474
61975
880
5320
9761
14201
18445
22689
26933
31177
35971
40766
45560
50354
55541
60728
379
5566
10793
16019
21246
26472
30559
34646
38732
42819
47771
52722
57673
62624
3179
9270
15361
21452
27622
33791
39961
46130
52300
58469
64639
5272
9477
13682
17886
22091
26021
29950
33880
37810
42682
47555
52428
57300
62291
1746
6736
11727
16953
22180
27406
32633
37545
42457
47369
52281
57586
62891
2660
7965
13505
19046
24587
30128
33900
37673
41445
45218
49029
52841
56653
60464
65101
4202
8839
13476
19528
25580
31631
37683
41888
46092
50297
54502
59532
64561
4055
9085
14233
19381
24529
29677
34903
40129
45356
50582
55219
59856
64493
3594
8585
13575
18566
23556
28076
32595
37114
41633
47449
53264
59080
64896
3761
8162
12564
16965
21248
25531
29815
34098
38028
41957
45887
49816
53746
57676
61605
65535
65535
65535
65535
65535
65535
65535
65535
65535
65535
65535
65535
65535
65535
65535
65535
65535
65535
65535
65535
65535
65535
65535
65535
65535
65535
65535
65535
65535
65535
65535
65535
65535
65535
65535
65535
65535
65535
65535
65535
65535
65535
65535
65535
65535
65535
65535
65535
65535
65535
65535
65535
65535
65535
65535
65535
65535
65535
65535
65535
65535
65535
65535
65535
65535
65535
65535
65535
65535
65535
65535
65535
65535
65535
65535
65535
65535
65535
65535
65535
65535
65535
65535
65535
65535
65535
65535
65535
65535
65535
65535
65535
65535
65535
65535
65535
65535
65535
65535
65535
65535
65535
65535
65535
65535
65535
65535
65535
65535
65535
65535
65535
65535
65535
65535
65535
65535
65535
65535
65535
65535
65535
65535
65535
65535
65535
65535
65535
65535
65535
65535
65535
65535
65535
65535
65535
65535
65535
65535
65535
65535
65535
65535
65535
65535
65535
65535
65535
65535
65535
65535
65535
65535
65535
65535
65535
65535
65535
65535
65535
65535
65535
65535
65535
65535
65535
65535
65535
65535
65535
65535
65535
65535
65535
65535
65535
65535
65535
65535
65535
65535
65535
65535
65535
65535
65535
65535
65535
65535
65535
65535
65535
65535
65535
65535
65535
65535
65535
65535
65535
65535
65535
65535
65535
65535
65535
65535
65535
65535
65535
65535
65535
65535
65535
65535
65535
65535
65535
65535
65535
65535
65535
65535
65535
65535
65535
65535
65535
65535
65535
65535
65535
65535
65535
65535
65535
65535
65535
65535
65535
65535
65535
65535
65535
65535
65535
65535
65535
65535
65535
65535
65535
65535
65535
65535
65535
65535
65535
65535
65535
65535
65535
65535
65535
65535
65535
65535
65535
65535
65535
65535
65535
65535
65535
65535
65535
65535
65535
65535
65535
65535
65535
65535
65535
65535
65535
65535
65535
65535
65535
65535
65535
65535
65535
65535
65535
65535
65535
65535
65535
65535
65535
65535
65535
65535
65535
65535
65535
65535
65535
65535
65535
65535
65535
65535
65535
65535
65535
65535
65535
65535
65535
65535
65535
65535
65535
65535
65535
65535
65535
65535
65535
65535
65535
65535
65535
65535
65535
65535
65535
65535
65535
65535
65535
65535
65535
65535
65535
65535
65535
65535
65535
65535
65535
65535
65535
65535
65535
65535
65535
65535
65535
65535
65535
65535
65535
65535
65535
65535
65535
65535
65535
65535
65535
65535
65535
65535
65535
65535
65535
65535
65535
65535
65535
65535
65535
65535
65535
65535
65535
65535
65535
65535
65535
65535
65535
65535
65535
65535
65535
65535
65535
65535
65535
65535
65535
65535
65535
65535
65535
65535
65535
65535
65535
65535
65535
65535
65535
65535
65535
65535
65535
65535
65535
65535
65535
65535
65535
65535
65535
65535
65535
65535
65535
65535
65535
65535
65535
65535
65535
65535
65535
65535
65535
65535
65535
65535
65535
65535
65535
65535
65535
65535
65535
65535
65535
65535
65535
65535
65535
65535
65535
65535
65535
65535
65535
65535
65535
65535
65535
65535
65535
65535
65535
65535
65535
65535
65535
65535
65535
65535
65535
65535
65535
65535
65535
65535
65535
65535
65535
65535
65535
65535
65535
65535
65535
65535
65535
65535
65535
65535
65535
65535
65535
65535
65535
65535
65535
65535
65535
65535
65535
65535
65535
65535
65535
65535
65535
65535
65535
65535
65535
65535
65535
65535
65535
65535
65535
65535
65535
65535
65535
65535
65535
65535
65535
65535
65535
65535
65535
65535
65535
65535
65535
65535
65535
65535
65535
65535
65535
65535
65535
65535
65535
65535
65535
65535
65535
65535
65535
65535
65535
65535
65535
65535
65535
65535
65535
65535
65535
65535
65535
65535
65535
65535
65535
65535
65535
65535
65535
65535
65535
65535
65535
65535
65535
65535
65535
65535
65535
65535
65535
65535
65535
65535
65535
65535
65535
65535
65535
65535
65535
65535
65535
65535
65535
65535
65535
65535
65535
65535
65535
65535
65535
65535
65535
65535
65535
65535
65535
65535
65535
65535
65535
65535
65535
65535
65535
65535
65535
65535
65535
65535
65535
65535
65535
65535
65535
65535
65535
65535
65535
65535
65535
65535
65535
65535
65535
65535
65535
65535
65535
65535
65535
65535
65535
65535
65535
65535
65535
65535
65535
65535
65535
65535
65535
65535
65535
65535
65535
65535
65535
65535
65535
65535
65535
65535
65535
65535
65535
65535
65535
65535
65535
65535
65535
65535
65535
65535
65535
65535
65535
65535
65535
65535
65535
65535
65535
65535
65535
65535
65535
65535
65535
65535
65535
65535
65535
65535
65535
65535
65535
65535
65535
65535
65535
65535
65535
65535
65535
65535
65535
65535
65535
65535
65535
65535
65535
65535
65535
65535
65535
65535
65535
65535
65535
65535
65535
65535
65535
65535
65535
65535
65535
65535
65535
65535
65535
65535
65535
65535
65535
65535
65535
65535
65535
65535
65535
65535
65535
65535
65535
65535
65535
65535
65535
65535
65535
65535
65535
65535
65535
65535
65535
65535
65535
65535
65535
65535
65535
65535
65535
65535
65535
65535
65535
65535
65535
65535
65535
65535
65535
65535
65535
65535
65535
65535
65535
65535
65535
65535
65535
65535
65535
65535
65535
65535
65535
65535
65535
65535
65535
65535
65535
65535
65535
65535
65535
65535
65535
65535
65535
65535
65535
65535
65535
65535
65535
65535
65535
65535
65535
65535
65535
65535
65535
65535
65535
65535
65535
65535
65535
65535
65535
65535
65535
65535
65535
65535
65535
65535
65535
65535
65535
65535
65535
65535
65535
65535
65535
65535
65535
65535
65535
65535
65535
65535
65535
65535
65535
65535
65535
65535
65535
65535
65535
65535
65535
65535
65535
65535
65535
65535
65535
65535
65535
65535
65535
65535
65535
65535
65535
65535
65535
65535
65535
65535
65535
65535
65535
65535
65535
65535
65535
65535
65535
65535
65535
65535
65535
65535
65535
65535
65535
65535
65535
65535
65535
65535
65535
65535
65535
65535
65535
65535
65535
65535
65535
65535
65535
65535
65535
65535
65535
65535
65535
65535
65535
65535
65535
65535
65535
65535
65535
65535
65535
65535
65535
65535
65535
65535
65535
65535
65535
65535
65535
65535
65535
65535
65535
65535
65535
65535
65535
65535
65535
65535
65535
65535
65535
65535
65535
65535
65535
65535
65535
65535
65535
65535
65535
65535
65535
65535
65535
65535
65535
65535
65535
65535
65535
65535
65535
65535
65535
65535
65535
65535
65535
65535
65535
65535
65535
65535
65535
65535
65535
65535
65535
65535
65535
65535
65535
65535
65535
65535
65535
65535
65535
65535
65535
65535
65535
65535
65535
65535
65535
65535
65535
65535
65535
65535
65535
65535
65535
65535
65535
65535
65535
65535
65535
65535
65535
65535
65535
65535
65535
65535
65535
65535
65535
65535
65535
65535
65535
65535
65535
65535
65535
65535
65535
65535
65535
65535
65535
65535
65535
65535
65535
65535
65535
65535
65535
65535
65535
65535
65535
65535
65535
65535
65535
65535
65535
65535
65535
65535
65535
65535
65535
65535
65535
65535
65535
65535
65535
65535
65535
65535
65535
65535
65535
65535
65535
65535
65535
65535
65535
65535
65535
65535
65535
65535
65535
65535
65535
65535
65535
65535
65535
65535
65535
65535
65535
65535
65535
65535
65535
65535
65535
65535
65535
65535
65535
65535
65535
65535
65535
65535
65535
65535
65535
65535
65535
65535
65535
65535
65535
65535
65535
65535
65535
65535
65535
65535
65535
65535
65535
65535
65535
65535
65535
65535
65535
65535
65535
65535
65535
65535
65535
65535
65535
65535
65535
65535
65535
65535
65535
65535
65535
65535
65535
65535
65535
65535
65535
65535
65535
65535
65535
65535
65535
65535
65535
65535
65535
65535
65535
65535
65535
65535
65535
65535
65535
65535
65535
65535
65535
65535
65535
65535
65535
65535
65535
65535
65535
65535
65535
65535
65535
65535
65535
65535
65535
65535
65535
65535
65535
65535
65535
65535
65535
65535
65535
65535
65535
65535
65535
65535
65535
65535
65535
65535
65535
65535
65535
65535
65535
65535
65535
65535
65535
65535
65535
65535
65535
65535
65535
65535
65535
65535
65535
65535
65535
65535
65535
65535
65535
65535
65535
65535
65535
65535
65535
65535
65535
65535
65535
65535
65535
65535
65535
65535
65535
65535
65535
65535
65535
65535
65535
65535
65535
65535
65535
65535
65535
65535
65535
65535
65535
65535
65535
65535
65535
65535
65535
65535
65535
65535
65535
65535
65535
65535
65535
65535
65535
65535
65535
65535
65535
65535
65535
65535
65535
65535
65535
65535
65535
65535
65535
65535
65535
65535
65535
65535
65535
65535
65535
65535
65535
65535
65535
65535
65535
65535
65535
65535
65535
65535
65535
65535
65535
65535
65535
65535
65535
65535
65535
65535
65535
65535
65535
65535
65535
65535
65535
65535
65535
65535
65535
65535
65535
65535
65535
65535
65535
65535
65535
65535
65535
65535
65535
65535
65535
65535
65535
65535
65535
65535
65535
65535
65535
65535
65535
65535
65535
65535
65535
65535
65535
65535
65535
65535
65535
65535
65535
65535
65535
65535
65535
65535
65535
65535
65535
65535
65535
65535
65535
65535
65535
65535
65535
65535
65535
65535
65535
65535
65535
65535
65535
65535
65535
65535
65535
65535
65535
65535
65535
65535
65535
65535
65535
65535
65535
65535
65535
65535
65535
65535
65535
65535
65535
65535
65535
65535
65535
65535
65535
65535
65535
65535
65535
65535
65535
65535
65535
65535
65535
65535
65535
65535
65535
65535
65535
65535
65535
65535
65535
65535
65535
65535
65535
65535
65535
65535
65535
65535
65535
65535
65535
65535
65535
65535
65535
65535
65535
65535
65535
65535
65535
65535
65535
65535
65535
65535
65535
65535
65535
65535
65535
65535
65535
65535
65535
65535
65535
65535
65535
65535
65535
65535
65535
65535
65535
65535
65535
65535
65535
65535
65535
65535
65535
65535
65535
65535
65535
65535
65535
65535
65535
65535
65535
65535
65535
65535
65535
65535
65535
65535
65535
65535
65535
65535
65535
65535
65535
65535
65535
65535
65535
65535
65535
65535
65535
65535
65535
65535
65535
65535
65535
65535
65535
65535
65535
65535
65535
65535
65535
65535
65535
65535
65535
65535
65535
65535
65535
65535
65535
65535
65535
65535
65535
65535
65535
65535
65535
65535
65535
65535
65535
65535
65535
65535
65535
65535
65535
65535
65535
65535
65535
65535
65535
65535
65535
65535
65535
65535
65535
65535
65535
65535
65535
65535
65535
65535
65535
65535
65535
65535
65535
65535
65535
65535
65535
65535
65535
65535
65535
65535
65535
65535
65535
65535
65535
65535
65535
65535
65535
65535
65535
65535
65535
65535
65535
65535
65535
65535
65535
65535
65535
65535
65535
65535
65535
65535
65535
65535
65535
65535
65535
65535
65535
65535
65535
65535
65535
65535
65535
65535
65535
65535
65535
65535
65535
65535
65535
65535
65535
65535
65535
65535
65535
65535
65535
65535
65535
65535
65535
65535
65535
65535
65535
65535
65535
65535
65535
65535
65535
65535
65535
65535
65535
65535
65535
65535
65535
65535
65535
65535
65535
65535
65535
65535
65535
65535
65535
65535
65535
65535
65535
65535
65535
65535
65535
65535
65535
65535
65535
65535
65535
65535
65535
65535
65535
65535
65535
65535
65535
65535
65535
65535
65535
65535
65535
65535
65535
65535
65535
65535
65535
65535
65535
65535
65535
65535
65535
65535
65535
65535
65535
65535
65535
65535
65535
65535
65535
65535
65535
65535
65535
65535
65535
65535
65535
65535
65535
65535
65535
65535
65535
65535
65535
65535
65535
65535
65535
65535
65535
65535
65535
65535
65535
65535
65535
65535
65535
65535
65535
65535
65535
65535
65535
65535
65535
65535
65535
65535
65535
65535
65535
65535
65535
65535
65535
65535
65535
65535
65535
65535
65535
65535
65535
65535
65535
65535
65535
65535
65535
65535
65535
65535
65535
65535
65535
65535
65535
65535
65535
65535
65535
65535
65535
65535
65535
65535
65535
65535
65535
65535
65535
65535
65535
65535
65535
65535
65535
65535
65535
65535
65535
65535
65535
65535
65535
65535
65535
65535
65535
65535
65535
65535
65535
65535
65535
65535
65535
65535
65535
65535
65535
65535
65535
65535
65535
65535
65535
65535
65535
65535
65535
65535
65535
65535
65535
65535
65535
65535
65535
65535
65535
65535
65535
65535
65535
65535
65535
65535
65535
65535
65535
65535
65535
65535
65535
65535
65535
65535
65535
65535
65535
65535
65535
65535
65535
65535
65535
65535
65535
65535
65535
65535
65535
65535
65535
65535
65535
65535
65535
65535
65535
65535
65535
65535
65535
65535
65535
65535
65535
65535
65535
65535
65535
65535
65535
65535
65535
65535
65535
65535
65535
65535
65535
65535
65535
65535
65535
65535
65535
65535
65535
65535
65535
65535
65535
65535
65535
65535
65535
65535
65535
65535
65535
65535
65535
65535
65535
65535
65535
65535
65535
65535
65535
65535
65535
65535
65535
65535
65535
65535
65535
65535
65535
65535
65535
65535
65535
65535
65535
65535
65535
65535
65535
65535
65535
65535
65535
65535
65535
65535
65535
65535
65535
65535
65535
65535
65535
65535
65535
65535
65535
65535
65535
65535
65535
65535
65535
65535
65535
65535
65535
65535
65535
65535
65535
65535
65535
65535
65535
65535
65535
65535
65535
65535
65535
65535
65535
65535
65535
65535
65535
65535
65535
65535
65535
65535
65535
65535
65535
65535
65535
65535
65535
65535
65535
65535
65535
65535
65535
65535
65535
65535
65535
65535
65535
65535
65535
65535
65535
65535
65535
65535
65535
65535
65535
65535
65535
65535
65535
65535
65535
65535
65535
65535
65535
65535
65535
65535
65535
65535
65535
65535
65535
65535
65535
65535
65535
65535
65535
65535
65535
65535
65535
65535
65535
65535
65535
65535
65535
65535
65535
65535
65535
65535
65535
65535
65535
65535
65535
65535
65535
65535
65535
65535
65535
65535
65535
65535
65535
65535
65535
65535
65535
65535
65535
65535
65535
65535
65535
65535
65535
65535
65535
65535
65535
65535
65535
65535
65535
65535
65535
65535
65535
65535
65535
65535
65535
65535
65535
65535
65535
65535
65535
65535
65535
65535
65535
65535
65535
65535
65535
65535
65535
65535
65535
65535
65535
65535
65535
65535
65535
65535
65535
65535
65535
65535
65535
65535
65535
65535
65535
65535
65535
65535
65535
65535
65535
65535
65535
65535
65535
65535
65535
65535
65535
65535
65535
65535
65535
65535
65535
65535
65535
65535
65535
65535
65535
65535
65535
65535
65535
65535
65535
65535
65535
65535
65535
65535
65535
65535
65535
65535
65535
65535
65535
65535
65535
65535
65535
65535
65535
65535
65535
65535
65535
65535
65535
65535
65535
65535
65535
65535
65535
65535
65535
65535
65535
65535
65535
65535
65535
65535
65535
65535
65535
65535
65535
65535
65535
65535
65535
65535
65535
65535
65535
65535
65535
65535
65535
65535
65535
65535
65535
65535
65535
65535
65535
65535
65535
65535
65535
65535
65535
65535
65535
65535
65535
65535
65535
65535
65535
65535
65535
65535
65535
65535
65535
65535
65535
65535
65535
65535
65535
65535
65535
65535
65535
65535
65535
65535
65535
65535
65535
65535
65535
65535
65535
65535
65535
65535
65535
65535
65535
65535
65535
65535
65535
65535
65535
65535
65535
65535
65535
65535
65535
65535
65535
65535
65535
65535
65535
65535
65535
65535
65535
65535
65535
65535
65535
65535
65535
65535
65535
65535
65535
65535
65535
65535
65535
65535
65535
65535
65535
65535
65535
65535
65535
65535
65535
65535
65535
65535
65535
65535
65535
65535
65535
65535
65535
65535
65535
65535
65535
65535
65535
65535
65535
65535
65535
65535
65535
65535
65535
65535
65535
65535
65535
65535
65535
65535
65535
65535
65535
65535
65535
65535
65535
65535
65535
65535
65535
65535
65535
65535
65535
65535
65535
65535
65535
65535
65535
65535
65535
65535
65535
65535
65535
65535
65535
65535
65535
65535
65535
65535
65535
65535
65535
65535
65535
65535
65535
65535
65535
65535
65535
65535
65535
65535
65535
65535
65535
65535
65535
65535
65535
65535
65535
65535
65535
65535
65535
65535
65535
65535
65535
65535
65535
65535
65535
65535
65535
65535
65535
65535
65535
65535
65535
65535
65535
65535
65535
65535
65535
65535
65535
65535
65535
65535
65535
65535
65535
65535
65535
65535
65535
65535
65535
65535
65535
65535
65535
65535
65535
65535
65535
65535
65535
65535
65535
65535
65535
65535
65535
65535
65535
65535
65535
65535
65535
65535
65535
65535
65535
65535
65535
65535
65535
65535
65535
65535
65535
65535
65535
65535
65535
65535
65535
65535
65535
65535
65535
65535
65535
65535
65535
65535
65535
65535
65535
65535
65535
65535
65535
65535
65535
65535
65535
65535
65535
65535
65535
65535
65535
65535
65535
65535
65535
65535
65535
65535
65535
65535
65535
65535
65535
65535
65535
65535
65535
65535
65535
65535
65535
65535
65535
65535
65535
65535
65535
65535
65535
65535
65535
65535
65535
65535
65535
65535
65535
65535
65535
65535
65535
65535
65535
65535
65535
65535
65535
65535
65535
65535
65535
65535
65535
65535
65535
65535
65535
65535
65535
65535
65535
65535
65535
65535
65535
65535
65535
65535
65535
65535
65535
65535
65535
65535
65535
65535
65535
65535
65535
65535
65535
65535
65535
65535
65535
65535
65535
65535
65535
65535
65535
65535
65535
65535
65535
65535
65535
65535
65535
65535
65535
65535
65535
65535
65535
65535
65535
65535
65535
65535
65535
65535
65535
65535
65535
65535
65535
65535
65535
65535
65535
65535
65535
65535
65535
65535
65535
65535
65535
65535
65535
65535
65535
65535
65535
65535
65535
65535
65535
65535
65535
65535
65535
65535
65535
65535
65535
65535
65535
65535
65535
65535
65535
65535
65535
65535
65535
65535
65535
65535
65535
65535
65535
65535
65535
65535
65535
65535
65535
65535
65535
65535
65535
65535
65535
65535
65535
65535
65535
65535
65535
65535
65535
65535
65535
65535
65535
65535
65535
65535
65535
65535
65535
65535
65535
65535
65535
65535
65535
65535
65535
65535
65535
65535
65535
65535
65535
65535
65535
65535
65535
65535
65535
65535
65535
65535
65535
65535
65535
65535
65535
65535
65535
65535
65535
65535
65535
65535
65535
65535
65535
65535
65535
65535
65535
65535
65535
65535
65535
65535
65535
65535
65535
65535
65535
65535
65535
65535
65535
65535
65535
65535
65535
65535
65535
65535
65535
65535
65535
65535
65535
65535
65535
65535
65535
65535
65535
65535
65535
65535
65535
65535
65535
65535
65535
65535
65535
65535
65535
65535
65535
65535
65535
65535
65535
65535
65535
65535
65535
65535
65535
65535
65535
65535
65535
65535
65535
65535
65535
65535
65535
65535
65535
65535
65535
65535
65535
65535
65535
65535
65535
65535
65535
65535
65535
65535
65535
65535
65535
65535
65535
65535
65535
65535
65535
65535
65535
65535
65535
65535
65535
65535
65535
65535
65535
65535
65535
65535
65535
65535
65535
65535
65535
65535
65535
65535
65535
65535
65535
65535
65535
65535
65535
65535
65535
65535
65535
65535
65535
65535
65535
65535
65535
65535
65535
65535
65535
65535
65535
65535
65535
65535
65535
65535
65535
65535
65535
65535
65535
65535
65535
65535
65535
65535
65535
65535
65535
65535
65535
65535
65535
65535
65535
65535
65535
65535
65535
65535
65535
65535
65535
65535
65535
65535
65535
65535
65535
65535
65535
65535
65535
65535
65535
65535
65535
65535
65535
65535
65535
65535
65535
65535
65535
65535
65535
65535
65535
65535
65535
65535
65535
65535
65535
65535
65535
65535
65535
65535
65535
65535
65535
65535
65535
65535
65535
65535
65535
65535
65535
65535
65535
65535
65535
65535
65535
65535
65535
65535
65535
65535
65535
65535
65535
65535
65535
65535
65535
65535
65535
65535
65535
65535
65535
65535
65535
65535
65535
65535
65535
65535
65535
65535
65535
65535
65535
65535
65535
65535
65535
65535
65535
65535
65535
65535
65535
65535
65535
65535
65535
65535
65535
65535
65535
65535
65535
65535
65535
65535
65535
65535
65535
65535
65535
65535
65535
65535
65535
65535
65535
65535
65535
65535
65535
65535
65535
65535
65535
65535
65535
65535
65535
65535
65535
65535
65535
65535
65535
65535
65535
65535
65535
65535
65535
65535
65535
65535
65535
65535
65535
65535
65535
65535
65535
65535
65535
65535
65535
65535
65535
65535
65535
65535
65535
65535
65535
65535
65535
65535
65535
65535
65535
65535
65535
65535
65535
65535
65535
65535
65535
65535
65535
65535
65535
65535
65535
65535
65535
65535
65535
65535
65535
65535
65535
65535
65535
65535
65535
65535
65535
65535
65535
65535
65535
65535
65535
65535
65535
65535
65535
65535
65535
65535
65535
65535
65535
65535
65535
65535
65535
65535
65535
65535
65535
65535
65535
65535
65535
65535
65535
65535
65535
65535
65535
65535
65535
65535
65535
65535
65535
65535
65535
65535
65535
65535
65535
65535
65535
65535
65535
65535
65535
65535
65535
65535
65535
65535
65535
65535
65535
65535
65535
65535
65535
65535
65535
65535
65535
65535
65535
65535
65535
65535
65535
65535
65535
65535
65535
65535
65535
65535
65535
65535
65535
65535
65535
65535
65535
65535
65535
65535
65535
65535
65535
65535
65535
65535
65535
65535
65535
65535
65535
65535
65535
65535
65535
65535
65535
65535
65535
65535
65535
65535
65535
65535
65535
65535
65535
65535
65535
65535
65535
65535
65535
65535
65535
65535
65535
65535
65535
65535
65535
65535
65535
65535
65535
65535
65535
65535
65535
65535
65535
65535
65535
65535
65535
65535
65535
65535
65535
65535
65535
65535
65535
65535
65535
65535
65535
65535
65535
65535
65535
65535
65535
65535
65535
65535
65535
65535
65535
65535
65535
65535
65535
65535
65535
65535
65535
65535
65535
65535
65535
65535
65535
65535
65535
65535
65535
65535
65535
65535
65535
65535
65535
65535
65535
65535
65535
65535
65535
65535
65535
65535
65535
65535
65535
65535
65535
65535
65535
65535
65535
65535
65535
65535
65535
65535
65535
65535
65535
65535
65535
65535
65535
65535
65535
65535
65535
65535
65535
65535
65535
65535
65535
65535
65535
65535
65535
65535
65535
65535
65535
65535
65535
65535
65535
65535
65535
65535
65535
65535
65535
65535
65535
65535
65535
65535
65535
65535
65535
65535
65535
65535
65535
65535
65535
65535
65535
65535
65535
65535
65535
65535
65535
65535
65535
65535
65535
65535
65535
65535
65535
65535
65535
65535
65535
65535
65535
65535
65535
65535
65535
65535
65535
65535
65535
65535
65535
65535
65535
65535
65535
65535
65535
65535
65535
65535
65535
65535
65535
65535
65535
65535
65535
65535
65535
65535
65535
65535
65535
65535
65535
65535
65535
65535
65535
65535
65535
65535
65535
65535
65535
65535
65535
65535
65535
65535
65535
65535
65535
65535
65535
65535
65535
65535
65535
65535
65535
65535
65535
65535
65535
65535
65535
65535
65535
65535
65535
65535
65535
65535
65535
65535
65535
65535
65535
65535
65535
65535
65535
65535
65535
65535
65535
65535
65535
65535
65535
65535
65535
65535
65535
65535
65535
65535
65535
65535
65535
65535
65535
65535
65535
65535
65535
65535
65535
65535
65535
65535
65535
65535
65535
65535
65535
65535
65535
65535
65535
65535
65535
65535
65535
65535
65535
65535
65535
65535
65535
65535
65535
65535
65535
65535
65535
65535
65535
65535
65535
65535
65535
65535
65535
65535
65535
65535
65535
65535
65535
65535
65535
65535
65535
65535
65535
65535
65535
65535
65535
65535
65535
65535
65535
65535
65535
65535
65535
65535
65535
65535
65535
65535
65535
65535
65535
65535
65535
65535
65535
65535
65535
65535
65535
65535
65535
65535
65535
65535
65535
65535
65535
65535
65535
65535
65535
65535
65535
65535
65535
65535
65535
65535
65535
65535
65535
65535
65535
65535
65535
65535
65535
65535
65535
65535
65535
65535
65535
65535
65535
65535
65535
65535
65535
65535
65535
65535
65535
65535
65535
65535
65535
65535
65535
65535
65535
65535
65535
65535
65535
65535
65535
65535
65535
65535
65535
65535
65535
65535
65535
65535
65535
65535
65535
65535
65535
65535
65535
65535
65535
65535
65535
65535
65535
65535
65535
65535
65535
65535
65535
65535
65535
65535
65535
65535
65535
65535
65535
65535
65535
65535
65535
65535
65535
65535
65535
65535
65535
65535
65535
65535
65535
65535
65535
65535
65535
65535
65535
65535
65535
65535
65535
65535
65535
65535
65535
65535
65535
65535
65535
65535
65535
65535
65535
65535
65535
65535
65535
65535
65535
65535
65535
65535
65535
65535
65535
65535
65535
65535
65535
65535
65535
65535
65535
65535
65535
65535
65535
65535
65535
65535
65535
65535
65535
65535
65535
65535
65535
65535
65535
65535
65535
65535
65535
65535
65535
65535
65535
65535
65535
65535
65535
65535
65535
65535
65535
65535
65535
65535
65535
65535
65535
65535
65535
65535
65535
65535
65535
65535
65535
65535
65535
65535
65535
65535
65535
65535
65535
65535
65535
65535
65535
65535
65535
65535
65535
65535
65535
65535
65535
65535
65535
65535
65535
65535
65535
65535
65535
65535
65535
65535
65535
65535
65535
65535
65535
65535
65535
65535
65535
65535
65535
65535
65535
65535
65535
65535
65535
65535
65535
65535
65535
65535
65535
65535
65535
65535
65535
65535
65535
65535
65535
65535
65535
65535
65535
65535
65535
65535
65535
65535
65535
65535
65535
65535
65535
65535
65535
65535
65535
65535
65535
65535
65535
65535
65535
65535
65535
65535
65535
65535
65535
65535
65535
65535
65535
65535
65535
65535
65535
65535
65535
65535
65535
65535
65535
65535
65535
65535
65535
65535
65535
65535
65535
65535
65535
65535
65535
65535
65535
65535
65535
65535
65535
65535
65535
65535
65535
65535
65535
65535
65535
65535
65535
65535
65535
65535
65535
65535
65535
65535
65535
65535
65535
65535
65535
65535
65535
65535
65535
65535
65535
65535
65535
65535
65535
65535
65535
65535
65535
65535
65535
65535
65535
65535
65535
65535
65535
65535
65535
65535
65535
65535
65535
65535
65535
65535
65535
65535
65535
65535
65535
65535
65535
65535
65535
65535
65535
65535
65535
65535
65535
65535
65535
65535
65535
65535
65535
65535
65535
65535
65535
65535
65535
65535
65535
65535
65535
65535
65535
65535
65535
65535
65535
65535
65535
65535
65535
65535
65535
65535
65535
65535
65535
65535
65535
65535
65535
65535
65535
65535