3413.000
2518.000
2291.000
2211.000
2040.000
1906.000
1902.000
1851.000
1606.000
1614.000
1501.000
1510.000
1392.000
1346.000
1295.000
1189.000
1130.000
1029.000
1067.000
991.000
918.000
856.000
854.000
872.000
777.000
742.000
706.000
698.000
625.000
627.000
575.000
557.000
493.000
463.000
456.000
444.000
398.000
418.000
358.000
344.000
329.000
335.000
292.000
281.000
289.000
259.000
268.000
250.000
222.000
249.000
213.000
205.000
167.000
172.000
167.000
178.000
159.000
141.000
132.000
138.000
120.000
129.000
119.000
110.000
111.000
98.000
71.000
73.000
73.000
87.000
82.000
80.000
69.000
54.000
65.000
58.000
53.000
49.000
41.000
47.000
47.000
47.000
59.000
33.000
35.000
33.000
21.000
34.000
32.000
36.000
29.000
24.000
32.000
15.000
16.000
21.000
19.000
21.000
21.000
16.000
12.000
12.000
12.000
15.000
16.000
15.000
14.000
19.000
15.000
4.000
9.000
13.000
11.000
9.000
9.000
4.000
10.000
7.000
4.000
5.000
4.000
2.000
5.000
6.000
8.000
4.000
3.000
7.000
5.000
4.000
4.000
3.000
3.000
6.000
4.000
3.000
2.000
2.000
4.000
4.000
2.000
0.000
2.000
1.000
2.000
2.000
2.000
2.000
1.000
0.000
2.000
0.000
1.000
0.000
1.000
3.000
1.000
0.000
0.000
