119928.000
117841.000
117428.000
116979.000
116500.000
115587.000
116147.000
114832.000
114932.000
114087.000
113607.000
113226.000
112810.000
112635.000
112149.000
111528.000
110951.000
110526.000
109891.000
109474.000
109211.000
109118.000
108122.000
107760.000
107152.000
107068.000
106727.000
105952.000
105479.000
105492.000
104676.000
104633.000
103803.000
103221.000
103207.000
102282.000
101944.000
101804.000
101147.000
100962.000
100157.000
100176.000
99438.000
98794.000
98603.000
98071.000
97696.000
97343.000
97379.000
96683.000
96609.000
96169.000
94969.000
95461.000
95010.000
94428.000
94193.000
93201.000
93659.000
93269.000
92382.000
91537.000
92071.000
90874.000
90576.000
90703.000
90388.000
89637.000
89484.000
88632.000
88129.000
87868.000
88255.000
87681.000
87121.000
86276.000
86594.000
86282.000
85350.000
84912.000
84390.000
84680.000
84374.000
83790.000
83197.000
82586.000
82415.000
82727.000
82339.000
81799.000
81366.000
81492.000
81008.000
80256.000
79707.000
79772.000
79455.000
79287.000
79030.000
78381.000
77877.000
77698.000
77787.000
77166.000
76521.000
76551.000
76253.000
76092.000
75543.000
74590.000
75044.000
74975.000
74325.000
74352.000
73552.000
73376.000
72841.000
73255.000
72111.000
71922.000
71708.000
71172.000
71051.000
70932.000
70955.000
70032.000
70203.000
69656.000
69259.000
69267.000
69163.000
68276.000
68174.000
68099.000
67873.000
66768.000
66681.000
67097.000
66655.000
66055.000
66486.000
65471.000
65680.000
64868.000
64895.000
64885.000
64315.000
63931.000
63556.000
63170.000
63546.000
63100.000
62732.000
62670.000
61779.000
61802.000
61694.000
61453.000
61290.000
60937.000
60778.000
60216.000
60024.000
59556.000
59375.000
59333.000
58937.000
59148.000
58206.000
58529.000
58599.000
57712.000
57872.000
57432.000
57009.000
57203.000
57117.000
56644.000
55975.000
55834.000
55752.000
55679.000
55318.000
55217.000
54945.000
54753.000
54465.000
53950.000
54177.000
53465.000
53831.000
53094.000
53039.000
53087.000
52603.000
52673.000
52286.000
51948.000
51797.000
51716.000
51284.000
50769.000
51225.000
50767.000
50613.000
49947.000
49945.000
49796.000
49655.000
49896.000
49306.000
49163.000
48577.000
48677.000
48656.000
48466.000
47996.000
47508.000
47610.000
47309.000
47077.000
47470.000
47260.000
46561.000
46371.000
46566.000
45931.000
45807.000
46044.000
45780.000
45369.000
45090.000
44516.000
44798.000
44530.000
44356.000
43923.000
43711.000
43914.000
43806.000
43514.000
43514.000
43295.000
43347.000
43002.000
42793.000
42479.000
42126.000
41844.000
42295.000
41812.000
41563.000
41523.000
41456.000
40773.000
40924.000
40810.000
40645.000
40290.000
40007.000
40084.000
40152.000
39694.000
39754.000
39149.000
39228.000
38685.000
38739.000
38612.000
38695.000
38329.000
38081.000
37895.000
38082.000
37574.000
37504.000
37240.000
37134.000
37041.000
37128.000
36742.000
36443.000
36567.000
36258.000
36371.000
35901.000
35747.000
35313.000
35196.000
35369.000
35260.000
35148.000
34725.000
34993.000
34853.000
34596.000
34040.000
34218.000
34118.000
33979.000
33762.000
33554.000
33302.000
33478.000
33042.000
33417.000
33159.000
32620.000
32916.000
32473.000
32541.000
32136.000
32103.000
32038.000
31640.000
31892.000
32178.000
31679.000
31453.000
31051.000
31097.000
30914.000
30991.000
30781.000
30631.000
30554.000
30417.000
30466.000
30264.000
29774.000
30048.000
29871.000
29694.000
29421.000
29439.000
29249.000
29171.000
29183.000
29051.000
28395.000
28740.000
28442.000
28722.000
28734.000
28201.000
12650.000
0.000
0.000
0.000
0.000
0.000
0.000
0.000
0.000
14938.000
