101600.000
100335.000
99608.000
98944.000
98510.000
98275.000
97568.000
97499.000
96173.000
96301.000
95960.000
95228.000
95092.000
95027.000
93993.000
94003.000
93525.000
92937.000
92689.000
91928.000
91604.000
91642.000
91389.000
90719.000
90496.000
90285.000
89745.000
89379.000
88766.000
88209.000
88453.000
88222.000
87643.000
86745.000
86936.000
86667.000
86069.000
85029.000
85581.000
84871.000
84977.000
84178.000
83669.000
83493.000
82827.000
82684.000
82236.000
81568.000
81918.000
81821.000
80816.000
80752.000
80344.000
79942.000
79618.000
79180.000
78841.000
79439.000
78610.000
78419.000
78183.000
77600.000
76436.000
76784.000
76026.000
75432.000
75875.000
75802.000
75144.000
74483.000
74358.000
74115.000
73672.000
73586.000
73540.000
72963.000
72420.000
72025.000
72105.000
71912.000
71689.000
70587.000
71095.000
70506.000
70372.000
69727.000
69412.000
69070.000
69391.000
69108.000
68698.000
68115.000
68003.000
67534.000
67036.000
67160.000
66889.000
66467.000
66226.000
65762.000
66203.000
65454.000
64861.000
65066.000
64437.000
64290.000
63982.000
63833.000
63741.000
63150.000
63053.000
63083.000
62465.000
62327.000
61849.000
61974.000
61176.000
61442.000
60849.000
60107.000
60621.000
60295.000
59969.000
59677.000
59911.000
59330.000
58489.000
58639.000
58298.000
58156.000
57898.000
57651.000
57915.000
56858.000
56728.000
56696.000
56312.000
55962.000
56284.000
55587.000
55152.000
55380.000
55038.000
54950.000
54669.000
54223.000
54029.000
53450.000
53533.000
53020.000
52989.000
52893.000
52691.000
52418.000
52273.000
51872.000
52095.000
51701.000
51183.000
51047.000
51210.000
50931.000
50973.000
50370.000
49959.000
49752.000
49994.000
49379.000
49869.000
49042.000
48805.000
49495.000
48706.000
48139.000
48303.000
47937.000
47431.000
47504.000
47230.000
46825.000
46824.000
46864.000
46623.000
45926.000
46434.000
45786.000
45583.000
45438.000
45357.000
45280.000
44873.000
44678.000
44651.000
44642.000
44502.000
43954.000
43705.000
43672.000
43361.000
43080.000
43129.000
43311.000
42537.000
42876.000
42329.000
42143.000
42285.000
41778.000
41910.000
41663.000
41679.000
41232.000
41026.000
40486.000
40847.000
40692.000
40222.000
40519.000
39766.000
39663.000
39361.000
39430.000
39292.000
39480.000
38949.000
38708.000
38753.000
38706.000
38058.000
38504.000
37972.000
37670.000
37894.000
37458.000
37374.000
37423.000
37041.000
36918.000
37373.000
36287.000
36442.000
35907.000
35988.000
36219.000
35847.000
35847.000
35662.000
35570.000
35030.000
35220.000
35161.000
34786.000
34405.000
34650.000
34658.000
34395.000
34240.000
33997.000
33799.000
33667.000
33618.000
33362.000
33099.000
33079.000
33029.000
32587.000
32708.000
32473.000
32309.000
32227.000
32216.000
31654.000
31758.000
31796.000
31682.000
31479.000
31386.000
31360.000
31166.000
30796.000
30621.000
30799.000
30349.000
30441.000
30573.000
30549.000
30216.000
30151.000
29678.000
29697.000
29632.000
29105.000
29681.000
29257.000
29075.000
28903.000
29010.000
28855.000
28451.000
28495.000
28463.000
28094.000
28286.000
28288.000
28159.000
27644.000
27882.000
27369.000
27361.000
27371.000
27077.000
27377.000
26872.000
26920.000
26685.000
26671.000
26374.000
26744.000
26343.000
26170.000
25938.000
25964.000
25779.000
25744.000
25433.000
25743.000
25635.000
25491.000
25463.000
25286.000
25178.000
24681.000
24816.000
24773.000
24600.000
24529.000
24166.000
24181.000
24019.000
23890.000
23956.000
23770.000
23726.000
23709.000
23600.000
23524.000
23322.000
23263.000
22993.000
23000.000
22770.000
22759.000
22715.000
22612.000
22700.000
22256.000
22571.000
22131.000
12258.000
0.000
