100670.000
98683.000
98663.000
98654.000
98365.000
97915.000
97545.000
97254.000
97394.000
95855.000
96008.000
95373.000
94803.000
94738.000
94110.000
93399.000
93811.000
93207.000
92965.000
91892.000
91645.000
91373.000
91010.000
90512.000
90111.000
89529.000
90019.000
88701.000
88803.000
88443.000
87979.000
87684.000
87244.000
86903.000
86958.000
85930.000
86112.000
85267.000
84746.000
84453.000
84660.000
84303.000
83426.000
83573.000
82717.000
82839.000
81939.000
81631.000
81517.000
81890.000
81280.000
80293.000
80415.000
79571.000
79298.000
78820.000
79206.000
78410.000
77946.000
78057.000
77459.000
77011.000
77816.000
76999.000
76592.000
75888.000
75835.000
75268.000
75484.000
74871.000
74733.000
73807.000
73650.000
73524.000
73244.000
72773.000
72991.000
72256.000
71622.000
72048.000
71397.000
70796.000
70252.000
70679.000
70450.000
70288.000
69806.000
69372.000
69128.000
68922.000
68623.000
68386.000
67766.000
67492.000
67055.000
66951.000
66974.000
66428.000
66232.000
65938.000
65831.000
65375.000
65253.000
65040.000
64438.000
64054.000
64014.000
63818.000
63648.000
63287.000
62888.000
62704.000
62487.000
62069.000
61902.000
61616.000
61529.000
60873.000
61053.000
60441.000
60346.000
60046.000
59725.000
59967.000
59324.000
59307.000
58863.000
58473.000
58050.000
58072.000
58193.000
57559.000
57408.000
57055.000
56502.000
56601.000
56550.000
56328.000
55485.000
55719.000
55352.000
55321.000
55280.000
55301.000
54594.000
54326.000
54147.000
54083.000
53778.000
53183.000
53492.000
53182.000
52652.000
52823.000
52278.000
51593.000
52282.000
51679.000
51678.000
51082.000
51166.000
50721.000
50405.000
50672.000
50302.000
49792.000
49808.000
49752.000
49840.000
49739.000
48944.000
49083.000
48348.000
48000.000
47730.000
48093.000
47870.000
47280.000
47349.000
47186.000
46971.000
46779.000
46634.000
46527.000
46328.000
45757.000
45544.000
45718.000
45372.000
45293.000
44870.000
44868.000
44995.000
44132.000
44312.000
44145.000
43836.000
43608.000
43444.000
43330.000
43435.000
42857.000
42868.000
42926.000
42077.000
42278.000
42136.000
41888.000
41976.000
41176.000
41334.000
40943.000
40929.000
40705.000
40723.000
40642.000
39936.000
39953.000
40156.000
39573.000
39539.000
39328.000
39472.000
39460.000
39330.000
38676.000
38880.000
38474.000
38008.000
37951.000
37961.000
38022.000
37890.000
37234.000
37192.000
37204.000
36945.000
37366.000
36783.000
36719.000
36430.000
36399.000
36091.000
36143.000
35790.000
35541.000
35734.000
35390.000
34846.000
34971.000
34931.000
34793.000
34828.000
34736.000
34214.000
34403.000
33849.000
33708.000
33443.000
33482.000
33424.000
33273.000
33402.000
33292.000
33086.000
32910.000
32483.000
32273.000
32265.000
32523.000
32541.000
31900.000
31858.000
31893.000
32007.000
31396.000
31723.000
30773.000
30979.000
31229.000
31011.000
30672.000
30547.000
30236.000
30068.000
30204.000
29947.000
29951.000
30106.000
29659.000
29564.000
29443.000
29670.000
29096.000
29227.000
29019.000
28794.000
28609.000
28340.000
28270.000
28226.000
28231.000
28149.000
28169.000
27974.000
28045.000
27725.000
27606.000
27353.000
27185.000
27280.000
26879.000
27069.000
26883.000
26903.000
26924.000
26487.000
26153.000
26418.000
26137.000
25846.000
25999.000
25682.000
25660.000
25750.000
25472.000
25256.000
25072.000
25032.000
25216.000
25062.000
24941.000
24752.000
24561.000
24557.000
24419.000
24296.000
24337.000
24032.000
23989.000
24025.000
24002.000
23891.000
23668.000
23473.000
23592.000
23143.000
23429.000
22778.000
23051.000
23128.000
22960.000
22791.000
22923.000
22723.000
22337.000
22386.000
22482.000
22228.000
22166.000
