101775.000
100106.000
99907.000
99711.000
98840.000
98985.000
98133.000
98092.000
97265.000
97005.000
96541.000
95184.000
95990.000
95160.000
94278.000
95258.000
94395.000
93875.000
93097.000
93241.000
92571.000
92382.000
91294.000
91824.000
90907.000
90724.000
90997.000
90664.000
89484.000
89201.000
88827.000
88769.000
87767.000
87724.000
87389.000
86655.000
86816.000
85701.000
85858.000
85272.000
85632.000
84302.000
84493.000
84127.000
83786.000
83792.000
82972.000
82233.000
81811.000
81486.000
81827.000
81523.000
80768.000
80935.000
80218.000
80308.000
79559.000
79389.000
79371.000
79223.000
78520.000
77855.000
77554.000
77475.000
76568.000
76799.000
76094.000
75774.000
76198.000
75736.000
75242.000
74324.000
74431.000
74142.000
74035.000
73360.000
73091.000
72613.000
72344.000
72584.000
71473.000
72212.000
71173.000
70955.000
70950.000
70197.000
70049.000
69982.000
69578.000
69094.000
69125.000
68707.000
68512.000
68259.000
67804.000
67395.000
67673.000
67145.000
66792.000
66524.000
66148.000
66035.000
65173.000
65059.000
65080.000
64568.000
64242.000
64037.000
63809.000
63818.000
63062.000
63331.000
63088.000
62507.000
62412.000
62169.000
61689.000
61590.000
61451.000
61026.000
60760.000
60765.000
60062.000
60452.000
60306.000
59404.000
59396.000
59080.000
59272.000
58115.000
58604.000
58397.000
57685.000
57361.000
57620.000
57200.000
57193.000
57280.000
56638.000
56367.000
55968.000
55254.000
55366.000
55137.000
55267.000
54569.000
54534.000
54245.000
54300.000
53496.000
54170.000
53599.000
53094.000
52980.000
52508.000
52436.000
52316.000
52167.000
52018.000
51650.000
51280.000
51367.000
51103.000
50803.000
50438.000
50528.000
50151.000
49900.000
49438.000
49804.000
49321.000
49157.000
48962.000
49100.000
48442.000
48274.000
48006.000
47893.000
47690.000
47511.000
47246.000
47361.000
47175.000
46819.000
46136.000
46636.000
46336.000
46026.000
45705.000
45422.000
45674.000
45086.000
44807.000
44876.000
44603.000
44684.000
44295.000
44117.000
43656.000
43877.000
43270.000
43242.000
42962.000
42794.000
42860.000
42507.000
42704.000
42148.000
42151.000
41567.000
41506.000
41450.000
41242.000
41383.000
41301.000
40972.000
40950.000
40728.000
40348.000
39969.000
40382.000
39633.000
40052.000
39322.000
39609.000
39048.000
38805.000
38636.000
38331.000
38214.000
38393.000
38377.000
37715.000
37933.000
37639.000
37780.000
37283.000
37176.000
37164.000
37108.000
36723.000
36608.000
36043.000
36379.000
36064.000
35973.000
35857.000
35365.000
35858.000
35322.000
35147.000
34953.000
35108.000
34864.000
34528.000
34638.000
34457.000
34020.000
33830.000
34057.000
33985.000
33941.000
33459.000
33448.000
33357.000
33005.000
32521.000
32972.000
32524.000
32539.000
32459.000
32171.000
31931.000
32031.000
17198.000
0.000
0.000
0.000
0.000
0.000
0.000
0.000
0.000
0.000
0.000
0.000
0.000
0.000
0.000
0.000
0.000
0.000
0.000
0.000
0.000
0.000
0.000
0.000
0.000
0.000
0.000
0.000
0.000
0.000
0.000
0.000
0.000
0.000
0.000
0.000
0.000
0.000
0.000
0.000
0.000
0.000
0.000
0.000
0.000
0.000
0.000
0.000
0.000
0.000
0.000
0.000
0.000
0.000
0.000
0.000
0.000
0.000
0.000
0.000
0.000
0.000
0.000
0.000
0.000
0.000
0.000
0.000
0.000
0.000
0.000
0.000
0.000
0.000
0.000
0.000
0.000
0.000
0.000
0.000
0.000
0.000
0.000
0.000
0.000
0.000
