0
0
0
0
0
0
0
0
0
0
0
0
0
0
0
0
0
0
0
0
0
0
0
0
0
0
0
0
0
0
0
0
0
0
0
0
0
0
0
0
0
0
0
0
0
0
0
0
0
0
0
0
0
0
0
0
0
0
0
0
0
0
0
0
0
0
0
0
0
0
0
0
0
0
0
0
0
0
0
0
0
0
0
0
0
0
0
0
0
0
0
0
0
0
0
0
0
0
0
0
0
0
0
0
0
0
0
0
0
0
0
0
0
0
0
0
0
0
0
0
0
0
0
0
0
0
0
0
0
0
0
0
0
0
0
0
0
0
0
0
0
0
0
0
0
0
0
0
0
0
0
0
0
0
0
0
0
0
0
0
0
0
0
0
0
0
0
0
0
0
0
0
0
0
0
0
0
0
0
0
0
0
0
0
0
0
0
0
0
0
0
0
0
0
0
0
0
0
0
0
0
0
0
0
0
0
0
0
0
0
0
0
0
0
0
0
0
0
0
0
0
0
0
0
0
0
0
0
0
0
0
0
0
0
0
0
0
0
0
0
0
0
0
0
0
0
0
0
0
0
0
0
0
0
0
0
0
0
0
0
0
0
0
0
0
0
0
0
0
0
0
0
0
0
0
0
0
0
0
0
0
0
0
0
0
0
0
0
0
0
0
0
0
0
0
0
0
0
0
0
0
0
0
0
0
0
0
0
0
0
0
0
0
0
0
0
0
0
0
0
0
0
0
0
0
0
0
0
0
0
0
0
0
0
0
0
0
0
0
0
0
0
0
0
0
0
0
0
0
0
0
0
0
0
0
0
0
0
0
0
0
0
0
0
0
0
0
0
0
0
0
0
0
0
0
0
0
0
0
0
0
0
0
0
0
0
0
0
0
0
0
0
0
0
0
0
0
0
0
0
0
0
0
6243
42133
24973
37460
49946
14842
27328
3925
16412
17197
59330
24225
12524
25010
7850
43740
20337
14879
15664
28150
40637
10990
23477
29720
53908
60152
18804
7887
38319
3214
21944
34430
64862
18056
30542
43029
37571
20411
3251
57871
52412
35252
47739
12634
43066
7961
8746
32934
15775
39963
52449
29046
23588
24373
54804
19700
25943
32186
26728
50916
45458
57944
22840
59515
47813
48598
13493
61870
8820
57196
45495
28335
4932
29120
53308
259
25232
55663
8857
33045
50990
57233
58018
11212
11997
54130
42429
7324
1866
38540
3436
27624
64299
58840
47139
12034
60410
61195
37792
32334
62766
39362
10501
40933
41718
60447
25343
14426
26913
33941
16781
58914
41755
36296
48783
61269
62054
2762
44895
16033
46465
41006
41791
30875
61306
19958
62091
38688
33230
39473
63661
64446
65232
59773
6724
12967
1266
49642
9079
15322
63698
34837
35622
18462
24706
1303
31734
26276
32519
45006
34089
10686
23173
23958
54389
37229
38014
2910
56744
15396
16181
10723
46613
29453
23995
42724
13078
49753
2947
63024
45864
40406
11545
41976
48220
24817
37303
49790
14685
38873
45116
21713
52145
10797
5339
47472
30312
6909
49042
7694
49827
8479
14722
15507
63883
17077
41265
35807
59995
54537
37377
31919
62350
9301
33489
57677
22572
35059
11656
18684
1524
43657
2309
50686
51471
21824
22609
53041
35881
36666
60854
55396
14048
56181
56966
34348
4701
35133
47619
30460
7057
25786
56218
50759
15655
57788
10982
65
42198
48441
13337
43768
14122
44553
51581
64068
53152
53937
48478
13374
2457
32889
4027
52403
53189
47730
30570
7167
7952
2494
21224
15766
10308
4849
5634
36066
25149
25934
32963
27504
4101
52477
41561
213
54833
25186
19728
2568
62646
51729
40028
64216
40813
59543
30681
25223
55655
2605
44738
9633
40065
4960
65038
18232
1072
1857
14344
62720
57262
33858
4997
59617
18269
36999
13596
26082
14381
44812
9707
10492
40924
35465
54195
37036
25334
55765
62794
27689
46419
65149
59691
398
19128
1968
2753
26941
39428
10566
5108
35539
48026
19165
37895
50381
15276
21520
10603
11388
59764
12958
7500
55876
62905
45745
64475
47315
23912
36398
48885
43427
8322
14565
38753
51240
16135
58268
59053
53595
18491
37220
38005
9144
57520
52062
10714
34902
6041
583
1368
43501
62230
38827
21668
28696
41182
12321
54454
1405
61482
44323
14676
56809
33406
45893
58379
34976
6115
24845
13928
8470
9255
10040
10825
59201
35798
18638
49070
61556
44397
27237
57668
40508
41293
65481
30377
54565
1516
38190
50677
45219
39760
16357
17142
17927
42900
37442
43685
56172
39012
15609
28096
46826
29666
18749
1589
61667
27348
51536
4730
23459
24244
42974
37516
56246
39086
39871
40656
93
43011
55498
14150
32880
33665
57853
11047
36020
13402
25888
14972
15757
46188
40730
5626
60245
25140
50114
57142
22037
29066
54039
36879
25962
50936
51721
40804
5699
1026
37701
26784
64244
53328
48654
43981
38523
15905
34635
59608
12802
43233
61963
38560
15942
40915
12054
19867
51083
58112
5847
48765
37849
26932
51905
35531
30857
62074
51942
47269
1248
8276
9846
5173
41848
37175
38745
3640
16912
6780
20052
21622
23192
54408
44277
10742
59904
38071
16238
23266
37323
38893
40463
12386
19415
50631
52201
42070
43640
56911
46780
7002
49920
45247
35115
24199
20311
27339
47639
25806
50779
4758
59377
43003
62517
63302
35226
37581
32908
16533
42291
15000
29057
981
26739
22065
5691
43150
27561
47861
7298
50216
46327
36196
8905
64309
42476
2698
52645
55000
3520
5090
1202
26960
52719
43372
33241
17651
30923
62924
52793
30960
32530
64531
565
14622
58325
36492
56792
10771
36529
32641
17051
1461
51407
23331
25686
34285
42098
25723
15592
6245
8600
22657
13310
15666
47667
14132
22731
49274
32899
5608
49311
39965
46993
972
45460
11925
25982
57983
54880
50992
23701
1868
4223
59627
25308
33906
59664
61234
63589
59701
49570
16035
42578
15287
41830
62130
65270
20034
34876
55176
38801
11510
7622
33380
630
14687
17042
31099
56857
59212
55324
16331
18686
26499
46014
48369
49939
58538
13302
33602
35172
60930
14909
23507
25862
4029
53975
32142
51657
54012
26721
16590
42348
26758
58760
13523
3392
35393
19804
51020
34645
18271
8139
33897
30009
2718
46421
6643
2755
5110
48813
15278
29335
13745
9857
35615
50457
57485
65299
49709
3688
41147
43503
16211
59914
27165
59166
25632
20958
35015
19425
27239
64698
54567
3088
35874
13256
56959
52286
60099
56211
28135
6302
61706
63276
35200
7124
32882
11049
30564
14189
27460
58677
42302
50115
10338
47797
49367
3346
47049
13515
39273
11197
19010
56470
46338
41665
19832
51048
53403
61217
50300
9737
23009
18336
8989
51907
30074
1998
21513
16840
41813
37140
9063
51981
24690
32503
4427
41102
42672
55943
51270
58298
17736
61439
32577
22446
29474
24801
38072
45886
11566
1435
56054
15491
64653
6145
43605
56876
63905
41287
24912
49885
56913
53025
24949
14032
32762
4686
13
36687
1583
62445
33584
16424
5508
53884
54669
43752
21134
21919
58594
35976
49248
44574
9470
34443
11825
43041
56313
4049
23563
53995
61023
8759
63378
22815
41545
12684
49359
32984
46255
58742
11936
12721
61097
55639
8833
27563
34591
5730
19001
49433
3411
33843
64274
17468
41656
36198
19038
19823
32310
8907
3448
15935
52610
17505
29992
42478
37020
55750
14402
56535
45618
28458
11299
35487
382
6625
55002
19897
2737
51113
4307
5092
35524
48010
42552
7447
1989
32421
44907
33206
45692
58179
11373
35561
41804
6699
55076
44159
32458
33243
27784
40271
5166
59786
42626
37168
8306
32495
27036
9876
52009
28606
59038
41878
530
48906
43448
37990
14587
45018
39560
34102
28643
11484
65318
567
13054
25540
38027
32568
15409
27895
58327
64570
65355
30250
42737
55223
49765
8417
62252
27147
33390
57579
34175
46662
23259
17801
18586
13128
7669
13913
2211
50587
15483
57616
63859
10809
52942
29539
24081
54512
31109
7706
20193
62326
9276
33464
16305
40493
64681
59223
65466
24118
715
60793
7743
2285
62363
38960
15557
39745
63933
64718
29613
24155
48343
42885
19482
14023
20267
50698
27295
33538
57726
40567
64755
41352
47595
24192
30435
42922
19519
55408
61652
26547
3144
27332
39819
16415
10957
23444
47632
60118
25014
25799
20341
32827
15667
10209
22696
17237
41426
11779
30509
25051
1648
43781
56267
39107
4003
46136
22733
35219
11816
18059
53949
12601
25088
49276
25873
20415
38359
14956
39144
63333
28228
22770
64903
152
24340
18881
31368
43855
38396
62584
39181
45425
4077
16563
40751
35293
11890
24377
36863
43107
55593
2544
62621
3329
39218
9572
4114
46247
4899
47032
47817
24414
36900
43144
31442
8039
38470
21311
45499
51742
57985
46284
29124
5721
263
6506
54882
43180
55667
32264
56452
62695
57237
51779
10431
58807
17459
29946
6543
1085
7328
49461
14356
56489
15141
39329
51816
28413
52601
59629
6580
12823
7365
49498
26095
38581
44824
27665
4262
64339
11290
17533
41721
12075
54208
7402
49535
26132
2729
26917
3514
63591
10542
29272
23813
18355
48787
43328
8224
62058
56600
51142
16037
46468
11364
5906
30094
42580
19177
13719
44150
26991
3587
4373
41047
5943
6728
55104
19999
2839
15326
9868
52001
64487
65272
5980
48112
13008
19251
49683
62169
9120
27850
16148
28635
11475
41906
54393
19288
49719
44261
20858
51290
27886
58318
23213
17755
12297
6838
31027
13867
62243
20895
45083
57570
4520
46653
65383
59925
49008
61495
26390
38877
33419
57607
63850
58392
46690
11586
17829
669
13156
61532
8482
50615
63102
45942
28782
29567
59999
24894
55326
49867
26464
38951
45194
57681
4631
5416
6201
18688
31174
2313
32745
63176
10126
4668
53044
35885
54614
19510
26538
15622
10163
35137
47623
30463
49193
14089
26575
9415
3957
64035
64820
59362
24257
36744
1639
43772
38314
50800
45342
28182
11022
11807
24294
13377
43809
32892
33677
34462
46949
143
30574
43061
61791
26686
9526
64146
11096
59473
60258
25153
14236
44668
33751
4890
64968
29863
30648
1787
2572
15058
9600
10385
65005
36143
54873
1824
61902
44742
27582
28367
47097
59583
30722
49452
50237
15132
51807
58835
12029
60405
19843
20628
15954
52629
17524
54199
25338
55769
62797
63583
5075
23805
60479
43320
26160
44890
45675
64405
17598
19168
55843
9037
16065
52740
53525
42608
13747
56665
45749
16887
53562
18457
1298
31729
56702
39542
64515
53599
42682
13821
27093
58309
47393
36476
19316
32588
16213
34943
30270
49785
27167
4549
47467
18605
43578
45148
40475
59205
48289
55317
50644
45970
52999
734
26492
21819
11688
24959
20286
27314
52288
53858
43726
27351
53110
12547
43763
51576
29743
54717
38342
15724
59427
31351
27462
40734
54006
43874
45444
47014
48584
8806
16620
6488
55650
34602
42415
14339
64285
60397
32320
28432
60434
38601
51872
47984
20693
58937
31646
9813
53516
55871
51983
18449
44992
41889
50487
29439
2933
23233
20915
35756
33438
30335
33475
36615
39755
36652
16389
55419
22669
26595
29735
15715
910
64128
50109
199
22069
43154
52538
61921
54145
51826
32349
30030
5094
15263
31674
59788
29393
16159
9167
31822
54477
47486
41280
52233
52270
34362
17239
58624
29015
63371
27519
21312
21349
22171
5049
23030
41797
36376
26281
45048
52113
64637
36598
26503
28110
6314
7921
15771
36108
33042
36219
8965
11357
13749
16926
13860
10794
8513
17933
15652
60962
4846
44698
13555
40921
56584
469
23161
33366
2224
44430
56206
56280
51681
59568
11266
41771
24685
48162
20160
22589
29691
60196
26736
29165
19892
33238
54396
51367
48338
3176
60224
34577
13603
29304
49678
41975
16328
55431
5596
33783
7351
31650
59837
11572
59274
5550
59496
41662
36314
42669
1432
61620
3223
40794
16717
31669
3704
60004
32824
5644
43999
3547
17715
9264
30460
23580
2643
24624
3686
13181
16432
39983
19831
17623
41174
39752
44573
35375
11334
17726
55333
33648
41609
30841
51288
55361
32106
4963
59730
31017
58493
43051
27609
47309
61513
58558
28311
31599
23971
11669
4040
33872
40300
10838
6350
54911
53526
61524
32847
2601
57405
5325
60915
55641
14478
52908
18773
5723
43368
22505
13343
47099
19993
14720
100
22940
37181
40506
20428
42483
58294
63189
13465
12901
35741
73
18240
64483
9300
4849
58905
65370
42189
42411
59044
53808
8793
5127
13947
149
51102
63811
23470
5783
57522
58528
50974
24689
40538
54816
41018
21762
13423
41758
36521
9452
20627
23204
21893
7310
56693
46783
2554
19187
11633
52454
29310
34242
55549
11319
20925
3239
26900
43534
7118
15938
48161
40607
31482
5983
46804
9603
479
28029
32961
43351
36581
62561
40950
61472
30514
63522
60641
822
4969
13004
52256
8812
47278
38938
15009
4314
45136
25095
5839
56007
35966
32299
556
53080
25225
29372
21817
64957
14485
1472
9507
1167
56794
19593
65088
31775
11734
55658
34047
3090
27536
30113
1474
910
45620
37281
18773
63482
30170
62393
63400
65192
19392
6342
25294
13029
10148
22071
50369
43563
54701
36193
36415
24935
40747
15995
23245
49973
61897
30902
47499
37552
51008
47305
30330
6327
2623
21538
33424
54694
18204
12931
1414
14871
43917
2754
51315
19498
8766
48729
56727
61585
28984
38515
65206
63821
56977
13459
26879
5193
8481
853
2571
41748
2903
5406
53930
11197
13700
26335
34296
18069
6515
6663
24756
8529
57053
63444
35516
59067
6165
35959
30649
30012
6757
30308
54643
48548
33854
44134
23196
63122
25025
51679
5769
51153
1355
23336
13315
22809
38547
23853
45834
41272
43738
182
13565
51136
53602
2233
38234
10268
34567
29220
49631
20095
15533
21887
11866
54895
19902
37172
12310
47526
24233
12643
54887
35483
10620
21648
61536
30431
21943
25943
58803
26912
480
64557
57640
44479
59394
39205
11203
1930
51951
61408
41219
13217
21889
28991
64955
8091
57326
30109
26295
46669
35041
60088
47675
37618
21317
62739
33951
9837
23968
42772
2283
60864
25834
37609
55628
8111
50317
32446
27062
38838
25640
6984
30
17263
64143
62647
54908
23765
16026
2828
31764
48212
58418
39762
61669
30526
64135
36880
29141
56506
12092
51944
25475
52055
8426
16276
61586
33547
17994
2441
53209
62630
5729
56497
65133
1989
9839
47336
61429
38848
52942
60007
26510
35145
60155
25872
15778
4898
53312
25272
57311
46431
36337
7512
14577
2913
45868
30315
54540
21043
4705
58576
6349
42275
61042
44704
63471
51022
33114
58124
28514
48066
2082
44252
62234
62271
26418
49858
26492
31987
14864
44548
38341
2489
15012
8806
37704
36956
42451
47947
41740
22262
58189
34038
62936
56730
38037
25587
1436
48279
29586
40540
15604
50745
7864
60166
46931
15752
39192
8012
6479
64239
52574
51826
7375
12085
34740
38665
25431
65245
33281
13018
11485
9952
13877
54477
52944
9278
49093
11670
3893
49951
827
22697
26622
30548
45389
13425
59483
10358
1797
23667
56454
18246
63519
25311
40938
26918
6655
28525
7477
58208
43404
52787
62171
29421
9158
48188
9980
41982
38878
6129
38915
42055
3063
24148
44448
29643
62429
5492
49980
46877
50017
40670
49269
15734
47735
3284
24369
21266
59511
32220
59548
8069
64258
48668
9676
29975
50275
16741
54986
15993
18348
44891
53489
8253
22310
19207
27805
18459
9112
23169
61414
45824
60666
33374
59133
25598
45898
59955
38907
47505
38158
4624
36625
21036
17147
49149
46046
18754
27353
18006
56251
28960
31315
15725
36025
32137
28249
24361
61820
4883
36884
9593
47838
32248
4172
7312
40098
6564
38565
34677
54977
3497
18339
50341
29293
55836
23086
19983
34040
24693
20805
35647
62190
59087
61442
28692
31047
34188
19383
40468
43608
40505
1512
10895
37439
15606
30447
32802
24241
14894
35194
43793
5585
14183
22782
55568
46222
61063
40015
43156
39267
53324
8088
28388
31528
51828
37023
4274
19115
9769
36312
26966
23863
62107
16871
2066
5207
50480
5244
20085
16982
25580
52124
19374
45917
7710
16308
20233
29616
39000
30438
3932
60122
21129
12568
15708
24306
45391
37615
40755
32193
22847
19744
65017
14322
12004
33089
43258
52641
37836
11330
62847
30882
51967
49649
23143
38769
65313
3702
7627
59928
33422
1458
23327
15551
49123
52263
32000
31252
16447
62505
11811
45382
31363
16558
62616
1005
47063
27585
49455
29977
57306
43286
59698
45678
55061
11395
2834
13002
5226
57527
31806
41190
39657
19394
17860
34272
20253
65526
21860
19541
29710
16475
25859
28999
39167
49336
47018
27540
49410
29932
51802
55727
41707
51091
48772
17593
27761
49631
48098
16134
7572
581
58341
9216
7683
11608
21777
13215
47572
16393
27346
19570
18037
34448
19644
64917
27494
49364
52504
21324
31493
11230
26857
54970
53437
4313
55829
48053
63679
26256
36425
52052
49733
35714
22479
9245
13955
35825
33507
19487
11711
51525
61694
24271
64871
39150
43075
29055
26737
30662
35372
21353
25278
58849
44830
36268
10547
37875
54287
28566
26248
36416
21611
24752
58323
2956
53687
28751
27218
60004
22581
7777
6244
63218
18767
4747
50020
24299
21981
43066
5643
32972
8035
47065
50205
4969
32297
36223
4258
26128
65158
56596
54278
16070
19211
52782
38762
19285
40369
49753
59136
50575
35770
15507
13189
10871
31956
28853
20291
6272
9412
12552
39095
53937
62535
11841
26683
6420
22046
30645
34570
8064
40850
26045
22942
56514
6604
63579
13670
34755
50381
41820
38717
41857
62942
6004
38006
40361
25556
21668
41968
50566
59165
2227
52173
55313
10077
49107
63949
53817
44471
5478
61667
28133
12543
26600
11010
36768
27422
18075
44619
23571
25926
64170
13476
9588
17401
19756
51758
47870
14335
28392
60393
44803
53402
49514
33924
37064
3529
17586
26184
46484
6707
38708
11417
61363
9884
59830
62185
22407
30220
9172
5284
37286
9209
52912
13135
38893
10816
37360
9283
46743
6965
14779
46780
36649
26517
63977
7039
32797
41396
49209
27376
64836
7113
44573
64088
18067
19637
39152
11075
30590
2514
15785
29842
13467
3336
40796
7261
38477
57992
29916
43188
51001
64273
41654
7335
32308
45580
5802
54963
3484
34700
47972
8194
58140
41765
7446
9016
46476
12156
37129
20754
27783
41054
12978
50438
16118
65279
54363
20043
27072
22398
35670
13052
50512
4491
17762
13089
50549
4527
29501
42772
8453
33426
28753
65427
19406
14733
45949
52978
48304
55333
45201
64716
12452
1535
56155
33537
53052
18732
25760
26545
27330
52303
39
25012
32041
39069
52340
59369
25049
26619
39891
17273
7141
61761
57088
40713
29796
43068
44638
46208
59480
18917
2542
21272
40787
47815
30655
14281
45497
4934
47852
1831
15103
34617
53347
36973
32299
51814
65086
30766
50281
33906
17532
24560
55776
57346
52673
54243
49570
3549
22279
23849
1231
20746
16072
65234
19213
62915
22353
11436
24708
62167
9903
52821
18501
38016
9940
35698
31025
8407
27922
35735
1416
14687
57605
5341
60745
26426
16294
24108
13976
3845
59249
49118
3096
40556
42126
37453
39023
23433
25003
32032
21900
5526
1637
45340
35209
43022
3244
40704
42274
43844
39956
11880
19693
9562
17375
61078
39245
47058
54872
33039
11206
36964
3429
29187
12813
2681
58086
5821
49524
57338
47206
7428
38645
58945
30868
56626
41822
44177
46532
36400
2866
52812
1333
34119
48176
38044
52886
55241
45895
6117
26417
27987
54530
3051
64699
54567
45221
23388
49931
64773
60884
27350
23462
19573
3984
6339
20395
40695
31349
10301
36059
44657
22824
43124
9590
23646
32245
52545
7309
45553
42450
38562
11271
25327
39384
391
3531
47234
37888
40243
24653
3605
53552
26260
16129
54374
9137
34896
7604
45849
613
63046
17810
38895
59195
38147
22557
37399
40539
37436
63979
18743
34369
19565
16461
18817
45360
124
38368
35265
38405
57920
12684
20498
41582
8833
47078
55676
22927
49470
33880
54965
51862
36272
3523
30851
57394
456
39486
23896
14550
59038
31747
34102
42700
52084
48980
10773
13128
34213
54513
9277
60008
15557
12454
39782
54623
51520
24229
21126
5536
14135
4788
50061
64903
14208
4862
61837
17386
56415
35367
32264
11216
8898
29983
8935
30020
21459
19140
46469
7476
58207
42617
45758
48898
28635
38018
17755
8409
41195
14689
5343
31886
11623
14763
42091
21043
17940
21080
48408
45305
55474
28967
26649
59436
2498
11097
20480
59510
20517
23657
38499
47097
2646
41676
61976
5038
8178
58910
26160
52703
13710
23094
55880
64479
26271
16924
8363
11503
44290
28700
13895
58383
20175
46719
56102
5408
43652
58494
2342
64774
25782
4734
14117
52362
31314
58642
14191
35276
19686
58716
8022
64211
61108
9629
18227
33069
59612
2674
58864
19871
11310
43311
9776
36320
3570
59760
56657
41852
8317
59049
61404
4466
24766
38823
41178
49776
64618
13923
40467
31120
39719
726
32727
47569
7791
46036
36689
3155
29698
20352
53138
1659
39903
19640
4051
60240
27491
6443
8798
34556
43154
33808
30705
26817
53360
55715
52612
37022
21432
41732
50331
23824
62069
58966
31675
45731
48086
8309
40310
37207
9916
30215
56759
41169
1391
3746
41991
32645
24083
20195
58440
54551
63150
29615
37429
63187
6
14063
16418
25016
51559
6323
8678
64083
30548
21202
17314
19669
4079
30622
15032
47034
25201
50959
23668
19780
63483
36191
32303
64305
37013
26882
64341
1161
33162
40975
12899
26956
16824
42582
20749
58994
37161
9870
65274
49685
4449
53610
19290
51292
59105
19327
9196
5308
6878
62282
58394
36561
32673
58431
60001
13980
63926
42093
7773
39775
48373
56187
16409
35924
37494
44522
34391
59364
55476
57046
46914
24296
2463
57868
59438
19660
22015
29828
25940
9565
64970
12705
50165
51735
35360
1041
43959
63474
35397
30724
32294
9676
40893
48706
61978
40145
12068
43285
21452
16778
30050
31620
15245
23059
54275
13712
9039
16067
17637
48854
8291
39507
46536
36404
61377
56704
22385
30198
13823
9150
40366
53638
13075
62236
21673
64591
53675
19355
26384
63843
11579
30309
31094
44365
21747
28776
53749
42832
31916
38944
28028
35056
736
49113
32738
33523
58496
11690
18718
43691
56963
63991
53075
42158
31242
49972
27354
10194
10979
47653
48438
7876
3202
21932
4772
35204
53934
49260
26642
45372
22754
30568
7950
56326
33708
52438
11875
36848
55578
26716
15800
52475
59503
995
55615
56400
9594
40025
47053
11949
30678
31464
20547
9631
64250
35389
6527
25257
32286
62717
45557
64287
29182
47912
60399
61184
44024
44809
57296
58081
11274
59651
6601
1143
49519
38603
33144
33930
52659
47201
59688
6638
19125
31611
8208
62828
27723
46453
11348
432
30863
61295
32433
3572
51948
23087
12170
12955
61332
44172
27012
57443
46527
41069
59799
24694
37181
31722
26264
56695
39536
58265
47349
36432
1328
25516
26301
27086
9926
22413
41143
17740
12281
60658
43498
55984
20880
63013
39610
22450
28693
59124
6075
48208
13103
43535
38076
38861
51348
63835
58376
34973
29515
53703
654
24842
1439
43572
38113
50600
33440
39683
34225
22524
17065
59198
65442
6149
48282
31122
7719
49852
50637
45179
45964
58450
5401
47534
30374
42861
31944
32729
9326
3868
52244
58487
59272
42113
18709
60842
55384
14036
2335
32766
9363
3905
46038
28878
53066
35906
30448
36691
13288
55421
32018
14858
56991
51533
28130
52318
46860
59346
53888
48430
54673
49215
32055
62486
45327
10222
58598
64841
59383
35980
24279
36765
60953
49252
55495
56280
3231
15717
64093
22745
59420
18072
60205
912
60990
19642
14184
56317
45400
57887
52429
29026
5623
36054
36839
61027
49326
61812
20464
62597
9548
39979
52466
35306
47793
24389
986
31418
1771
25960
56391
3341
27530
4127
34558
11155
59531
6482
54858
31455
8052
2593
8837
33025
57213
51755
57998
4949
35380
29922
12762
25248
55680
32277
15117
33847
28389
29174
53362
47903
24500
1097
13584
26070
2667
8911
9696
51829
16724
58857
17509
349
42482
48725
61212
37809
61997
8948
9733
4274
46407
65137
12088
54221
1171
43304
8200
32388
44874
21471
63604
40201
34743
47229
59716
42556
1208
61286
8236
56613
39453
4348
16835
11377
41808
6703
30892
49621
55865
2815
51191
16087
58220
52761
35602
48088
42630
61360
8310
38742
62930
16124
40312
34854
65285
41882
24722
19264
37994
14591
27077
21619
52050
34891
41134
53620
23974
6814
7599
20086
14628
27114
57546
10739
23226
41956
18553
13095
25581
20123
9206
33394
52124
52909
53694
48236
37320
20160
27188
21730
34216
35001
11598
48273
37357
2252
3037
3822
4607
29580
24122
36609
19449
56123
33505
40534
41319
6214
54590
19486
38216
39001
33542
46029
58515
59300
24196
793
37467
8606
56982
4718
23448
830
43748
57019
34401
42215
1652
20382
39896
64870
42252
19634
62552
46177
47747
7184
32157
32942
57915
47784
978
61840
9576
40792
29876
25203
14286
39259
64232
267
54886
32268
33053
34623
12005
54923
2659
33875
29202
12827
37800
26884
34697
59670
61240
8976
40192
29276
48006
31631
20714
16041
11368
24639
37911
33238
22321
23106
59781
1273
32490
16115
11442
36415
44228
52042
65313
48153
30994
32564
58322
65350
13086
49760
51331
41199
31068
32638
10805
11590
42806
20973
40488
30356
31927
51441
64713
6205
19477
9345
65535
65535
65535
65535
65535
65535
65535
65535
65535
65535
65535
65535
65535
65535
65535
65535
65535
65535
65535
65535
65535
65535
65535
65535
65535
65535
65535
65535
65535
65535
65535
65535
65535
65535
65535
65535
65535
65535
65535
65535
65535
65535
65535
65535
65535
65535
65535
65535
65535
65535
65535
65535
65535
65535
65535
65535
65535
65535
65535
65535
65535
65535
65535
65535
65535
65535
65535
65535
65535
65535
65535
65535
65535
65535
65535
65535
65535
65535
65535
65535
65535
65535
65535
65535
65535
65535
65535
65535
65535
65535
65535
65535
65535
65535
65535
65535
65535
65535
65535
65535
65535
65535
65535
65535
65535
65535
65535
65535
65535
65535
65535
65535
65535
65535
65535
65535
65535
65535
65535
65535
65535
65535
65535
65535
65535
65535
65535
65535
65535
65535
65535
65535
65535
65535
65535
65535
65535
65535
65535
65535
65535
65535
65535
65535
65535
65535
65535
65535
65535
65535
65535
65535
65535
65535
65535
65535
65535
65535
65535
65535
65535
65535
65535
65535
65535
65535
65535
65535
65535
65535
65535
65535
65535
65535
65535
65535
65535
65535
65535
65535
65535
65535
65535
65535
65535
65535
65535
65535
65535
65535
65535
65535
65535
65535
65535
65535
65535
65535
65535
65535
65535
65535
65535
65535
65535
65535
65535
65535
65535
65535
65535
65535
65535
65535
65535
65535
65535
65535
65535
65535
65535
65535
65535
65535
65535
65535
65535
65535
65535
65535
65535
65535
65535
65535
65535
65535
65535
65535
65535
65535
65535
65535
65535
65535
65535
65535
65535
65535
65535
65535
65535
65535
65535
65535
65535
65535
65535
65535
65535
65535
65535
65535
65535
65535
65535
65535
65535
65535
65535
65535
65535
65535
65535
65535
65535
65535
65535
65535
65535
65535
65535
65535
65535
65535
65535
65535
65535
65535
65535
65535
65535
65535
65535
65535
65535
65535
65535
65535
65535
65535
65535
65535
65535
65535
65535
65535
65535
65535
65535
65535
65535
65535
65535
65535
65535
65535
65535
65535
65535
65535
65535
65535
65535
65535
65535
65535
65535
65535
65535
65535
65535
65535
65535
65535
65535
65535
65535
65535
65535
65535
65535
65535
65535
65535
65535
65535
65535
65535
65535
65535
65535
65535
65535
65535
65535
65535
65535
65535
65535
65535
65535
65535
65535
65535
65535
65535
65535
65535
65535
65535
65535
65535
65535
65535
65535
65535
65535
65535
65535
65535
65535
65535
65535
65535
65535
65535
65535
65535
65535
65535
65535
65535
65535
65535
65535
65535
65535
65535
65535
65535
65535
65535
65535
65535
65535
65535
65535
65535
65535
65535
65535
65535
65535
65535
65535
65535
65535
65535
65535
65535
65535
65535
65535
65535
65535
65535
65535
65535
65535
65535
65535
65535
65535
65535
65535
65535
65535
65535
65535
65535
65535
65535
65535
65535
65535
65535
65535
65535
65535
65535
65535
65535
65535
65535
65535
65535
65535
65535
65535
65535
65535
65535
65535
65535
65535
65535
65535
65535
65535
65535
65535
65535
65535
65535
65535
65535
65535
65535
65535
65535
65535
65535
65535
65535
65535
65535
65535
65535
65535
65535
65535
65535
65535
65535
65535
65535
65535
65535
65535
65535
65535
65535
65535
65535
65535
65535
65535
65535
65535
65535
65535
65535
65535
65535
65535
65535
65535
65535
65535
65535
65535
65535
65535
65535
65535
65535
65535
65535
65535
65535
65535
65535
65535
65535
65535
65535
65535
65535
65535
65535
65535
65535
65535
65535
65535
65535
65535
65535
65535
65535
65535
65535
65535
65535
65535
65535
65535
65535
65535
65535
65535
65535
65535
65535
65535
65535
65535
65535
65535
65535
65535
65535
65535
65535
65535
65535
65535
65535
65535
65535
65535
65535
65535
65535
65535
65535
65535
65535
65535
65535
65535
65535
65535
65535
65535
65535
65535
65535
65535
65535
65535
65535
65535
65535
65535
65535
65535
65535
65535
65535
65535
65535
65535
65535
65535
65535
65535
65535
65535
65535
65535
65535
65535
65535
65535
65535
65535
65535
65535
65535
65535
65535
65535
65535
65535
65535
65535
65535
65535
65535
65535
65535
65535
65535
65535
65535
65535
65535
65535
65535
65535
65535
65535
65535
65535
65535
65535
65535
65535
65535
65535
65535
65535
65535
65535
65535
65535
65535
65535
65535
65535
65535
65535
65535
65535
65535
65535
65535
65535
65535
65535
65535
65535
65535
65535
65535
65535
65535
65535
65535
65535
65535
65535
65535
65535
65535
65535
65535
65535
65535
65535
65535
65535
65535
65535
65535
65535
65535
65535
65535
65535
65535
65535
65535
65535
65535
65535
65535
65535
65535
65535
65535
65535
65535
65535
65535
65535
65535
65535
65535
65535
65535
65535
65535
65535
65535
65535
65535
65535
65535
65535
65535
65535
65535
65535
65535
65535
65535
65535
65535
65535
65535
65535
65535
65535
65535
65535
65535
65535
65535
65535
65535
65535
65535
65535
65535
65535
65535
65535
65535
65535
65535
65535
65535
65535
65535
65535
65535
65535
65535
65535
65535
65535
65535
65535
65535
65535
65535
65535
65535
65535
65535
65535
65535
65535
65535
65535
65535
65535
65535
65535
65535
65535
65535
65535
65535
65535
65535
65535
65535
65535
65535
65535
65535
65535
65535
65535
65535
65535
65535
65535
65535
65535
65535
65535
65535
65535
65535
65535
65535
65535
65535
65535
65535
65535
65535
65535
65535
65535
65535
65535
65535
65535
65535
65535
65535
65535
65535
65535
65535
65535
65535
65535
65535
65535
65535
65535
65535
65535
65535
65535
65535
65535
65535
65535
65535
65535
65535
65535
65535
65535
65535
65535
65535
65535
65535
65535
65535
65535
65535
65535
65535
65535
65535
65535
65535
65535
65535
65535
65535
65535
65535
65535
65535
65535
65535
65535
65535
65535
65535
65535
65535
65535
65535
65535
65535
65535
65535
65535
65535
65535
65535
65535
65535
65535
65535
65535
65535
65535
65535
65535
65535
65535
65535
65535
65535
65535
65535
65535
65535
65535
65535
65535
65535
65535
65535
65535
65535
65535
65535
65535
65535
65535
65535
65535
65535
65535
65535
65535
65535
65535
65535
65535
65535
65535
65535
65535
65535
65535
65535
65535
65535
65535
65535
65535
65535
65535
65535
65535
65535
65535
65535
65535
65535
65535
65535
65535
65535
65535
65535
65535
65535
65535
65535
65535
65535
65535
65535
65535
65535
65535
65535
65535
65535
65535
65535
65535
65535
65535
65535
65535
65535
65535
65535
65535
65535
65535
65535
65535
65535
65535
65535
65535
65535
65535
65535
65535
65535
65535
65535
65535
65535
65535
65535
65535
65535
65535
65535
65535
65535
65535
65535
65535
65535
65535
65535
65535
65535
65535
65535
65535
65535
65535
65535
65535
65535
65535
65535
65535
65535
65535
65535
65535
65535
65535
65535
65535
65535
65535
65535
65535
65535
65535
65535
65535
65535
65535
65535
65535
65535
65535
65535
65535
65535
65535
65535
65535
65535
65535
65535
65535
65535
65535
65535
65535
65535
65535
65535
65535
65535
65535
65535
65535
65535
65535
65535
65535
65535
65535
65535
65535
65535
65535
65535
65535
65535
65535
65535
65535
65535
65535
65535
65535
65535
65535
65535
65535
65535
65535
65535
65535
65535
65535
65535
65535
65535
65535
65535
65535
65535
65535
65535
65535
65535
65535
65535
65535
65535
65535
65535
65535
65535
65535
65535
65535
65535
65535
65535
65535
65535
65535
65535
65535
65535
65535
65535
65535
65535
65535
65535
65535
65535
65535
65535
65535
65535
65535
65535
65535
65535
65535
65535
65535
65535
65535
65535
65535
65535
65535
65535
65535
65535
65535
65535
65535
65535
65535
65535
65535
65535
65535
65535
65535
65535
65535
65535
65535
65535
65535
65535
65535
65535
65535
65535
65535
65535
65535
65535
65535
65535
65535
65535
65535
65535
65535
65535
65535
65535
65535
65535
65535
65535
65535
65535
65535
65535
65535
65535
65535
65535
65535
65535
65535
65535
65535
65535
65535
65535
65535
65535
65535
65535
65535
65535
65535
65535
65535
65535
65535
65535
65535
65535
65535
65535
65535
65535
65535
65535
65535
65535
65535
65535
65535
65535
65535
65535
65535
65535
65535
65535
65535
65535
65535
65535
65535
65535
65535
65535
65535
65535
65535
65535
65535
65535
65535
65535
65535
65535
65535
65535
65535
65535
65535
65535
65535
65535
65535
65535
65535
65535
65535
65535
65535
65535
65535
65535
65535
65535
65535
65535
65535
65535
65535
65535
65535
65535
65535
65535
65535
65535
65535
65535
65535
65535
65535
65535
65535
65535
65535
65535
65535
65535
65535
65535
65535
65535
65535
65535
65535
65535
65535
65535
65535
65535
65535
65535
65535
65535
65535
65535
65535
65535
65535
65535
65535
65535
65535
65535
65535
65535
65535
65535
65535
65535
65535
65535
65535
65535
65535
65535
65535
65535
65535
65535
65535
65535
65535
65535
65535
65535
65535
65535
65535
65535
65535
65535
65535
65535
65535
65535
65535
65535
65535
65535
65535
65535
65535
65535
65535
65535
65535
65535
65535
65535
65535
65535
65535
65535
65535
65535
65535
65535
65535
65535
65535
65535
65535
65535
65535
65535
65535
65535
65535
65535
65535
65535
65535
65535
65535
65535
65535
65535
65535
65535
65535
65535
65535
65535
65535
65535
65535
65535
65535
65535
65535
65535
65535
65535
65535
65535
65535
65535
65535
65535
65535
65535
65535
65535
65535
65535
65535
65535
65535
65535
65535
65535
65535
65535
65535
65535
65535
65535
65535
65535
65535
65535
65535
65535
65535
65535
65535
65535
65535
65535
65535
65535
65535
65535
65535
65535
65535
65535
65535
65535
65535
65535
65535
65535
65535
65535
65535
65535
65535
65535
65535
65535
65535
65535
65535
65535
65535
65535
65535
65535
65535
65535
65535
65535
65535
65535
65535
65535
65535
65535
65535
65535
65535
65535
65535
65535
65535
65535
65535
65535
65535
65535
65535
65535
65535
65535
65535
65535
65535
65535
65535
65535
65535
65535
65535
65535
65535
65535
65535
65535
65535
65535
65535
65535
65535
65535
65535
65535
65535
65535
65535
65535
65535
65535
65535
65535
65535
65535
65535
65535
65535
65535
65535
65535
65535
65535
65535
65535
65535
65535
65535
65535
65535
65535
65535
65535
65535
65535
65535
65535
65535
65535
65535
65535
65535
65535
65535
65535
65535
65535
65535
65535
65535
65535
65535
65535
65535
65535
65535
65535
65535
65535
65535
65535
65535
65535
65535
65535
65535
65535
65535
65535
65535
65535
65535
65535
65535
65535
65535
65535
65535
65535
65535
65535
65535
65535
65535
65535
65535
65535
65535
65535
65535
65535
65535
65535
65535
65535
65535
65535
65535
65535
65535
65535
65535
65535
65535
65535
65535
65535
65535
65535
65535
65535
65535
65535
65535
65535
65535
65535
65535
65535
65535
65535
65535
65535
65535
65535
65535
65535
65535
65535
65535
65535
65535
65535
65535
65535
65535
65535
65535
65535
65535
65535
65535
65535
65535
65535
65535
65535
65535
65535
65535
65535
65535
65535
65535
65535
65535
65535
65535
65535
65535
65535
65535
65535
65535
65535
65535
65535
65535
65535
65535
65535
65535
65535
65535
65535
65535
65535
65535
65535
65535
65535
65535
65535
65535
65535
65535
65535
65535
65535
65535
65535
65535
65535
65535
65535
65535
65535
65535
65535
65535
65535
65535
65535
65535
65535
65535
65535
65535
65535
65535
65535
65535
65535
65535
65535
65535
65535
65535
65535
65535
65535
65535
65535
65535
65535
65535
65535
65535
65535
65535
65535
65535
65535
65535
65535
65535
65535
65535
65535
65535
65535
65535
65535
65535
65535
65535
65535
65535
65535
65535
65535
65535
65535
65535
65535
65535
65535
65535
65535
65535
65535
65535
65535
65535
65535
65535
65535
65535
65535
65535
65535
65535
65535
65535
65535
65535
65535
65535
65535
65535
65535
65535
65535
65535
65535
65535
65535
65535
65535
65535
65535
65535
65535
65535
65535
65535
65535
65535
65535
65535
65535
65535
65535
65535
65535
65535
65535
65535
65535
65535
65535
65535
65535
65535
65535
65535
65535
65535
65535
65535
65535
65535
65535
65535
65535
65535
65535
65535
65535
65535
65535
65535
65535
65535
65535
65535
65535
65535
65535
65535
65535
65535
65535
65535
65535
65535
65535
65535
65535
65535
65535
65535
65535
65535
65535
65535
65535
65535
65535
65535
65535
65535
65535
65535
65535
65535
65535
65535
65535
65535
65535
65535
65535
65535
65535
65535
65535
65535
65535
65535
65535
65535
65535
65535
65535
65535
65535
65535
65535
65535
65535
65535
65535
65535
65535
65535
65535
65535
65535
65535
65535
65535
65535
65535
65535
65535
65535
65535
65535
65535
65535
65535
65535
65535
65535
65535
65535
65535
65535
65535
65535
65535
65535
65535
65535
65535
65535
65535
65535
65535
65535
65535
65535
65535
65535
65535
65535
65535
65535
65535
65535
65535
65535
65535
65535
65535
65535
65535
65535
65535
65535
65535
65535
65535
65535
65535
65535
65535
65535
65535
65535
65535
65535
65535
65535
65535
65535
65535
65535
65535
65535
65535
65535
65535
65535
65535
65535
65535
65535
65535
65535
65535
65535
65535
65535
65535
65535
65535
65535
65535
65535
65535
65535
65535
65535
65535
65535
65535
65535
65535
65535
65535
65535
65535
65535
65535
65535
65535
65535
65535
65535
65535
65535
65535
65535
65535
65535
65535
65535
65535
65535
65535
65535
65535
65535
65535
65535
65535
65535
65535
65535
65535
65535
65535
65535
65535
65535
65535
65535
65535
65535
65535
65535
65535
65535
65535
65535
65535
65535
65535
65535
65535
65535
65535
65535
65535
65535
65535
65535
65535
65535
65535
65535
65535
65535
65535
65535
65535
65535
65535
65535
65535
65535
65535
65535
65535
65535
65535
65535
65535
65535
65535
65535
65535
65535
65535
65535
65535
65535
65535
65535
65535
65535
65535
65535
65535
65535
65535
65535
65535
65535
65535
65535
65535
65535
65535
65535
65535
65535
65535
65535
65535
65535
65535
65535
65535
65535
65535
65535
65535
65535
65535
65535
65535
65535
65535
65535
65535
65535
65535
65535
65535
65535
65535
65535
65535
65535
65535
65535
65535
65535
65535
65535
65535
65535
65535
65535
65535
65535
65535
65535
65535
65535
65535
65535
65535
65535
65535
65535
65535
65535
65535
65535
65535
65535
65535
65535
65535
65535
65535
65535
65535
65535
65535
65535
65535
65535
65535
65535
65535
65535
65535
65535
65535
65535
65535
65535
65535
65535
65535
65535
65535
65535
65535
65535
65535
65535
65535
65535
65535
65535
65535
65535
65535
65535
65535
65535
65535
65535
65535
65535
65535
65535
65535
65535
65535
65535
65535
65535
65535
65535
65535
65535
65535
65535
65535
65535
65535
65535
65535
65535
65535
65535
65535
65535
65535
65535
65535
65535
65535
65535
65535
65535
65535
65535
65535
65535
65535
65535
65535
65535
65535
65535
65535
65535
65535
65535
65535
65535
65535
65535
65535
65535
65535
65535
65535
65535
65535
65535
65535
65535
65535
65535
65535
65535
65535
65535
65535
65535
65535
65535
65535
65535
65535
65535
65535
65535
65535
65535
65535
65535
65535
65535
65535
65535
65535
65535
65535
65535
65535
65535
65535
65535
65535
65535
65535
65535
65535
65535
65535
65535
65535
65535
65535
65535
65535
65535
65535
65535
65535
65535
65535
65535
65535
65535
65535
65535
65535
65535
65535
65535
65535
65535
65535
65535
65535
65535
65535
65535
65535
65535
65535
65535
65535
65535
65535
65535
65535
65535
65535
65535
65535
65535
65535
65535
65535
65535
65535
65535
65535
65535
65535
65535
65535
65535
65535
65535
65535
65535
65535
65535
65535
65535
65535
65535
65535
65535
65535
65535
65535
65535
65535
65535
65535
65535
65535
65535
65535
65535
65535
65535
65535
65535
65535
65535
65535
65535
65535
65535
65535
65535
65535
65535
65535
65535
65535
65535
65535
65535
65535
65535
65535
65535
65535
65535
65535
65535
65535
65535
65535
65535
65535
65535
65535
65535
65535
65535
65535
65535
65535
65535
65535
65535
65535
65535
65535
65535
65535
65535
65535
65535
65535
65535
65535
65535
65535
65535
65535
65535
65535
65535
65535
65535
65535
65535
65535
65535
65535
65535
65535
65535
65535
65535
65535
65535
65535
65535
65535
65535
65535
65535
65535
65535
65535
65535
65535
65535
65535
65535
65535
65535
65535
65535
65535
65535
65535
65535
65535
65535
65535
65535
65535
65535
65535
65535
65535
65535
65535
65535
65535
65535
65535
65535
65535
65535
65535
65535
65535
65535
65535
65535
65535
65535
65535
65535
65535
65535
65535
65535
65535
65535
65535
65535
65535
65535
65535
65535
65535
65535
65535
65535
65535
65535
65535
65535
65535
65535
65535
65535
65535
65535
65535
65535
65535
65535
65535
65535
65535
65535
65535
65535
65535
65535
65535
65535
65535
65535
65535
65535
65535
65535
65535
65535
65535
65535
65535
65535
65535
65535
65535
65535
65535
65535
65535
65535
65535
65535
65535
65535
65535
65535
65535
65535
65535
65535
65535
65535
65535
65535
65535
65535
65535
65535
65535
65535
65535
65535
65535
65535
65535
65535
65535
65535
65535
65535
65535
65535
65535
65535
65535
65535
65535
65535
65535
65535
65535
65535
65535
65535
65535
65535
65535
65535
65535
65535
65535
65535
65535
65535
65535
65535
65535
65535
65535
65535
65535
65535
65535
65535
65535
65535
65535
65535
65535
65535
65535
65535
65535
65535
65535
65535
65535
65535
65535
65535
65535
65535
65535
65535
65535
65535
65535
65535
65535
65535
65535
65535
65535
65535
65535
65535
65535
65535
65535
65535
65535
65535
65535
65535
65535
65535
65535
65535
65535
65535
65535
65535
65535
65535
65535
65535
65535
65535
65535
65535
65535
65535
65535
65535
65535
65535
65535
65535
65535
65535
65535
65535
65535
65535
65535
65535
65535
65535
65535
65535
65535
65535
65535
65535
65535
65535
65535
65535
65535
65535
65535
65535
65535
65535
65535
65535
65535
65535
65535
65535
65535
65535
65535
65535
65535
65535
65535
65535
65535
65535
65535
65535
65535
65535
65535
65535
65535
65535
65535
65535
65535
65535
65535
65535
65535
65535
65535
65535
65535
65535
65535
65535
65535
65535
65535
65535
65535
65535
65535
65535
65535
65535
65535
65535
65535
65535
65535
65535
65535
65535
65535
65535
65535
65535
65535
65535
65535
65535
65535
65535
65535
65535
65535
65535
65535
65535
65535
65535
65535
65535
65535
65535
65535
65535
65535
65535
65535
65535
65535
65535
65535
65535
65535
65535
65535
65535
65535
65535
65535
65535
65535
65535
65535
65535
65535
65535
65535
65535
65535
65535
65535
65535
65535
65535
65535
65535
65535
65535
65535
65535
65535
65535
65535
65535
65535
65535
65535
65535
65535
65535
65535
65535
65535
65535
65535
65535
65535
65535
65535
65535
65535
65535
65535
65535
65535
65535
65535
65535
65535
65535
65535
65535
65535
65535
65535
65535
65535
65535
65535
65535
65535
65535
65535
65535
65535
65535
65535
65535
65535
65535
65535
65535
65535
65535
65535
65535
65535
65535
65535
65535
65535
65535
65535
65535
65535
65535
65535
65535
65535
65535
65535
65535
65535
65535
65535
65535
65535
65535
65535
65535
65535
65535
65535
65535
65535
65535
65535
65535
65535
65535
65535
65535
65535
65535
65535
65535
65535
65535
65535
65535
65535
65535
65535
65535
65535
65535
65535
65535
65535
65535
65535
65535
65535
65535
65535
65535
65535
65535
65535
65535
65535
65535
65535
65535
65535
65535
65535
65535
65535
65535
65535
65535
65535
65535
65535
65535
65535
65535
65535
65535
65535
65535
65535
65535
65535
65535
65535
65535
65535
65535
65535
65535
65535
65535
65535
65535
65535
65535
65535
65535
65535
65535
65535
65535
65535
65535
65535
65535
65535
65535
65535
65535
65535
65535
65535
65535
65535
65535
65535
65535
65535
65535
65535
65535
65535
65535
65535
65535
65535
65535
65535
65535
65535
65535
65535
65535
65535
65535
65535
65535
65535
65535
65535
65535
65535
65535
65535
65535
65535
65535
65535
65535
65535
65535
65535
65535
65535
65535
65535
65535
65535
65535
65535
65535
65535
65535
65535
65535
65535
65535
65535
65535
65535
65535
65535
65535
65535
65535
65535
65535
65535
65535
65535
65535
65535
65535
65535
65535
65535
65535
65535
65535
65535
65535
65535
65535
65535
65535
65535
65535
65535
65535
65535
65535
65535
65535
65535
65535
65535
65535
65535
65535
65535
65535
65535
65535
65535
65535
65535
65535
65535
65535
65535
65535
65535
65535
65535
65535
65535
65535
65535
65535
65535
65535
65535
65535
65535
65535
65535
65535
65535
65535
65535
65535
65535
65535
65535
65535
65535
65535
65535
65535
65535
65535
65535
65535
65535
65535
65535
65535
65535
65535
65535
65535
65535
65535
65535
65535
65535
65535
65535
65535
65535
65535
65535
65535
65535
65535
65535
65535
65535
65535
65535
65535
65535
65535
65535
65535
65535
65535
65535
65535
65535
65535
65535
65535
65535
65535
65535
65535
65535
65535
65535
65535
65535
65535
65535
65535
65535
65535
65535
65535
65535
65535
65535
65535
65535
65535
65535
65535
65535
65535
65535
65535
65535
65535
65535
65535
65535
65535
65535
65535
65535
65535
65535
65535
65535
65535
65535
65535
65535
65535
65535
65535
65535
65535
65535
65535
65535
65535
65535
65535
65535
65535
65535
65535
65535
65535
65535
65535
65535
65535
65535
65535
65535
65535
65535
65535
65535
65535
65535
65535
65535
65535
65535
65535
65535
65535
65535
65535
65535
65535
65535
65535
65535
65535
65535
65535
65535
65535
65535
65535
65535
65535
65535
65535
65535
65535
65535
65535
65535
65535
65535
65535
65535
65535
65535
65535
65535
65535
65535
65535
65535
65535
65535
65535
65535
65535
65535
65535
65535
65535
65535
65535
65535
65535
65535
65535
65535
65535
65535
65535
65535
65535
65535
65535
65535
65535
65535
65535
65535
65535
65535
65535
65535
65535
65535
65535
65535
65535
65535
65535
65535
65535
65535
65535
65535
65535
65535
65535
65535
65535
65535
65535
65535
65535
65535
65535
65535
65535
65535
65535
65535
65535
65535
65535
65535
65535
65535
65535
65535
65535
65535
65535
65535
65535
65535
65535
65535
65535
65535
65535
65535
65535
65535
65535
65535
65535
65535
65535
65535
65535
65535
65535
65535
65535
65535
65535
65535
65535
65535
65535
65535
65535
65535
65535
65535
65535
65535
65535
65535
65535
65535
65535
65535
65535
65535
65535
65535
65535
65535
65535
65535
65535
65535
65535
65535
65535
65535
65535
65535
65535
65535
65535
65535
65535
65535
65535
65535
65535
65535
65535
65535
65535
65535
65535
65535
65535
65535
65535
65535
65535
65535
65535
65535
65535
65535
65535
65535
65535
65535
65535
65535
65535
65535
65535
65535
65535
65535
65535
65535
65535
65535
65535
65535
65535
65535
65535
65535
65535
65535
65535
65535
65535
65535
65535
65535
65535
65535
65535
65535
65535
65535
65535
65535
65535
65535
65535
65535
65535
65535
65535
65535
65535
65535
65535
65535
65535
65535
65535
65535
65535
65535
65535
65535
65535
65535
65535
65535
65535
65535
65535
65535
65535
65535
65535
65535
65535
65535
65535
65535
65535
65535
65535
65535
65535
65535
65535
65535
65535
65535
65535
65535
65535
65535
65535
65535
65535
65535
65535
65535
65535
65535
65535
65535
65535
65535
65535
65535
65535
65535
65535
65535
65535
65535
65535
65535
65535
65535
65535
65535
65535
65535
65535
65535
65535
65535
65535
65535
65535
65535
65535
65535
65535
65535
65535
65535
65535
65535
65535
65535
65535
65535
65535
65535
65535
65535
65535
65535
65535
65535
65535
65535
65535
65535
65535
65535
65535
65535
65535
65535
65535
65535
65535
65535
65535
65535
65535
65535
65535
65535
65535
65535
65535
65535
65535
65535
65535
65535
65535
65535
65535
65535
65535
65535
65535
65535
65535
65535
65535
65535
65535
65535
65535
65535
65535
65535
65535
65535
65535
65535
65535
65535
65535
65535
65535
65535
65535
65535
65535
65535
65535
65535
65535
65535
65535
65535
65535
65535
65535
65535
65535
65535
65535
65535
65535
65535
65535
65535
65535
65535
65535
65535
65535
65535
65535
65535
65535
65535
65535
65535
65535
65535
65535
65535
65535
65535
65535
65535
65535
65535
65535
65535
65535
65535
65535
65535
65535
65535
65535
65535
65535
65535
65535
65535
65535
65535
65535
65535
65535
65535
65535
65535
65535
65535
65535
65535
65535
65535
65535
65535
65535
65535
65535
65535
65535
65535
65535
65535
65535
65535
65535
65535
65535
65535
65535
65535
65535
65535
65535
65535
65535
65535
65535
65535
65535
65535
65535
65535
65535
65535
65535
65535
65535
65535
65535
65535
65535
65535
65535
65535
65535
65535
65535
65535
65535
65535
65535
65535
65535
65535
65535
65535
65535
65535
65535
65535
65535
65535
65535
65535
65535
65535
65535
65535
65535
65535
65535
65535
65535
65535
65535
65535
65535
65535
65535
65535
65535
65535
65535
65535
65535
65535
65535
65535
65535
65535
65535
65535
65535
65535
65535
65535
65535
65535
65535
65535
65535
65535
65535
65535
65535
65535
65535
65535
65535
65535
65535
65535
65535
65535
65535
65535
65535
65535
65535
65535
65535
65535
65535
65535
65535
65535
65535
65535
65535
65535
65535
65535
65535
65535
65535
65535
65535
65535
65535
65535
65535
65535
65535
65535
65535
65535
65535
65535
65535
65535
65535
65535
65535
65535
65535
65535
65535
65535
65535
65535
65535
65535
65535
65535
65535
65535
65535
65535
65535
65535
65535
65535
65535
65535
65535
65535
65535
65535
65535
65535
65535
65535
65535
65535
65535
65535
65535
65535
65535
65535
65535
65535
65535
65535
65535
65535
65535
65535
65535
65535
65535
65535
65535
65535
65535
65535
65535
65535
65535
65535
65535
65535
65535
65535
65535
65535
65535
65535
65535
65535
65535
65535
65535
65535
65535
65535
65535
65535
65535
65535
65535
65535
65535
65535
65535
65535
65535
65535
65535
65535
65535
65535
65535
65535
65535
65535
65535
65535
65535
65535
65535
65535
65535
65535
65535
65535
65535
65535
65535
65535
65535
65535
65535
65535
65535
65535
65535
65535
65535
65535
65535
65535
65535
65535
65535
65535
65535
65535
65535
65535
65535
65535
65535
65535
65535
65535
65535
65535
65535
65535
65535
65535
65535
65535
65535
65535
65535
65535
65535
65535
