0
0
0
0
0
0
0
0
0
0
0
0
0
0
0
0
0
0
0
0
0
0
0
0
0
0
0
0
0
0
0
0
0
0
0
0
0
0
0
0
0
0
0
0
0
0
0
0
0
0
0
0
0
0
0
0
0
0
0
0
0
0
0
0
0
0
0
0
0
0
0
0
0
0
0
0
0
0
0
0
0
0
0
0
0
0
0
0
0
0
0
0
0
0
0
0
0
0
0
0
0
0
0
0
0
0
0
0
0
0
0
0
0
0
0
0
0
0
0
0
0
0
0
0
0
0
0
0
0
0
0
0
0
0
0
0
0
0
0
0
0
0
0
0
0
0
0
0
0
0
0
0
0
0
0
0
0
0
0
0
0
0
0
0
0
0
0
0
0
0
0
0
0
0
0
0
0
0
0
0
0
0
0
0
0
0
0
0
0
0
0
0
0
0
0
0
0
0
0
0
0
0
0
0
0
0
0
0
0
0
0
0
0
0
0
0
0
0
0
0
0
0
0
0
0
0
0
0
0
0
0
0
0
0
0
0
0
0
0
0
0
0
0
0
0
0
0
0
0
0
0
0
0
0
0
0
0
0
0
0
0
0
0
0
0
0
0
0
0
0
0
0
0
0
0
0
0
0
0
0
0
0
0
0
0
0
0
0
0
0
0
0
0
0
0
0
0
0
0
0
0
0
0
0
0
0
0
0
0
0
0
0
0
0
0
0
0
0
0
0
0
0
0
0
0
0
0
0
0
0
0
0
0
0
0
0
0
0
0
0
0
0
0
0
0
0
0
0
0
0
0
0
0
0
0
0
0
0
0
0
0
0
0
0
0
0
0
0
0
0
0
0
0
0
0
0
0
0
0
0
0
0
0
0
0
0
0
0
0
0
0
0
0
0
0
0
0
0
0
0
0
0
0
1
1
4
6
8
11
13
15
17
20
21
24
25
27
30
30
32
34
37
39
41
42
44
45
46
47
49
53
55
58
61
63
65
69
71
73
75
78
81
84
86
89
91
94
96
99
102
103
106
107
109
111
113
116
118
121
122
123
125
126
128
130
133
136
137
140
143
145
148
150
151
154
156
157
158
161
165
167
171
172
172
173
176
180
183
184
185
188
190
193
196
197
200
202
203
206
208
211
213
215
217
219
223
225
228
231
234
238
240
244
247
248
251
253
255
257
260
262
263
267
269
271
274
278
280
282
283
285
287
288
289
292
295
297
300
301
302
304
309
310
312
316
319
322
323
325
327
329
330
332
336
338
340
343
345
348
351
354
354
356
359
361
361
364
366
369
370
373
377
378
381
383
387
389
390
392
394
396
399
400
401
403
405
407
409
410
413
415
416
418
419
421
422
425
427
431
432
434
435
437
440
442
444
447
448
449
452
454
456
460
463
464
466
468
471
472
475
477
480
483
484
486
488
489
492
497
498
500
502
505
507
510
512
514
517
518
522
526
527
528
531
533
534
536
540
542
546
549
551
554
558
560
564
566
569
571
574
576
579
581
584
586
588
590
593
595
599
602
606
608
610
612
616
618
621
622
624
627
628
632
633
634
636
639
643
645
647
650
651
654
656
659
660
664
667
670
672
674
676
678
682
685
687
690
692
694
695
697
700
703
705
707
710
713
714
716
720
723
726
729
731
733
736
739
742
743
745
749
751
753
755
759
762
764
767
768
772
775
777
781
783
785
789
792
795
798
800
802
804
806
809
810
811
813
816
817
820
822
825
828
831
835
837
839
841
842
846
848
851
852
855
857
860
864
866
870
871
874
875
878
879
880
882
884
886
888
892
895
899
901
904
907
910
912
914
917
919
921
924
927
929
932
935
936
939
940
943
946
948
950
952
954
957
960
964
966
967
969
972
974
976
979
982
986
989
990
996
997
1001
1004
1007
1010
1012
1015
1018
1021
1024
1029
1033
1035
1037
1040
1043
1044
1048
1052
1057
1059
1063
1066
1068
1070
1073
1076
1079
1083
1087
1090
1094
1098
1101
1105
1109
1112
1116
1119
1124
1127
1131
1137
1141
1146
1151
1153
1158
1161
1165
1169
1171
1174
1176
1181
1185
1189
1196
1201
1205
1211
1215
1219
1223
1227
1233
1238
1243
1250
1255
1262
1266
1272
1277
1280
1285
1291
1294
1299
1306
1311
1317
1323
1328
1335
1344
1349
1357
1365
1369
1377
1383
1389
1396
1400
1405
1411
1418
1424
1429
1436
1444
1448
1453
1460
1464
1472
1476
1485
1493
1497
1504
1507
1513
1519
1522
1529
1538
1543
1549
1556
1566
1574
1581
1588
1593
1599
1605
1614
1623
1628
1632
1640
1647
1657
1663
1671
1679
1687
1696
1705
1711
1719
1726
1733
1743
1750
1759
1764
1772
1779
1787
1793
1801
1808
1816
1823
1831
1840
1847
1854
1862
1871
1880
1888
1895
1904
1914
1921
1927
1934
1944
1953
1961
1971
1980
1988
1997
2007
2017
2023
2033
2040
2050
2054
2061
2071
2080
2088
2096
2107
2115
2125
2133
2142
2148
2154
2164
2171
2177
2186
2194
2201
2210
2220
2230
2240
2249
2261
2271
2282
2291
2297
2307
2315
2322
2334
2342
2351
2359
2366
2375
2383
2394
2403
2410
2416
2425
2431
2441
2451
2460
2466
2473
2480
2490
2499
2507
2515
2523
2529
2538
2548
2555
2562
2571
2579
2589
2596
2604
2613
2618
2624
2630
2637
2644
2652
2662
2669
2677
2685
2694
2701
2710
2718
2727
2735
2742
2753
2757
2764
2773
2780
2786
2795
2805
2812
2824
2832
2841
2846
2854
2863
2870
2876
2883
2892
2903
2908
2915
2920
2927
2935
2942
2950
2956
2962
2969
2976
2983
2991
2997
3003
3008
3013
3019
3026
3034
3040
3046
3053
3060
3069
3076
3083
3090
3096
3103
3108
3116
3121
3130
3137
3141
3146
3151
3156
3166
3170
3178
3185
3191
3196
3200
3205
3212
3216
3226
3233
3240
3243
3249
3254
3259
3263
3268
3275
3279
3286
3290
3295
3300
3307
3313
3320
3323
3328
3333
3338
3344
3349
3353
3358
3364
3368
3372
3380
3387
3391
3394
3401
3406
3409
3412
3416
3420
3423
3427
3429
3432
3436
3441
3444
3447
3452
3457
3462
3465
3469
3474
3479
3484
3490
3496
3498
3502
3508
3511
3516
3519
3523
3526
3532
3537
3539
3543
3546
3548
3550
3554
3557
3561
3565
3570
3572
3579
3581
3583
3587
3588
3590
3593
3596
3598
3600
3602
3604
3607
3610
3612
3614
3616
3619
3621
3622
3626
3629
3632
3633
3636
3637
3639
3642
3645
3647
3651
3654
3656
3658
3660
3663
3665
3667
3669
3670
3672
3674
3678
3679
3680
3683
3685
3689
3690
3693
3695
3697
3700
3703
3706
3708
3712
3713
3715
3718
3719
3721
3723
3726
3728
3730
3732
3734
3736
3738
3740
3742
3744
3747
3747
3751
3753
3755
3757
3759
3762
3764
3766
3767
3770
3773
3775
3777
3779
3781
3781
3784
3785
3786
3788
3790
3792
3794
3797
3799
3801
3802
3803
3805
3808
3809
3810
3813
3814
3816
3818
3820
3822
3824
3826
3827
3830
3831
3834
3835
3836
3838
3839
3841
3843
3844
3847
3849
3850
3852
3854
3855
3856
3859
3862
3864
3865
3867
3869
3871
3872
3874
3876
3877
3878
3881
3882
3884
3885
3887
3888
3890
3892
3892
3893
3896
3898
3899
3901
3903
3905
3907
3908
3910
3913
3916
3918
3920
3923
3925
3927
3929
3930
3931
3934
3936
3938
3939
3941
3944
3947
3948
3950
3952
3954
3955
3955
3957
3959
3960
3962
3964
3964
3966
3967
3968
3971
3973
3974
3978
3979
3981
3983
3985
3987
3988
3990
3991
3993
3995
3996
3998
4000
4002
4004
4005
4007
4010
4011
4013
4013
4014
4016
4017
4019
4020
4023
4025
4027
4028
4029
4031
4033
4036
4037
4038
4039
4040
4043
4045
4047
4048
4050
4051
4053
4055
4056
4057
4059
4061
4063
4065
4067
4069
4071
4073
4074
4075
4078
4079
4081
4082
4084
4086
4087
4091
4094
4095
4097
4098
4100
4102
4103
4106
4108
4109
4112
4113
4114
4115
4116
4120
4121
4123
4125
4126
4128
4129
4132
4135
4137
4139
4141
4143
4146
4146
4148
4150
4153
4155
4158
4160
4161
4163
4165
4167
4169
4172
4174
4177
4180
4183
4186
4188
4191
4194
4196
4198
4199
4201
4204
4206
4207
4210
4211
4213
4215
4218
4221
4222
4224
4227
4229
4231
4234
4236
4238
4240
4242
4244
4246
4249
4251
4253
4255
4256
4259
4261
4263
4264
4266
4269
4270
4273
4275
4279
4281
4284
4286
4288
4289
4290
4292
4293
4296
4297
4300
4302
4304
4307
4308
4310
4313
4316
4319
4321
4324
4326
4328
4330
4332
4333
4335
4338
4341
4344
4346
4348
4352
4354
4356
4359
4361
4363
4366
4369
4372
4376
4380
4382
4386
4388
4391
4394
4397
4399
4402
4404
4405
4408
4410
4413
4415
4418
4419
4421
4423
4425
4428
4431
4434
4436
4440
4442
4446
4449
4452
4454
4458
4460
4462
4465
4468
4471
4474
4477
4479
4482
4485
4489
4491
4495
4499
4500
4503
4506
4510
4513
4515
4517
4520
4523
4527
4530
4533
4534
4537
4540
4543
4546
4548
4552
4555
4558
4561
4564
4568
4572
4574
4579
4582
4587
4590
4593
4596
4600
4602
4606
4609
4614
4617
4620
4623
4626
4629
4632
4635
4639
4645
4648
4652
4656
4659
4662
4666
4670
4674
4678
4682
4685
4688
4691
4693
4697
4700
4704
4708
4712
4716
4721
4726
4730
4734
4737
4742
4748
4751
4756
4762
4767
4772
4776
4780
4784
4790
4795
4798
4802
4806
4811
4816
4820
4826
4833
4838
4845
4850
4855
4859
4863
4869
4876
4882
4889
4894
4899
4906
4914
4918
4924
4929
4936
4943
4951
4956
4961
4968
4974
4980
4986
4994
5001
5008
5013
5024
5031
5038
5046
5054
5061
5069
5077
5085
5090
5098
5108
5117
5127
5135
5142
5151
5159
5168
5178
5189
5199
5210
5223
5232
5246
5257
5271
5282
5294
5306
5318
5329
5343
5355
5367
5382
5394
5409
5421
5434
5449
5464
5479
5491
5504
5517
5533
5547
5564
5578
5597
5613
5630
5646
5667
5685
5704
5722
5740
5759
5781
5800
5823
5846
5872
5893
5917
5934
5957
5979
6002
6028
6054
6077
6103
6128
6158
6184
6211
6236
6266
6296
6325
6356
6385
6415
6447
6481
6516
6549
6581
6613
6648
6682
6716
6753
6789
6826
6862
6899
6937
6978
7014
7051
7088
7129
7168
7209
7256
7301
7347
7398
7451
7495
7543
7592
7636
7689
7744
7794
7842
7897
7952
8008
8059
8117
8174
8231
8287
8345
8407
8464
8524
8579
8641
8703
8761
8822
8884
8943
9013
9075
9142
9210
9279
9348
9417
9488
9558
9629
9699
9773
9848
9916
9996
10072
10150
10229
10308
10386
10460
10537
10619
10700
10788
10868
10952
11032
11114
11195
11285
11368
11451
11541
11627
11714
11816
11907
12000
12098
12198
12297
12393
12494
12601
12695
12797
12892
12988
13093
13194
13295
13416
13516
13619
13732
13836
13944
14057
14165
14279
14395
14511
14631
14748
14857
14979
15098
15211
15329
15450
15571
15688
15805
15929
16050
16183
16304
16430
16555
16684
16809
16926
17053
17186
17309
17436
17565
17695
17824
17957
18087
18222
18355
18493
18631
18762
18894
19037
19175
19314
19454
19592
19747
19887
20035
20181
20329
20482
20631
20771
20914
21075
21227
21368
21522
21673
21825
21971
22124
22279
22430
22584
22724
22872
23029
23176
23331
23481
23624
23769
23920
24075
24229
24385
24548
24704
24854
25005
25156
25317
25476
25631
25789
25937
26083
26237
26385
26539
26695
26850
26998
27149
27305
27459
27616
27761
27907
28054
28210
28359
28508
28668
28821
28966
29116
29270
29417
29568
29728
29870
30026
30178
30333
30479
30631
30777
30930
31085
31230
31383
31537
31679
31829
31985
32130
32281
32425
32580
32731
32878
33030
33175
33321
33477
33639
33786
33928
34063
34211
34362
34497
34645
34792
34938
35079
35223
35368
35501
35642
35778
35927
36064
36195
36329
36463
36598
36736
36875
37004
37138
37280
37405
37542
37675
37807
37929
38049
38172
38290
38404
38527
38645
38759
38886
38998
39115
39231
39351
39462
39579
39696
39803
39922
40029
40151
40261
40365
40470
40572
40681
40792
40900
40997
41097
41201
41309
41407
41511
41614
41715
41809
41920
42021
42115
42214
42312
42405
42497
42589
42687
42781
42874
42973
43063
43158
43249
43343
43432
43526
43616
43709
43800
43881
43966
44046
44130
44213
44292
44368
44450
44534
44618
44694
44776
44859
44940
45024
45098
45176
45261
45335
45410
45488
45566
45635
45711
45781
45852
45930
46000
46074
46144
46220
46293
46365
46431
46496
46562
46633
46703
46773
46836
46901
46966
47027
47091
47150
47211
47268
47329
47388
47450
47515
47579
47636
47696
47749
47805
47859
47918
47978
48031
48087
48137
48183
48240
48291
48347
48401
48456
48503
48553
48597
48650
48702
48746
48796
48841
48895
48944
48995
49036
49085
49130
49176
49223
49270
49316
49364
49409
49450
49493
49535
49578
49620
49660
49699
49740
49779
49820
49862
49902
49941
49984
50022
50063
50100
50133
50172
50208
50244
50282
50318
50351
50390
50420
50456
50486
50518
50550
50584
50620
50654
50688
50721
50754
50784
50813
50844
50872
50903
50930
50962
50995
51022
51051
51081
51108
51133
51163
51194
51221
51251
51278
51305
51329
51356
51388
51412
51444
51473
51496
51525
51548
51574
51603
51629
51650
51673
51700
51724
51753
51783
51807
51830
51853
51876
51897
51922
51943
51969
51991
52013
52036
52061
52083
52102
52122
52143
52164
52186
52203
52226
52248
52267
52289
52309
52330
52352
52371
52391
52410
52429
52449
52468
52485
52503
52521
52542
52560
52577
52592
52616
52636
52649
52667
52685
52700
52718
52733
52748
52762
52779
52796
52811
52829
52846
52862
52877
52894
52910
52926
52944
52959
52974
52989
53000
53015
53031
53049
53062
53077
53088
53102
53115
53129
53143
53158
53172
53187
53198
53209
53221
53234
53247
53259
53273
53285
53299
53307
53318
53330
53341
53353
53364
53376
53385
53397
53408
53419
53429
53440
53452
53462
53472
53481
53489
53502
53514
53525
53534
53544
53557
53566
53575
53584
53595
53604
53613
53622
53631
53642
53651
53661
53671
53681
53689
53700
53710
53720
53730
53738
53747
53756
53767
53777
53784
53793
53802
53810
53821
53831
53841
53850
53858
53867
53875
53883
53894
53904
53914
53924
53933
53943
53952
53961
53970
53978
53986
53994
54000
54011
54019
54029
54038
54047
54054
54066
54077
54086
54094
54102
54111
54120
54131
54139
54150
54160
54172
54183
54191
54201
54209
54220
54230
54241
54250
54262
54271
54283
54295
54307
54319
54330
54341
54354
54364
54372
54383
54392
54405
54415
54424
54434
54448
54458
54468
54479
54489
54500
54511
54523
54531
54539
54549
54558
54570
54579
54591
54603
54614
54624
54634
54644
54655
54664
54674
54686
54698
54711
54721
54732
54743
54753
54763
54775
54785
54799
54809
54824
54837
54850
54863
54876
54885
54896
54909
54921
54931
54943
54959
54971
54984
54994
55005
55018
55030
55044
55056
55072
55085
55097
55110
55124
55139
55151
55165
55178
55192
55202
55218
55233
55250
55263
55278
55293
55309
55323
55335
55349
55369
55381
55397
55409
55423
55438
55450
55466
55482
55498
55515
55530
55547
55560
55575
55592
55607
55620
55636
55649
55665
55681
55698
55714
55727
55744
55758
55775
55792
55807
55820
55836
55850
55866
55884
55897
55909
55925
55941
55955
55972
55987
56004
56019
56034
56049
56062
56076
56094
56110
56125
56142
56157
56170
56189
56204
56222
56239
56254
56270
56283
56300
56318
56337
56353
56370
56387
56399
56412
56429
56444
56456
56474
56490
56504
56518
56534
56551
56569
56583
56599
56613
56630
56646
56660
56674
56689
56707
56725
56743
56758
56772
56787
56803
56818
56834
56851
56869
56885
56900
56915
56929
56944
56962
56977
56992
57006
57021
57034
57050
57063
57080
57096
57110
57126
57138
57150
57164
57181
57192
57211
57228
57239
57256
57268
57285
57297
57310
57325
57338
57354
57368
57380
57397
57410
57429
57441
57453
57463
57476
57491
57506
57521
57533
57546
57560
57574
57586
57600
57615
57632
57644
57657
57670
57683
57695
57709
57723
57737
57749
57760
57773
57788
57800
57812
57822
57833
57843
57855
57866
57880
57894
57904
57919
57932
57943
57955
57966
57980
57995
58007
58022
58034
58048
58061
58072
58084
58096
58107
58115
58124
58136
58144
58153
58163
58173
58184
58192
58204
58214
58226
58237
58244
58254
58265
58274
58283
58292
58300
58309
58316
58326
58336
58346
58357
58366
58375
58387
58395
58402
58411
58419
58427
58436
58444
58452
58461
58471
58479
58488
58500
58509
58517
58527
58536
58544
58552
58562
58570
58579
58587
58596
58604
58611
58622
58630
58638
58645
58652
58660
58667
58674
58684
58691
58697
58705
58712
58720
58727
58734
58740
58751
58758
58768
58775
58783
58789
58797
58803
58809
58816
58822
58828
58835
58841
58848
58853
58861
58867
58874
58880
58889
58894
58900
58907
58912
58919
58924
58929
58935
58939
58944
58952
58957
58966
58971
58976
58984
58992
58998
59004
59010
59016
59022
59026
59032
59036
59041
59048
59054
59060
59065
59069
59075
59079
59084
59089
59094
59100
59107
59112
59117
59123
59130
59134
59139
59145
59149
59154
59157
59164
59169
59174
59178
59183
59187
59194
59200
59206
59210
59213
59218
59224
59230
59234
59237
59240
59244
59250
59254
59258
59262
59267
59271
59277
59283
59288
59293
59300
59303
59308
59314
59318
59323
59329
59335
59340
59345
59351
59354
59360
59364
59367
59373
59378
59383
59387
59394
59399
59405
59408
59414
59419
59425
59430
59436
59442
59448
59454
59458
59463
59469
59474
59480
59485
59492
59495
59501
59506
59512
59517
59522
59529
59536
59541
59545
59550
59556
59562
59566
59572
59578
59585
59592
59597
59602
59608
59615
59621
59626
59630
59636
59642
59648
59655
59662
59669
59676
59682
59689
59696
59702
59708
59713
59719
59728
59734
59738
59745
59751
59759
59766
59773
59780
59788
59794
59800
59806
59814
59821
59828
59835
59842
59849
59857
59864
59871
59879
59887
59894
59903
59910
59916
59923
59929
59935
59942
59949
59956
59964
59969
59978
59985
59992
60004
60013
60022
60029
60038
60046
60055
60066
60074
60081
60092
60101
60111
60119
60128
60134
60144
60153
60160
60167
60177
60185
60195
60206
60214
60223
60231
60239
60248
60257
60265
60274
60284
60295
60302
60312
60320
60329
60338
60346
60356
60365
60375
60384
60395
60403
60413
60421
60429
60440
60452
60459
60469
60478
60487
60498
60506
60516
60523
60532
60542
60549
60559
60568
60578
60588
60598
60610
60619
60630
60639
60650
60662
60673
60683
60693
60707
60719
60730
60739
60749
60759
60768
60779
60791
60797
60807
60814
60826
60838
60847
60857
60869
60879
60888
60900
60911
60920
60932
60945
60955
60966
60978
60987
60997
61007
61017
61026
61036
61049
61060
61074
61083
61095
61104
61114
61125
61138
61149
61162
61173
61184
61194
61205
61214
61224
61234
61247
61258
61270
61280
61292
61305
61317
61328
61339
61350
61364
61376
61387
61399
61412
61426
61439
61450
61461
61470
61482
61494
61508
61521
61535
61545
61556
61569
61579
61589
61603
61615
61628
61639
61650
61662
61675
61686
61702
61715
61729
61740
61751
61761
61774
61786
61797
61809
61820
61830
61843
61855
61864
61875
61887
61898
61910
61920
61931
61944
61955
61965
61979
61989
62002
62014
62025
62034
62046
62056
62070
62080
62093
62105
62114
62125
62139
62149
62160
62171
62184
62193
62204
62217
62230
62242
62251
62263
62275
62284
62295
62304
62314
62325
62335
62346
62355
62366
62379
62387
62396
62406
62418
62427
62438
62450
62459
62470
62479
62490
62499
62507
62516
62526
62537
62549
62559
62569
62579
62590
62598
62609
62617
62626
62636
62645
62655
62665
62676
62685
62694
62708
62717
62726
62738
62749
62758
62765
62775
62785
62796
62804
62814
62823
62834
62843
62852
62861
62871
62884
62893
62904
62914
62922
62931
62939
62947
62958
62968
62977
62987
62996
63004
63013
63022
63032
63045
63053
63062
63070
63080
63089
63096
63103
63113
63121
63130
63140
63150
63160
63169
63175
63184
63194
63202
63211
63220
63230
63239
63247
63255
63262
63272
63280
63287
63297
63305
63313
63323
63330
63336
63346
63354
63361
63368
63376
63383
63390
63398
63407
63415
63425
63431
63440
63450
63455
63461
63469
63476
63484
63491
63499
63505
63511
63519
63527
63535
63542
63548
63555
63563
63571
63577
63585
63595
63602
63610
63616
63622
63626
63633
63637
63645
63651
63658
63663
63671
63677
63683
63691
63700
63707
63715
63721
63727
63733
63739
63745
63751
63757
63761
63767
63774
63779
63785
63790
63795
63802
63807
63815
63822
63827
63835
63840
63845
63851
63857
63864
63869
63874
63879
63883
63889
63894
63899
63904
63908
63915
63919
63924
63930
63937
63943
63948
63953
63958
63963
63968
63973
63977
63981
63987
63991
63997
64003
64006
64009
64014
64019
64023
64027
64031
64035
64039
64043
64047
64053
64055
64061
64064
64068
64072
64076
64080
64085
64089
64093
64097
64101
64104
64109
64112
64115
64118
64121
64126
64131
64134
64137
64139
64142
64147
64152
64155
64160
64167
64172
64174
64179
64182
64187
64191
64194
64198
64202
64205
64209
64214
64217
64220
64224
64226
64230
64233
64236
64239
64243
64247
64250
64254
64258
64261
64265
64267
64270
64273
64276
64279
64281
64284
64287
64290
64292
64295
64299
64301
64304
64306
64308
64312
64314
64317
64320
64322
64324
64327
64329
64331
64333
64336
64339
64342
64345
64349
64351
64353
64357
64361
64363
64367
64371
64374
64376
64379
64382
64384
64388
64390
64393
64396
64398
64400
64402
64404
64407
64410
64414
64418
64421
64422
64425
64428
64431
64433
64436
64438
64440
64442
64445
64447
64450
64451
64453
64456
64457
64459
64462
64463
64466
64468
64470
64473
64475
64477
64479
64481
64483
64484
64487
64488
64490
64491
64493
64495
64498
64499
64501
64502
64504
64505
64506
64508
64509
64512
64514
64515
64518
64520
64523
64525
64528
64529
64532
64534
64538
64541
64543
64545
64547
64548
64551
64554
64556
64557
64559
64561
64562
64564
64566
64568
64569
64572
64573
64576
64578
64579
64581
64582
64584
64587
64588
64590
64592
64593
64595
64597
64599
64601
64602
64604
64607
64609
64612
64615
64617
64618
64620
64622
64623
64625
64626
64627
64628
64631
64634
64636
64638
64640
64643
64645
64646
64648
64649
64651
64653
64654
64658
64660
64662
64664
64666
64668
64671
64672
64673
64675
64677
64678
64681
64683
64685
64688
64690
64692
64694
64696
64697
64698
64700
64703
64704
64706
64708
64710
64712
64715
64717
64719
64721
64723
64724
64725
64726
64728
64729
64732
64734
64736
64739
64741
64743
64745
64748
64751
64753
64756
64757
64759
64761
64763
64765
64767
64769
64770
64773
64774
64777
64778
64780
64783
64784
64785
64787
64789
64790
64793
64796
64798
64799
64802
64805
64806
64809
64810
64813
64814
64816
64818
64819
64821
64823
64825
64827
64830
64832
64833
64836
64838
64841
64844
64846
64848
64850
64853
64854
64857
64858
64861
64863
64866
64867
64869
64872
64874
64876
64879
64882
64884
64885
64889
64890
64892
64894
64896
64899
64901
64904
64906
64908
64910
64912
64915
64916
64918
64919
64922
64925
64927
64929
64931
64933
64937
64939
64942
64944
64946
64948
64950
64954
64955
64958
64961
64964
64966
64970
64973
64977
64979
64981
64984
64986
64989
64993
64996
64999
65002
65005
65009
65011
65013
65016
65019
65024
65028
65031
65034
65036
65039
65042
65045
65047
65049
65051
65054
65057
65059
65062
65066
65068
65074
65077
65082
65086
65091
65096
65103
65108
65111
65117
65121
65126
65131
65135
65141
65147
65152
65156
65159
65163
65170
65174
65178
65184
65189
65193
65198
65202
65206
65210
65217
65220
65225
65228
65234
65239
65243
65249
65254
65259
65265
65269
65273
65280
65284
65290
65296
65301
65305
65308
65314
65318
65323
65328
65333
65338
65343
65347
65350
65353
65358
65363
65369
65374
65378
65385
65392
65397
65400
65403
65409
65416
65420
65426
65429
65435
65442
65449
65455
65463
65466
65471
65479
65485
65492
65498
65504
65509
65514
65519
65526
65535
65535
65535
65535
65535
65535
65535
65535
65535
65535
65535
65535
65535
65535
65535
65535
65535
65535
65535
65535
65535
65535
65535
65535
65535
65535
65535
65535
65535
65535
65535
65535
65535
65535
65535
65535
65535
65535
65535
65535
65535
65535
65535
65535
65535
65535
65535
65535
65535
65535
65535
65535
65535
65535
65535
65535
65535
65535
65535
65535
65535
65535
65535
65535
65535
65535
65535
65535
65535
65535
65535
65535
65535
65535
65535
65535
65535
65535
65535
65535
65535
65535
65535
65535
65535
65535
65535
65535
65535
65535
65535
65535
65535
65535
65535
65535
65535
65535
65535
65535
65535
65535
65535
65535
65535
65535
65535
65535
65535
65535
65535
65535
65535
65535
65535
65535
65535
65535
65535
65535
65535
65535
65535
65535
65535
65535
65535
65535
65535
65535
65535
65535
65535
65535
65535
65535
65535
65535
65535
65535
65535
65535
65535
65535
65535
65535
65535
65535
65535
65535
65535
65535
65535
65535
65535
65535
65535
65535
65535
65535
65535
65535
65535
65535
65535
65535
65535
65535
65535
65535
65535
65535
65535
65535
65535
65535
65535
65535
65535
65535
65535
65535
65535
65535
65535
65535
65535
65535
65535
65535
65535
65535
65535
65535
65535
65535
65535
65535
65535
65535
65535
65535
65535
65535
65535
65535
65535
65535
65535
65535
65535
65535
65535
65535
65535
65535
65535
65535
65535
65535
65535
65535
65535
65535
65535
65535
65535
65535
65535
65535
65535
65535
65535
65535
65535
65535
65535
65535
65535
65535
65535
65535
65535
65535
65535
65535
65535
65535
65535
65535
65535
65535
65535
65535
65535
65535
65535
65535
65535
65535
65535
65535
65535
65535
65535
65535
65535
65535
65535
65535
65535
65535
65535
65535
65535
65535
65535
65535
65535
65535
65535
65535
65535
65535
65535
65535
65535
65535
65535
65535
65535
65535
65535
65535
65535
65535
65535
65535
65535
65535
65535
65535
65535
65535
65535
65535
65535
65535
65535
65535
65535
65535
65535
65535
65535
65535
65535
65535
65535
65535
65535
65535
65535
65535
65535
65535
65535
65535
65535
65535
65535
65535
65535
65535
65535
65535
65535
65535
65535
65535
65535
65535
65535
65535
65535
65535
65535
65535
65535
65535
65535
65535
65535
65535
65535
65535
65535
65535
65535
65535
65535
65535
65535
65535
65535
65535
65535
65535
65535
65535
65535
65535
65535
65535
65535
65535
65535
65535
65535
65535
65535
65535
65535
65535
65535
65535
65535
65535
65535
65535
65535
65535
65535
65535
65535
65535
65535
65535
65535
65535
65535
65535
65535
65535
65535
65535
65535
65535
65535
65535
65535
65535
65535
65535
65535
65535
65535
65535
65535
65535
65535
65535
65535
65535
65535
65535
65535
65535
65535
65535
65535
65535
65535
65535
65535
65535
65535
65535
65535
65535
65535
65535
65535
65535
65535
65535
65535
65535
65535
65535
65535
65535
65535
65535
65535
65535
65535
65535
65535
65535
65535
65535
65535
65535
65535
65535
65535
65535
65535
65535
65535
65535
65535
65535
65535
65535
65535
65535
65535
65535
65535
65535
65535
65535
65535
65535
65535
65535
65535
65535
65535
65535
65535
65535
65535
65535
65535
65535
65535
65535
65535
65535
65535
65535
65535
65535
65535
65535
65535
65535
65535
65535
65535
65535
65535
65535
65535
65535
65535
65535
65535
65535
65535
65535
65535
65535
65535
65535
65535
65535
65535
65535
65535
65535
65535
65535
65535
65535
65535
65535
65535
65535
65535
65535
65535
65535
65535
65535
65535
65535
65535
65535
65535
65535
65535
65535
65535
65535
65535
65535
65535
65535
65535
65535
65535
65535
65535
65535
65535
65535
65535
65535
65535
65535
65535
65535
65535
65535
65535
65535
65535
65535
65535
65535
65535
65535
65535
65535
65535
65535
65535
65535
65535
65535
65535
65535
65535
65535
65535
65535
65535
65535
65535
65535
65535
65535
65535
65535
65535
65535
65535
65535
65535
65535
65535
65535
65535
65535
65535
65535
65535
65535
65535
65535
65535
65535
65535
65535
65535
65535
65535
65535
65535
65535
65535
65535
65535
65535
65535
65535
65535
65535
65535
65535
65535
65535
65535
65535
65535
65535
65535
65535
65535
65535
65535
65535
65535
65535
65535
65535
65535
65535
65535
65535
65535
65535
65535
65535
65535
65535
65535
65535
65535
65535
65535
65535
65535
65535
65535
65535
65535
65535
65535
65535
65535
65535
65535
65535
65535
65535
65535
65535
65535
65535
65535
65535
65535
65535
65535
65535
65535
65535
65535
65535
65535
65535
65535
65535
65535
65535
65535
65535
65535
65535
65535
65535
65535
65535
65535
65535
65535
65535
65535
65535
65535
65535
65535
65535
65535
65535
65535
65535
65535
65535
65535
65535
65535
65535
65535
65535
65535
65535
65535
65535
65535
65535
65535
65535
65535
65535
65535
65535
65535
65535
65535
65535
65535
65535
65535
65535
65535
65535
65535
65535
65535
65535
65535
65535
65535
65535
65535
65535
65535
65535
65535
65535
65535
65535
65535
65535
65535
65535
65535
65535
65535
65535
65535
65535
65535
65535
65535
65535
65535
65535
65535
65535
65535
65535
65535
65535
65535
65535
65535
65535
65535
65535
65535
65535
65535
65535
65535
65535
65535
65535
65535
65535
65535
65535
65535
65535
65535
65535
65535
65535
65535
65535
65535
65535
65535
65535
65535
65535
65535
65535
65535
65535
65535
65535
65535
65535
65535
65535
65535
65535
65535
65535
65535
65535
65535
65535
65535
65535
65535
65535
65535
65535
65535
65535
65535
65535
65535
65535
65535
65535
65535
65535
65535
65535
65535
65535
65535
65535
65535
65535
65535
65535
65535
65535
65535
65535
65535
65535
65535
65535
65535
65535
65535
65535
65535
65535
65535
65535
65535
65535
65535
65535
65535
65535
65535
65535
65535
65535
65535
65535
65535
65535
65535
65535
65535
65535
65535
65535
65535
65535
65535
65535
65535
65535
65535
65535
65535
65535
65535
65535
65535
65535
65535
65535
65535
65535
65535
65535
65535
65535
65535
65535
65535
65535
65535
65535
65535
65535
65535
65535
65535
65535
65535
65535
65535
65535
65535
65535
65535
65535
65535
65535
65535
65535
65535
65535
65535
65535
65535
65535
65535
65535
65535
65535
65535
65535
65535
65535
65535
65535
65535
65535
65535
65535
65535
65535
65535
65535
65535
65535
65535
65535
65535
65535
65535
65535
65535
65535
65535
65535
65535
65535
65535
65535
65535
65535
65535
65535
65535
65535
65535
65535
65535
65535
65535
65535
65535
65535
65535
65535
65535
65535
65535
65535
65535
65535
65535
65535
65535
65535
65535
65535
65535
65535
65535
65535
65535
65535
65535
65535
65535
65535
65535
65535
65535
65535
65535
65535
65535
65535
65535
65535
65535
65535
65535
65535
65535
65535
65535
65535
65535
65535
65535
65535
65535
65535
65535
65535
65535
65535
65535
65535
65535
65535
65535
65535
65535
65535
65535
65535
65535
65535
65535
65535
65535
65535
65535
65535
65535
65535
65535
65535
65535
65535
65535
65535
65535
65535
65535
65535
65535
65535
65535
65535
65535
65535
65535
65535
65535
65535
65535
65535
65535
65535
65535
65535
65535
65535
65535
65535
65535
65535
65535
65535
65535
65535
65535
65535
65535
65535
65535
65535
65535
65535
65535
65535
65535
65535
65535
65535
65535
65535
65535
65535
65535
65535
65535
65535
65535
65535
65535
65535
65535
65535
65535
65535
65535
65535
65535
65535
65535
65535
65535
65535
65535
65535
65535
65535
65535
65535
65535
65535
65535
65535
65535
65535
65535
65535
65535
65535
65535
65535
65535
65535
65535
65535
65535
65535
65535
65535
65535
65535
65535
65535
65535
65535
65535
65535
65535
65535
65535
65535
65535
65535
65535
65535
65535
65535
65535
65535
65535
65535
65535
65535
65535
65535
65535
65535
65535
65535
65535
65535
65535
65535
65535
65535
65535
65535
65535
65535
65535
65535
65535
65535
65535
65535
65535
65535
65535
65535
65535
65535
65535
65535
65535
65535
65535
65535
65535
65535
65535
65535
65535
65535
65535
65535
65535
65535
65535
65535
65535
65535
65535
65535
65535
65535
65535
65535
65535
65535
65535
65535
65535
65535
65535
65535
65535
65535
65535
65535
65535
65535
65535
65535
65535
65535
65535
65535
65535
65535
65535
65535
65535
65535
65535
65535
65535
65535
65535
65535
65535
65535
65535
65535
65535
65535
65535
65535
65535
65535
65535
65535
65535
65535
65535
65535
65535
65535
65535
65535
65535
65535
65535
65535
65535
65535
65535
65535
65535
65535
65535
65535
65535
65535
65535
65535
65535
65535
65535
65535
65535
65535
65535
65535
65535
65535
65535
65535
65535
65535
65535
65535
65535
65535
65535
65535
65535
65535
65535
65535
65535
65535
65535
65535
65535
65535
65535
65535
65535
65535
65535
65535
65535
65535
65535
65535
65535
65535
65535
65535
65535
65535
65535
65535
65535
65535
65535
65535
65535
65535
65535
65535
65535
65535
65535
65535
65535
65535
65535
65535
65535
65535
65535
65535
65535
65535
65535
65535
65535
65535
65535
65535
65535
65535
65535
65535
65535
65535
65535
65535
65535
65535
65535
65535
65535
65535
65535
65535
65535
65535
65535
65535
65535
65535
65535
65535
65535
65535
65535
65535
65535
65535
65535
65535
65535
65535
65535
65535
65535
65535
65535
65535
65535
65535
65535
65535
65535
65535
65535
65535
65535
65535
65535
65535
65535
65535
65535
65535
65535
65535
65535
65535
65535
65535
65535
65535
65535
65535
65535
65535
65535
65535
65535
65535
65535
65535
65535
65535
65535
65535
65535
65535
65535
65535
65535
65535
65535
65535
65535
65535
65535
65535
65535
65535
65535
65535
65535
65535
65535
65535
65535
65535
65535
65535
65535
65535
65535
65535
65535
65535
65535
65535
65535
65535
65535
65535
65535
65535
65535
65535
65535
65535
65535
65535
65535
65535
65535
65535
65535
65535
65535
65535
65535
65535
65535
65535
65535
65535
65535
65535
65535
65535
65535
65535
65535
65535
65535
65535
65535
65535
65535
65535
65535
65535
65535
65535
65535
65535
65535
65535
65535
65535
65535
65535
65535
65535
65535
65535
65535
65535
65535
65535
65535
65535
65535
65535
65535
65535
65535
65535
65535
65535
65535
65535
65535
65535
65535
65535
65535
65535
65535
65535
65535
65535
65535
65535
65535
65535
65535
65535
65535
65535
65535
65535
65535
65535
65535
65535
65535
65535
65535
65535
65535
65535
65535
65535
65535
65535
65535
65535
65535
65535
65535
65535
65535
65535
65535
65535
65535
65535
65535
65535
65535
65535
65535
65535
65535
65535
65535
65535
65535
65535
65535
65535
65535
65535
65535
65535
65535
65535
65535
65535
65535
65535
65535
65535
65535
65535
65535
65535
65535
65535
65535
65535
65535
65535
65535
65535
65535
65535
65535
65535
65535
65535
65535
65535
65535
65535
65535
65535
65535
65535
65535
65535
65535
65535
65535
65535
65535
65535
65535
65535
65535
65535
65535
65535
65535
65535
65535
65535
65535
65535
65535
65535
65535
65535
65535
65535
65535
65535
65535
65535
65535
65535
65535
65535
65535
65535
65535
65535
65535
65535
65535
65535
65535
65535
65535
65535
65535
65535
65535
65535
65535
65535
65535
65535
65535
65535
65535
65535
65535
65535
65535
65535
65535
65535
65535
65535
65535
65535
65535
65535
65535
65535
65535
65535
65535
65535
65535
65535
65535
65535
65535
65535
65535
65535
65535
65535
65535
65535
65535
65535
65535
65535
65535
65535
65535
65535
65535
65535
65535
65535
65535
65535
65535
65535
65535
65535
65535
65535
65535
65535
65535
65535
65535
65535
65535
65535
65535
65535
65535
65535
65535
65535
65535
65535
65535
65535
65535
65535
65535
65535
65535
65535
65535
65535
65535
65535
65535
65535
65535
65535
65535
65535
65535
65535
65535
65535
65535
65535
65535
65535
65535
65535
65535
65535
65535
65535
65535
65535
65535
65535
65535
65535
65535
65535
65535
65535
65535
65535
65535
65535
65535
65535
65535
65535
65535
65535
65535
65535
65535
65535
65535
65535
65535
65535
65535
65535
65535
65535
65535
65535
65535
65535
65535
65535
65535
65535
65535
65535
65535
65535
65535
65535
65535
65535
65535
65535
65535
65535
65535
65535
65535
65535
65535
65535
65535
65535
65535
65535
65535
65535
65535
65535
65535
65535
65535
65535
65535
65535
65535
65535
65535
65535
65535
65535
65535
65535
65535
65535
65535
65535
65535
65535
65535
65535
65535
65535
65535
65535
65535
65535
65535
65535
65535
65535
65535
65535
65535
65535
65535
65535
65535
65535
65535
65535
65535
65535
65535
65535
65535
65535
65535
65535
65535
65535
65535
65535
65535
65535
65535
65535
65535
65535
65535
65535
65535
65535
65535
65535
65535
65535
65535
65535
65535
65535
65535
65535
65535
65535
65535
65535
65535
65535
65535
65535
65535
65535
65535
65535
65535
65535
65535
65535
65535
65535
65535
65535
65535
65535
65535
65535
65535
65535
65535
65535
65535
65535
65535
65535
65535
65535
65535
65535
65535
65535
65535
65535
65535
65535
65535
65535
65535
65535
65535
65535
65535
65535
65535
65535
65535
65535
65535
65535
65535
65535
65535
65535
65535
65535
65535
65535
65535
65535
65535
65535
65535
65535
65535
65535
65535
65535
65535
65535
65535
65535
65535
65535
65535
65535
65535
65535
65535
65535
65535
65535
65535
65535
65535
65535
65535
65535
65535
65535
65535
65535
65535
65535
65535
65535
65535
65535
65535
65535
65535
65535
65535
65535
65535
65535
65535
65535
65535
65535
65535
65535
65535
65535
65535
65535
65535
65535
65535
65535
65535
65535
65535
65535
65535
65535
65535
65535
65535
65535
65535
65535
65535
65535
65535
65535
65535
65535
65535
65535
65535
65535
65535
65535
65535
65535
65535
65535
65535
65535
65535
65535
65535
65535
65535
65535
65535
65535
65535
65535
65535
65535
65535
65535
65535
65535
65535
65535
65535
65535
65535
65535
65535
65535
65535
65535
65535
65535
65535
65535
65535
65535
65535
65535
65535
65535
65535
65535
65535
65535
65535
65535
65535
65535
65535
65535
65535
65535
65535
65535
65535
65535
65535
65535
65535
65535
65535
65535
65535
65535
65535
65535
65535
65535
65535
65535
65535
65535
65535
65535
65535
65535
65535
65535
65535
65535
65535
65535
65535
65535
65535
65535
65535
65535
65535
65535
65535
65535
65535
65535
65535
65535
65535
65535
65535
65535
65535
65535
65535
65535
65535
65535
65535
65535
65535
65535
65535
65535
65535
65535
65535
65535
65535
65535
65535
65535
65535
65535
65535
65535
65535
65535
65535
65535
65535
65535
65535
65535
65535
65535
65535
65535
65535
65535
65535
65535
65535
65535
65535
65535
65535
65535
65535
65535
65535
65535
65535
65535
65535
65535
65535
65535
65535
65535
65535
65535
65535
65535
65535
65535
65535
65535
65535
65535
65535
65535
65535
65535
65535
65535
65535
65535
65535
65535
65535
65535
65535
65535
65535
65535
65535
65535
65535
65535
65535
65535
65535
65535
65535
65535
65535
65535
65535
65535
65535
65535
65535
65535
65535
65535
65535
65535
65535
65535
65535
65535
65535
65535
65535
65535
65535
65535
65535
65535
65535
65535
65535
65535
65535
65535
65535
65535
65535
65535
65535
65535
65535
65535
65535
65535
65535
65535
65535
65535
65535
65535
65535
65535
65535
65535
65535
65535
65535
65535
65535
65535
65535
65535
65535
65535
65535
65535
65535
65535
65535
65535
65535
65535
65535
65535
65535
65535
65535
65535
65535
65535
65535
65535
65535
65535
65535
65535
65535
65535
65535
65535
65535
65535
65535
65535
65535
65535
65535
65535
65535
65535
65535
65535
65535
65535
65535
65535
65535
65535
65535
65535
65535
65535
65535
65535
65535
65535
65535
65535
65535
65535
65535
65535
65535
65535
65535
65535
65535
65535
65535
65535
65535
65535
65535
65535
65535
65535
65535
65535
65535
65535
65535
65535
65535
65535
65535
65535
65535
65535
65535
65535
65535
65535
65535
65535
65535
65535
65535
65535
65535
65535
65535
65535
65535
65535
65535
65535
65535
65535
65535
65535
65535
65535
65535
65535
65535
65535
65535
65535
65535
65535
65535
65535
65535
65535
65535
65535
65535
65535
65535
65535
65535
65535
65535
65535
65535
65535
65535
65535
65535
65535
65535
65535
65535
65535
65535
65535
65535
65535
65535
65535
65535
65535
65535
65535
65535
65535
65535
65535
65535
65535
65535
65535
65535
65535
65535
65535
65535
65535
65535
65535
65535
65535
65535
65535
65535
65535
65535
65535
65535
65535
65535
65535
65535
65535
65535
65535
65535
65535
65535
65535
65535
65535
65535
65535
65535
65535
65535
65535
65535
65535
65535
65535
65535
65535
65535
65535
65535
65535
65535
65535
65535
65535
65535
65535
65535
65535
65535
65535
65535
65535
65535
65535
65535
65535
65535
65535
65535
65535
65535
65535
65535
65535
65535
65535
65535
65535
65535
65535
65535
65535
65535
65535
65535
65535
65535
65535
65535
65535
65535
65535
65535
65535
65535
65535
65535
65535
65535
65535
65535
65535
65535
65535
65535
65535
65535
65535
65535
65535
65535
65535
65535
65535
65535
65535
65535
65535
65535
65535
65535
65535
65535
65535
65535
65535
65535
65535
65535
65535
65535
65535
65535
65535
65535
65535
65535
65535
65535
65535
65535
65535
65535
65535
65535
65535
65535
65535
65535
65535
65535
65535
65535
65535
65535
65535
65535
65535
65535
65535
65535
65535
65535
65535
65535
65535
65535
65535
65535
65535
65535
65535
65535
65535
65535
65535
65535
65535
65535
65535
65535
65535
65535
65535
65535
65535
65535
65535
65535
65535
65535
65535
65535
65535
65535
65535
65535
65535
65535
65535
65535
65535
65535
65535
65535
65535
65535
65535
65535
65535
65535
65535
65535
65535
65535
65535
65535
65535
65535
65535
65535
65535
65535
65535
65535
65535
65535
65535
65535
65535
65535
65535
65535
65535
65535
65535
65535
65535
65535
65535
65535
65535
65535
65535
65535
65535
65535
65535
65535
65535
65535
65535
65535
65535
65535
65535
65535
65535
65535
65535
65535
65535
65535
65535
65535
65535
65535
65535
65535
65535
65535
65535
65535
65535
65535
65535
65535
65535
65535
65535
65535
65535
65535
65535
65535
65535
65535
65535
65535
65535
65535
65535
65535
65535
65535
65535
65535
65535
65535
65535
65535
65535
65535
65535
65535
65535
65535
65535
65535
65535
65535
65535
65535
65535
65535
65535
65535
65535
65535
65535
65535
65535
65535
65535
65535
65535
65535
65535
65535
65535
65535
65535
65535
65535
65535
65535
65535
65535
65535
65535
65535
65535
65535
65535
65535
65535
65535
65535
65535
65535
65535
65535
65535
65535
65535
65535
65535
65535
65535
65535
65535
65535
65535
65535
65535
65535
65535
65535
65535
65535
65535
65535
65535
65535
65535
65535
65535
65535
65535
65535
65535
65535
65535
65535
65535
65535
65535
65535
65535
65535
65535
65535
65535
65535
65535
65535
65535
65535
65535
65535
65535
65535
65535
65535
65535
65535
65535
65535
65535
65535
65535
65535
65535
65535
65535
65535
65535
65535
65535
65535
65535
65535
65535
65535
65535
65535
65535
65535
65535
65535
65535
65535
65535
65535
65535
65535
65535
65535
65535
65535
65535
65535
65535
65535
65535
65535
65535
65535
65535
65535
65535
65535
65535
65535
65535
65535
65535
65535
65535
65535
65535
65535
65535
65535
65535
65535
65535
65535
65535
65535
65535
65535
65535
65535
65535
65535
65535
65535
65535
65535
65535
65535
65535
65535
65535
65535
65535
65535
65535
65535
65535
65535
65535
65535
65535
65535
65535
65535
65535
65535
65535
65535
65535
65535
65535
65535
65535
65535
65535
65535
65535
65535
65535
65535
65535
65535
65535
65535
65535
65535
65535
65535
65535
65535
65535
65535
65535
65535
65535
65535
65535
65535
65535
65535
65535
65535
65535
65535
65535
65535
65535
65535
65535
65535
65535
65535
65535
65535
65535
65535
65535
65535
65535
65535
65535
65535
65535
65535
65535
65535
65535
65535
65535
65535
65535
65535
65535
65535
65535
65535
65535
65535
65535
65535
65535
65535
65535
65535
65535
65535
65535
65535
65535
65535
65535
65535
65535
65535
65535
65535
65535
65535
65535
65535
65535
65535
65535
65535
65535
65535
65535
65535
65535
65535
65535
65535
65535
65535
65535
65535
65535
65535
65535
65535
65535
65535
65535
65535
65535
65535
65535
65535
65535
65535
65535
65535
65535
65535
65535
65535
65535
65535
65535
65535
65535
65535
65535
65535
65535
65535
65535
65535
65535
65535
65535
65535
65535
65535
65535
65535
65535
65535
65535
65535
65535
65535
65535
65535
65535
65535
65535
65535
65535
65535
65535
65535
65535
65535
65535
65535
65535
65535
65535
65535
65535
65535
65535
65535
65535
65535
65535
65535
65535
65535
65535
65535
65535
65535
65535
65535
65535
65535
65535
65535
65535
65535
65535
65535
65535
65535
65535
65535
65535
65535
65535
65535
65535
65535
65535
65535
65535
65535
65535
65535
65535
65535
65535
65535
65535
65535
65535
65535
65535
65535
65535
65535
65535
65535
65535
65535
65535
65535
65535
65535
65535
65535
65535
65535
65535
65535
65535
65535
65535
65535
65535
65535
65535
65535
65535
65535
65535
65535
65535
65535
65535
65535
65535
65535
65535
65535
65535
65535
65535
65535
65535
65535
65535
65535
65535
65535
65535
65535
65535
65535
65535
65535
65535
65535
65535
65535
65535
65535
65535
65535
65535
65535
65535
65535
65535
65535
65535
65535
65535
65535
65535
65535
65535
65535
65535
65535
65535
65535
65535
65535
65535
65535
65535
65535
65535
65535
65535
65535
65535
65535
65535
65535
65535
65535
65535
65535
65535
65535
65535
65535
65535
65535
65535
65535
65535
65535
65535
65535
65535
65535
65535
65535
65535
65535
65535
65535
65535
65535
65535
65535
65535
65535
65535
65535
65535
65535
65535
65535
65535
65535
65535
65535
65535
65535
65535
65535
65535
65535
65535
65535
65535
65535
65535
65535
65535
65535
65535
65535
65535
65535
65535
65535
65535
65535
65535
65535
65535
65535
65535
65535
65535
65535
65535
65535
65535
65535
65535
65535
65535
65535
65535
65535
65535
65535
65535
65535
65535
65535
65535
65535
65535
65535
65535
65535
65535
65535
65535
65535
65535
65535
65535
65535
65535
65535
65535
65535
65535
65535
65535
65535
65535
65535
65535
65535
65535
65535
65535
65535
65535
65535
65535
65535
65535
65535
65535
65535
65535
65535
65535
65535
65535
65535
65535
65535
65535
65535
65535
65535
65535
65535
65535
65535
65535
65535
65535
65535
65535
65535
65535
65535
65535
65535
65535
65535
65535
65535
65535
65535
65535
65535
65535
65535
65535
65535
65535
65535
65535
65535
65535
65535
65535
65535
65535
65535
65535
65535
65535
65535
65535
65535
65535
65535
65535
65535
65535
65535
65535
65535
65535
65535
65535
65535
65535
65535
65535
65535
65535
65535
65535
65535
65535
65535
65535
65535
65535
65535
65535
65535
65535
65535
65535
65535
65535
65535
65535
65535
65535
65535
65535
65535
65535
65535
65535
65535
65535
65535
65535
65535
65535
65535
65535
65535
65535
65535
65535
65535
65535
65535
65535
65535
65535
65535
65535
65535
65535
65535
65535
65535
65535
65535
65535
65535
65535
65535
65535
65535
65535
65535
65535
65535
65535
65535
65535
65535
65535
65535
65535
65535
65535
65535
65535
65535
65535
65535
65535
65535
65535
65535
65535
65535
65535
65535
65535
65535
65535
65535
65535
65535
65535
65535
65535
65535
65535
65535
65535
65535
65535
65535
65535
65535
65535
65535
65535
65535
65535
65535
65535
65535
65535
65535
65535
65535
65535
65535
65535
65535
65535
65535
65535
65535
65535
65535
65535
65535
65535
65535
65535
65535
65535
65535
65535
65535
65535
65535
65535
65535
65535
65535
65535
65535
65535
65535
65535
65535
65535
65535
65535
65535
65535
65535
65535
65535
65535
65535
65535
65535
65535
65535
65535
65535
65535
65535
65535
65535
65535
65535
65535
65535
65535
65535
65535
65535
65535
65535
65535
65535
65535
65535
65535
65535
65535
65535
65535
65535
65535
65535
65535
65535
65535
65535
65535
65535
65535
65535
65535
65535
65535
65535
65535
65535
65535
65535
65535
65535
65535
65535
65535
65535
65535
65535
65535
65535
65535
65535
65535
65535
65535
65535
65535
65535
65535
65535
65535
65535
65535
65535
65535
65535
65535
65535
65535
65535
65535
65535
65535
65535
65535
65535
65535
65535
65535
65535
65535
65535
65535
65535
65535
65535
65535
65535
65535
65535
65535
65535
65535
65535
65535
65535
65535
65535
65535
65535
65535
65535
65535
65535
65535
65535
65535
65535
65535
65535
65535
65535
65535
65535
65535
65535
65535
65535
65535
65535
65535
65535
65535
65535
65535
65535
65535
65535
65535
65535
65535
65535
65535
65535
65535
65535
65535
65535
65535
65535
65535
65535
65535
65535
65535
65535
65535
65535
65535
65535
65535
65535
65535
65535
65535
65535
65535
65535
65535
65535
65535
65535
65535
65535
65535
65535
65535
65535
65535
65535
65535
65535
65535
65535
65535
65535
65535
65535
65535
65535
65535
65535
65535
65535
65535
65535
65535
65535
65535
65535
65535
65535
65535
65535
65535
65535
65535
65535
65535
65535
65535
65535
65535
65535
65535
65535
65535
65535
65535
65535
65535
65535
65535
65535
65535
65535
65535
65535
65535
65535
65535
65535
65535
65535
65535
65535
65535
65535
65535
65535
65535
65535
65535
65535
65535
65535
65535
65535
65535
65535
65535
65535
65535
65535
65535
65535
65535
65535
65535
65535
65535
65535
65535
65535
65535
65535
65535
65535
65535
65535
65535
65535
65535
65535
65535
65535
65535
65535
65535
65535
65535
65535
65535
65535
65535
65535
65535
65535
65535
65535
65535
65535
65535
65535
65535
65535
65535
65535
65535
65535
65535
65535
65535
65535
65535
65535
65535
65535
65535
65535
65535
65535
65535
65535
65535
65535
65535
65535
65535
65535
65535
65535
65535
65535
65535
65535
65535
65535
65535
65535
65535
65535
65535
65535
65535
65535
65535
65535
65535
65535
65535
65535
65535
65535
65535
65535
65535
65535
65535
65535
65535
65535
65535
65535
65535
65535
65535
65535
65535
65535
65535
65535
65535
65535
65535
65535
65535
65535
65535
65535
65535
65535
65535
65535
65535
65535
65535
65535
65535
65535
65535
65535
65535
65535
65535
65535
65535
65535
65535
65535
65535
