0
0
0
0
0
0
0
0
0
0
0
0
0
0
0
0
0
0
0
0
0
0
0
0
0
0
0
0
0
0
0
0
0
0
0
0
0
0
0
0
0
0
0
0
0
0
0
0
0
0
0
0
0
0
0
0
0
0
0
0
0
0
0
0
0
0
0
0
0
0
0
0
0
0
0
0
0
0
0
0
0
0
0
0
0
0
0
0
0
0
0
0
0
0
0
0
0
0
0
0
0
0
0
0
0
0
0
0
0
0
0
0
0
0
0
0
0
0
0
0
0
0
0
0
0
0
0
0
0
0
0
0
0
0
0
0
0
0
0
0
0
0
0
0
0
0
0
0
0
0
0
0
0
0
0
0
0
0
0
0
0
0
0
0
0
0
0
0
0
0
0
0
0
0
0
0
0
0
0
0
0
0
0
0
0
0
0
0
0
0
0
0
0
0
0
0
0
0
0
0
0
0
0
0
0
0
0
0
0
0
0
0
0
0
0
0
0
0
0
0
0
0
0
0
0
0
0
0
0
0
0
0
0
0
0
0
0
0
0
0
0
0
0
0
0
0
0
0
0
0
0
0
0
0
0
0
0
0
0
0
0
0
0
0
0
0
0
0
0
0
0
0
0
0
0
0
0
0
0
0
0
0
0
0
0
0
0
0
0
0
0
0
0
0
0
0
0
0
0
0
0
0
0
0
0
0
0
0
0
0
0
0
0
0
0
0
0
0
0
0
0
0
0
0
0
0
0
0
0
0
0
0
0
0
0
0
0
0
0
0
0
0
0
0
0
0
0
0
0
0
0
0
0
0
0
0
0
0
0
0
0
0
0
0
0
0
0
0
0
0
0
0
0
0
0
0
0
0
0
0
0
0
0
0
0
0
0
0
0
0
0
0
0
0
0
0
0
0
0
0
0
0
0
6379
6379
60187
36730
31381
13788
2060
55867
62246
44654
3089
27061
9468
63276
9983
22227
52063
4634
40849
11528
65336
41879
48258
60501
42909
49288
19967
8238
26346
2889
50832
27376
57726
4434
46513
23056
23571
24086
30465
12872
30980
13387
25631
55981
38389
9068
21311
57526
10098
46313
64420
40963
53207
59586
18536
60616
7323
43538
61645
32324
3003
45083
15762
28005
4548
52491
5578
29550
35929
42308
24715
12987
55066
19881
26260
38503
50746
51261
40048
4863
41078
41593
30379
12786
43137
61760
14846
21225
21740
22255
28634
23285
41907
18450
37073
61559
32238
62589
57240
16190
40677
5492
59814
18765
37387
61874
62389
15475
15990
4777
59099
59614
457
19079
31838
56324
15275
45626
40791
5606
41821
36472
49230
32152
50775
21454
4376
64563
23513
36271
18679
13330
44195
51089
63847
64362
47285
47800
54694
13644
44510
57268
27947
4490
11384
36386
13444
13959
8609
33096
63962
28776
29806
18593
31351
8409
56867
15818
40305
34955
30121
18907
37530
14073
62531
15618
63561
40619
59242
59756
1114
8008
14902
58011
5234
41449
18507
1429
25916
38674
57296
10383
29520
36414
18821
7608
14502
15532
34154
22941
35699
12757
43623
38273
33439
63790
34984
12042
7207
62045
15646
40132
52891
11841
12871
13901
38902
10096
46826
41992
13186
38187
39217
28518
59384
742
25744
2802
21939
5376
47970
31407
2601
32952
39846
35012
54149
31722
26888
33782
28947
6005
30492
13414
14444
3745
22368
35641
30292
43050
20108
56838
16303
47169
12499
61472
56637
63531
58697
55
42649
26086
51088
46768
370
24856
14158
21052
16217
17247
169
18792
37929
50687
39474
10668
47398
24456
19621
14787
45653
22711
5633
18391
1313
49772
56666
45452
4918
18191
54921
20250
14901
45767
16961
41447
913
43507
56265
39187
10381
52975
35898
48656
31578
20365
15015
57609
64503
35697
48456
61214
32408
27573
22224
23254
59469
827
37042
43936
14615
57209
34267
47025
12355
54949
32007
26658
33552
34067
46825
5775
36126
37156
1971
38701
57323
46110
34896
23683
12469
42820
61442
2800
3830
58153
52803
47454
60212
1570
55893
20707
33466
63816
58982
36040
61042
31721
44479
9294
16188
10838
53432
29976
6519
36870
43764
50658
51173
45823
10638
46853
23911
48398
48913
43563
8378
14757
39244
28030
4573
58381
58896
53547
769
48712
7663
32149
62500
33179
57666
52317
46967
41618
12297
60240
6948
61270
55921
56436
56951
45222
21765
57980
46767
23310
59525
47797
24340
24855
31234
37613
2428
38643
9322
45537
57780
58295
23110
23625
59840
683
42762
31549
13956
26199
32578
38957
39472
45851
22395
58610
5317
29804
6347
42562
19105
61184
31863
38242
14785
27029
3572
4087
46166
64274
29088
29603
18390
797
37012
49255
19934
8206
32178
14585
26828
44936
27343
45451
21994
4401
22509
23024
65103
41646
42161
60269
6976
37327
13870
50085
14900
62843
3686
51630
58009
22823
46795
64903
47310
59553
36097
24368
6776
911
48855
31262
49370
1941
14184
44535
15214
39186
57293
63673
4516
64187
29002
11410
35896
6575
12954
31062
7605
25713
2256
44335
26742
33121
63472
34151
46395
22938
59153
29832
511
54318
6890
54833
43105
49484
44135
26542
62757
33436
21708
22223
40330
16873
34981
53088
23767
6175
18418
54633
13069
19448
1855
49799
44449
44964
45479
27886
45994
40130
16673
40645
28916
17188
59267
110
6489
12868
36840
25112
37355
13898
55977
8549
50628
51143
9579
51658
63901
10608
11123
47338
23882
6289
18532
6804
19047
37155
55262
1969
8349
56292
56807
15242
63186
22136
64216
5059
23166
5574
17817
35924
42304
36439
54547
1254
43333
25741
2284
56092
44363
26771
62986
9693
57636
34179
40559
22966
41073
17617
29860
18132
60211
12782
30890
43133
55376
31920
20191
8463
56406
38814
21221
27600
4143
22251
52602
35009
17416
35524
47767
36039
12582
54661
1368
31204
55176
19991
38098
2398
14642
32749
3428
9807
10322
4458
58265
4973
58780
41188
17731
24110
36353
60325
24625
48597
31004
37383
8062
56006
44277
20820
9092
21335
63414
39958
52201
34608
17016
64959
5802
53746
36153
42532
968
43047
25454
1998
49941
38213
56320
44592
62699
45107
33378
57350
39757
28029
10436
58380
40787
23195
35438
23709
41817
54060
768
42847
25254
37497
55605
2312
8691
26799
15070
33178
21450
39557
21964
64044
52315
64559
52830
11266
59209
23509
47481
41617
567
12810
60754
19190
25569
2112
44191
62299
9006
9521
63328
39872
22279
22794
40901
29173
53145
35552
41931
60039
54174
36582
42961
19504
1912
14155
38127
56234
50370
38641
62613
21049
9320
45535
57779
4486
16729
34837
23108
65188
47595
35867
59838
681
54489
1196
43276
55519
43790
20334
38441
9120
33092
21363
39471
45850
4286
16529
58608
11180
23423
11695
41531
29802
53774
481
24453
30832
48939
1511
55319
49454
43590
25998
20133
44105
56348
8920
56863
45135
63242
45650
52029
58408
52544
5115
23223
35466
17873
35981
59953
12524
30632
54603
7175
19418
1826
49769
38041
50284
38555
15099
39070
57178
39585
57693
4400
52343
28887
46994
5430
17673
29916
18188
60267
30946
49054
37325
55433
43704
26112
44219
62327
38870
21277
45249
21792
45764
58007
10579
52658
29201
41445
53688
47824
6259
18503
12638
54718
13153
1425
49368
43504
31776
20047
8319
26426
20562
14698
2970
56777
45049
3484
27456
15728
45564
63671
51943
4514
22622
16758
5029
29001
47108
29516
17787
11923
30031
24166
54002
12438
30546
18817
36925
49168
7604
61411
49683
37954
26226
14498
2769
20877
33120
21392
3799
27771
51742
10178
28286
52257
10693
64501
41044
65016
53287
11723
35695
29830
18102
42074
60181
6888
24996
13268
61211
55347
2054
26026
20162
38269
14812
38784
21191
9463
27570
15842
4114
28085
16357
34464
22736
46708
40844
29115
65330
53602
41873
59981
12552
824
30660
48767
25311
7718
25825
19961
32205
50312
32719
15127
33234
51342
39613
22021
45993
64100
40643
52887
5458
53401
24080
36324
60295
7003
54946
37354
55461
43733
55976
20791
38898
15441
57521
28200
10607
58550
5258
17501
53716
423
42503
30774
7317
55261
43532
8347
14726
21105
3513
45592
63699
28514
64729
47137
65244
17816
24195
6602
48681
19360
43332
49711
26254
32633
15041
27284
63499
22450
64529
41072
35723
30373
60724
61239
26054
8976
9491
10006
52085
58464
11551
36037
24824
55175
61554
62069
50855
45506
10321
58779
47565
42216
31003
61353
62383
63413
34607
53229
47880
30802
1996
32862
63728
10950
17844
13009
2311
33177
10235
5400
6430
7460
14354
27627
4685
41415
880
37610
26912
22077
11379
36380
37410
56547
39984
64986
30316
19617
50998
4599
17872
7173
38554
34235
65100
60781
56461
58006
11607
909
62125
16756
36408
61925
10177
42072
55860
45677
47736
25824
3912
53400
55460
16470
12665
26968
17299
31602
27798
47965
50539
11549
25852
34291
31001
34091
19073
28026
25251
21962
13323
16412
19501
40183
13952
28770
55316
16841
25794
29399
38352
47821
3997
61409
52770
38781
42385
64097
14924
30771
65241
40040
26051
60006
40669
3224
55286
23705
10747
56945
32258
43271
992
47190
16124
56973
8830
61922
19128
42899
619
54742
61435
1563
31714
25649
2507
56114
44186
21043
45330
4080
28366
16952
41239
36204
7198
25105
8856
45901
58974
35832
55798
9714
35030
19297
3049
23016
55226
62949
34972
8026
15749
35716
14118
22357
25246
15377
23100
49961
59229
55224
63977
1845
52678
21412
36029
39433
24730
58484
26188
6135
40920
27761
19952
47842
3818
32223
29763
58683
20008
6334
64576
21581
2043
25099
53505
64832
27702
61972
61571
24955
12311
23639
35997
23868
11224
4444
28530
11052
23409
12825
43290
31676
21606
39828
10621
53845
18774
1810
62626
9448
11107
18115
12880
20403
16713
264
60050
50496
39911
23978
12879
1779
32759
46147
892
27038
22832
55872
11647
38308
62908
35761
1720
3379
59361
7727
4551
18969
33386
24861
16851
48346
33442
13189
4664
37704
64364
6866
39906
2060
22342
30895
15991
42651
34126
42164
3804
18736
39017
17219
32151
58812
25286
15731
53605
1971
57953
29776
1599
58095
18190
1741
56178
28516
60011
25455
62299
9636
53374
1740
20992
10407
17930
20104
34007
47909
1110
44333
16156
5057
13610
20618
39869
23421
13351
33118
3911
6600
25851
28025
5198
24449
19729
9145
64096
22646
53626
43042
57459
28767
17668
12948
1849
39723
11031
29768
25047
8084
38034
32284
51021
9571
34687
64637
42324
874
56341
45756
27248
57198
32826
44154
14432
7652
54680
60144
53879
41235
64806
38889
15032
31194
35628
16090
3961
27017
42664
5534
56881
37343
58855
21209
49100
65262
57452
18777
29590
51616
2243
35997
28703
33136
37055
28731
33165
54676
34108
49756
47810
39486
18403
33021
5044
61741
16172
19061
21950
7246
21864
48210
37826
21577
5844
2354
28185
54531
3097
64629
54245
43861
57448
17228
53758
18887
20232
51412
63970
11507
42172
922
25723
21204
3926
4755
47149
47978
1379
26180
2523
20945
3667
21575
63454
22204
40111
51639
51439
62452
50523
25321
60306
6298
11447
64540
40368
39653
51181
2522
50265
43686
12620
11390
58103
45144
26322
31471
60076
16767
33644
8958
48777
23575
39937
32328
12991
35217
39851
32242
6526
34616
39765
26292
25062
11074
26921
37419
36189
63765
20456
60275
46287
14706
19340
65024
39307
61019
52895
56499
18539
46115
14019
58673
26062
5180
2405
23602
26691
6324
3034
30095
9728
42653
4178
37103
10357
12931
21370
18595
33928
25289
16135
13360
4206
42481
4006
6581
32612
59158
61733
5150
54638
26862
65137
37875
22342
6809
15248
65251
31610
51777
12273
20196
52607
7238
63105
35844
32039
10127
53751
61675
33898
54066
56125
58185
24544
7981
57470
17450
1917
51405
17764
49145
51205
59128
25488
9440
16849
36501
38561
10270
5950
19223
50604
4205
11614
915
1945
39190
29006
12443
20367
27776
35185
24486
7924
15332
16362
59471
18937
14102
3404
52377
5978
36844
2174
27175
63905
5263
41993
43023
49917
27490
52491
29549
743
55581
20910
33669
46427
59700
36758
49516
62274
21225
33983
16905
23799
60529
7751
8781
33268
22054
64648
47571
36357
13415
26174
21339
4261
52720
11670
23914
12700
7351
7866
50460
9410
15790
34412
40791
47685
54064
48715
7665
2316
62503
57154
40076
58698
5406
17649
48000
48515
13329
37816
2631
9010
21253
51604
28147
28662
53149
47799
60043
24857
1401
43480
49859
14674
39160
15704
40190
10869
23112
59327
171
30521
60872
13444
25687
26202
20852
15503
57582
22397
4805
46884
59127
65506
12213
24457
42564
19107
61187
43594
20137
2545
20652
3060
15303
63246
39789
22197
58412
34955
17362
59442
41849
59957
42364
54607
42879
55122
25801
14073
26316
38559
20967
27346
39589
27861
10268
22511
40619
58726
35270
11813
84
18192
6464
12843
54922
19737
31980
14387
32495
9038
56981
39389
57496
4204
63875
52147
28690
5233
29205
65420
47828
6263
60071
42478
30750
42993
1429
43508
61616
49887
2459
50402
38674
15217
33324
33839
51947
64190
10897
58841
5548
59356
6063
54006
6578
54521
36929
19336
1743
19851
61930
44338
26745
15017
3288
27260
39503
51746
40018
16561
34669
22940
65020
11727
59670
513
42593
25000
7407
19651
7922
26030
62245
14816
27060
9467
63275
51546
4118
46197
58440
46712
23255
5662
47741
30149
6692
48771
55150
7722
14101
38073
56180
32723
15131
63074
45482
22025
40132
58240
10811
64619
17190
59270
5977
6492
24599
7007
25114
7522
8036
61844
8551
20795
3202
45281
57525
10096
28204
34583
16990
59069
29748
47856
60099
12671
54750
1457
49400
49915
2487
50430
3002
56809
33353
45596
22139
46111
58354
10926
53005
65248
41791
24199
36442
60414
18849
25228
43336
31608
14015
14530
2801
15045
62988
45396
33667
45910
46425
34697
46940
59184
35727
18134
36242
36757
19164
1571
19679
50030
38301
56409
44680
32952
45195
57439
10010
22253
16389
28632
16904
58983
65362
41906
18449
6720
13099
19479
49829
2401
2916
44995
51374
63617
57753
16189
52404
34811
5490
17734
53949
656
7035
13414
43765
14444
44795
57038
63417
45824
34096
22368
4775
46854
29262
53233
59612
36156
18563
24942
37185
2000
38215
26487
8894
50973
51488
4060
10439
46654
29061
35440
35955
6634
54578
19392
1800
2315
50258
32666
27316
39560
57667
4374
46454
58697
46968
23512
29891
18162
60242
6949
54892
55407
2114
14358
50573
27116
39359
39874
57982
34525
64876
65391
17962
48313
42964
43478
8293
44508
50887
15702
16217
34325
28460
40704
17247
17762
18277
18792
55007
13957
26200
62415
38959
21366
21881
58096
28775
35154
41533
18076
18591
60670
25485
31864
20651
51002
33409
33924
34439
64790
65304
35983
48227
37013
1828
32179
56665
27344
33724
16131
22510
46997
47512
48026
42677
37328
55950
44737
27659
58010
46796
53175
59555
36098
60584
31263
20050
14701
45051
21595
46081
10896
11411
11926
36412
25199
55550
56065
15015
27773
28288
28803
47426
42076
42591
31378
31893
56379
51030
57924
34467
47225
36012
30662
49285
55664
38586
39101
33752
4431
64618
35297
6490
48570
31492
44250
38901
45795
52689
5775
60098
19048
7835
44050
21108
15759
40245
11439
24197
7120
7634
20393
62987
40045
58667
35725
18648
31406
50028
56922
39845
5174
41904
60527
31720
62586
45508
34810
53432
54462
7548
20307
27716
46338
59096
48398
19591
20621
33379
28545
11467
60440
61470
2828
45422
46452
53
60755
8492
27629
64359
29689
48826
20020
63129
34838
18790
55520
20850
21880
46881
42562
37727
9436
52030
23224
54090
55634
3371
46480
53374
30947
50085
3686
35067
12640
31777
39186
5030
30032
43305
26742
21908
5345
30861
32406
10494
53603
13068
62042
45479
47024
24597
37870
27686
11638
48368
8348
51972
224
37984
39529
5373
42618
62270
10007
5688
1368
26885
64644
42732
38413
57550
41502
61154
26999
64759
48196
2312
51800
11780
13325
39356
17444
37611
21564
35352
19304
45335
11180
54803
15299
11494
49254
27857
5945
49568
57492
53688
44019
52457
55032
15527
35694
43618
4113
47737
8233
15642
11837
50112
4743
48367
21105
41272
8147
33663
6916
9491
17930
26368
16700
42731
14955
53229
7860
28027
18873
32661
5400
37296
10034
54173
26397
22592
49138
51198
18072
26511
64785
13552
45963
54401
45248
17986
8317
4513
48651
38983
41557
44132
17385
20475
23049
8031
52170
54744
57319
221
56604
23478
2081
10519
7230
27912
30486
26682
35120
25966
52513
25766
46448
37809
52112
1394
63640
30514
3768
24965
63239
42357
9231
17670
14380
16955
31258
9861
707
62953
35692
55859
16869
19443
28397
1136
58033
54743
21617
36435
27281
47963
38809
11548
43958
52397
37379
52197
24935
27510
248
20415
17641
21245
59519
20530
41212
49650
58089
61178
16324
49250
10260
30427
15409
60063
21073
190
57087
59662
56372
16868
7714
10803
8028
64925
25935
40753
37463
22445
48992
33973
49306
58260
7542
15980
42526
62693
29568
20414
34717
7455
15379
60033
20528
47074
13434
33601
23932
8914
65296
49763
28366
1105
9543
24361
2449
46588
12947
3278
65525
55856
52566
42383
38578
41152
61320
39922
6282
14720
46616
49190
21414
47445
14835
28623
13090
26878
11345
25648
51679
47874
14234
22673
18868
56628
5394
25562
39350
41409
61576
39664
47588
2219
63950
36174
2534
22186
18381
50277
28365
18181
61290
27134
17466
7797
39692
47616
37432
3792
47416
25504
51535
23759
19439
33227
34772
25103
62863
16979
60603
8855
64207
41780
25732
27277
64522
48474
44154
51563
29651
13603
44984
40664
42724
8569
34085
59601
55282
21126
16807
30595
49732
27820
41608
43153
8997
11057
48302
43982
63634
29479
42752
44297
45842
41522
7367
26504
15805
53050
36487
8196
39577
58714
59744
7481
20754
63863
41436
7281
32797
51934
35371
7080
26218
21383
46385
53794
49474
56883
16348
47214
54623
43924
39090
16148
59257
54423
43724
44754
10084
40949
24387
13173
2474
27476
52477
47643
54537
61431
50732
40034
5364
529
25531
14832
4133
40863
60001
37059
43953
56711
46012
35314
36858
55996
51161
22355
47357
12686
43552
32853
4562
29564
24729
1787
26789
39547
4877
5907
54880
43666
38832
45726
22784
29678
12600
31223
49845
50875
63633
28963
18264
49130
2216
33082
10140
22898
47385
18579
19609
26503
39261
63747
29077
11999
60458
19408
32166
44925
9739
4390
41120
53878
48529
1615
26617
45239
46269
59027
53678
30736
43494
62117
3475
46069
23127
11913
60372
31566
2759
9653
28276
41034
47928
19122
55852
27046
33940
5134
59456
54622
61516
20466
21496
34254
58741
99
25100
20266
27160
22326
29220
6278
30764
31794
44552
39718
64719
24185
36943
26244
57110
10197
17091
47956
36743
13801
56395
33453
10511
58969
6192
42921
32223
63089
10311
41176
36342
37372
50645
9596
4761
12170
37172
62173
21639
40261
35427
54564
14029
15059
51789
4875
29877
42635
13829
62287
15889
40890
36056
25357
62087
45524
28447
11884
36885
2215
57052
46354
47383
985
44094
21667
10968
270
37514
50273
21981
41119
60256
55422
62830
34539
17462
42463
8308
57281
28475
29505
36913
15001
40003
53276
24470
43607
51016
10482
17890
55135
8736
27874
35283
36827
14400
27673
16975
42491
20064
15230
64203
29533
31077
44865
40546
12255
1556
8965
46210
59483
31192
26357
39630
23068
42720
62372
28217
23897
55278
26986
58367
24212
14028
45409
34710
18147
43664
32965
11053
6733
20521
10338
24126
31535
15487
17546
19606
56851
58395
30619
20435
51816
11796
61284
9536
40917
48841
44521
16230
41746
37942
15515
46895
6876
20664
10480
53589
14084
63573
41146
6990
56478
40430
18518
26442
4530
30046
55563
33651
47439
55362
27586
17402
13598
45493
5474
7533
33050
4758
60111
32334
10422
36454
20406
46437
6417
55905
45722
47781
1898
57250
23094
48611
50670
10651
48411
50470
29073
24753
32677
22494
24553
50584
22808
42460
26927
10879
18803
2755
63972
6360
8419
4100
47724
50298
10793
36310
20777
35080
36624
38684
34364
18316
37969
40028
53816
50012
40343
6702
26355
16171
18230
50126
57535
53730
55790
51985
35937
8161
57649
11765
13825
45720
6216
20519
40171
54474
26182
45835
36166
49954
40285
54073
26297
34221
48009
14368
28156
17972
31760
15712
41744
32075
34134
24466
62225
52042
41858
26325
10792
25095
56990
5242
54730
3497
59365
25724
63484
17600
37767
27583
29128
1352
3411
17199
60823
45290
5785
25953
63712
17828
8160
64027
60222
14853
16913
54673
56732
52413
42744
38939
22891
54787
21146
58906
7158
15597
53356
19201
9532
41428
37623
45547
65199
36908
62424
64484
54300
3067
34963
13050
20974
34762
36822
20774
46290
41971
1951
57818
47120
31072
15024
4840
48464
62252
34476
30156
19973
27896
59277
31501
57532
65456
19572
45603
23176
48693
62481
10733
30385
26580
46233
17941
55701
22061
53441
37393
9617
11676
61165
27524
47176
60964
50781
52840
42656
20744
57989
54185
61593
9845
41741
13450
50695
10675
59648
7900
56873
5125
36506
50294
16138
47519
61307
44744
52153
405
49378
57302
23147
7099
62451
10703
18627
61736
27581
40854
42398
8243
51352
17196
634
37878
15451
35104
19056
32844
28524
6097
19370
32643
45917
65054
30898
26579
10016
29153
42941
38622
28438
59819
8071
27723
64968
24433
55814
33387
46660
59933
60963
56128
57673
29382
25062
2121
56958
16423
41425
7270
14164
57273
52438
41740
12933
2235
62936
22402
17568
30841
26006
51008
4609
65311
60476
55642
33215
16652
41139
36304
49062
62335
39908
11617
19026
14192
27465
16766
6068
36933
26235
45372
22945
12246
7412
56385
33443
52066
11531
12561
37563
38592
63594
28924
18225
31498
14420
57014
58044
47346
12675
55269
62163
33357
52495
23688
30582
61448
20914
16079
22973
41596
48490
43655
56413
51579
10530
35531
6210
37076
8270
33271
34301
41195
42225
36876
49634
56528
45314
52208
23402
6324
30811
55298
32356
63221
57872
46659
59417
42339
7669
8699
27321
16107
10758
65081
48003
18682
37304
38334
21256
57986
46773
41424
12103
6753
7783
50377
15192
39679
46058
58816
47602
24660
25175
13962
62420
21371
39993
4808
11702
36189
60675
25490
14276
44627
33414
57900
46687
11502
30124
60475
7697
32184
2863
27349
22000
52351
28894
23545
6467
42682
61304
2147
56470
15421
28179
58529
5237
41452
17995
60074
60589
55240
20055
44541
9356
4007
40737
17795
18310
18824
43311
19854
56069
20884
33127
33642
4321
16565
52780
17594
12245
6896
37247
13790
14305
62248
27063
63278
63793
40336
5151
5666
41881
12560
1346
43425
32212
2891
33242
39621
4436
28922
35301
47545
53924
60303
36846
7525
13904
20283
26662
33041
33556
15964
16479
58558
29237
35616
41995
60102
42510
54753
25432
55783
2490
32841
50949
27492
28007
58357
64737
11444
59387
230
745
42824
19368
14018
32126
38505
15048
45399
10214
52293
4864
11243
47458
35730
36245
60217
12788
49003
55382
31925
44169
32955
45199
51578
28121
16392
34500
46743
58987
41394
59501
6209
48288
60531
7239
49318
1889
43968
26376
44483
50862
33270
45513
16192
58271
40679
28950
11358
29465
47573
53952
60331
42738
43253
55497
2204
44283
2719
14962
57041
45313
57556
10128
52207
64450
46858
59101
18051
24431
6838
19081
31325
43568
55811
2518
38733
21141
63220
9927
16306
4578
16821
64765
58901
11472
17851
59930
42338
18881
25260
37503
8182
44397
20941
57156
15591
21970
64050
4893
46972
59215
17651
24030
42137
54381
49031
1603
19710
31954
50061
56440
27119
45227
63334
34013
10556
58500
64879
11586
29694
17965
6237
18480
24859
1403
19510
1917
49861
2432
50376
2947
62619
39162
21570
3977
40192
10871
52950
35358
23629
6037
24144
36387
7066
60874
43281
1717
8096
20340
62419
62934
9641
27748
51720
22399
64478
11186
17565
23944
60159
36702
1517
2032
38247
32897
51005
39277
45656
16335
22714
29093
5636
53579
30123
6666
42881
1317
37532
43911
50290
56669
57184
15619
51834
4406
10785
28893
35272
5951
24058
48030
30437
6980
13360
8010
50089
32497
3176
51119
33527
39906
16449
58528
5235
5750
41965
54209
24888
1431
49374
55753
32297
32811
39191
15734
27977
40220
10899
17278
59358
47629
54008
716
31066
37445
49689
20368
20883
27262
51748
52263
22942
41050
35700
515
25002
61217
31896
44139
50518
9469
21712
63791
4634
34985
5664
53608
315
36530
1345
25831
50318
44969
9783
40134
40649
5464
47543
6494
54437
49088
8038
44253
3204
51147
51662
22341
22856
23371
29750
429
30780
25431
49917
56296
26975
57326
28005
22656
29035
53522
48172
48687
31095
7638
43853
26775
33669
22456
59186
53836
48487
49517
20196
38818
27605
58470
65364
30694
55181
8267
21025
51376
4462
64649
11871
12901
13931
62389
33068
4262
11156
11671
36158
1487
20110
50975
57869
46656
53550
18365
31123
31638
63018
51805
16620
29378
53864
6951
43166
31952
26603
15390
45740
64363
47285
18479
37616
8295
62618
51404
16734
5520
48114
31037
13959
26717
39475
58613
35671
18593
13244
13759
56353
63247
46169
40820
6150
43394
20452
9754
22512
41649
18707
31466
62331
21797
64906
23856
30750
20052
50918
39704
16762
5549
12443
25201
20366
45368
65535
65535
65535
65535
65535
65535
65535
65535
65535
65535
65535
65535
65535
65535
65535
65535
65535
65535
65535
65535
65535
65535
65535
65535
65535
65535
65535
65535
65535
65535
65535
65535
65535
65535
65535
65535
65535
65535
65535
65535
65535
65535
65535
65535
65535
65535
65535
65535
65535
65535
65535
65535
65535
65535
65535
65535
65535
65535
65535
65535
65535
65535
65535
65535
65535
65535
65535
65535
65535
65535
65535
65535
65535
65535
65535
65535
65535
65535
65535
65535
65535
65535
65535
65535
65535
65535
65535
65535
65535
65535
65535
65535
65535
65535
65535
65535
65535
65535
65535
65535
65535
65535
65535
65535
65535
65535
65535
65535
65535
65535
65535
65535
65535
65535
65535
65535
65535
65535
65535
65535
65535
65535
65535
65535
65535
65535
65535
65535
65535
65535
65535
65535
65535
65535
65535
65535
65535
65535
65535
65535
65535
65535
65535
65535
65535
65535
65535
65535
65535
65535
65535
65535
65535
65535
65535
65535
65535
65535
65535
65535
65535
65535
65535
65535
65535
65535
65535
65535
65535
65535
65535
65535
65535
65535
65535
65535
65535
65535
65535
65535
65535
65535
65535
65535
65535
65535
65535
65535
65535
65535
65535
65535
65535
65535
65535
65535
65535
65535
65535
65535
65535
65535
65535
65535
65535
65535
65535
65535
65535
65535
65535
65535
65535
65535
65535
65535
65535
65535
65535
65535
65535
65535
65535
65535
65535
65535
65535
65535
65535
65535
65535
65535
65535
65535
65535
65535
65535
65535
65535
65535
65535
65535
65535
65535
65535
65535
65535
65535
65535
65535
65535
65535
65535
65535
65535
65535
65535
65535
65535
65535
65535
65535
65535
65535
65535
65535
65535
65535
65535
65535
65535
65535
65535
65535
65535
65535
65535
65535
65535
65535
65535
65535
65535
65535
65535
65535
65535
65535
65535
65535
65535
65535
65535
65535
65535
65535
65535
65535
65535
65535
65535
65535
65535
65535
65535
65535
65535
65535
65535
65535
65535
65535
65535
65535
65535
65535
65535
65535
65535
65535
65535
65535
65535
65535
65535
65535
65535
65535
65535
65535
65535
65535
65535
65535
65535
65535
65535
65535
65535
65535
65535
65535
65535
65535
65535
65535
65535
65535
65535
65535
65535
65535
65535
65535
65535
65535
65535
65535
65535
65535
65535
65535
65535
65535
65535
65535
65535
65535
65535
65535
65535
65535
65535
65535
65535
65535
65535
65535
65535
65535
65535
65535
65535
65535
65535
65535
65535
65535
65535
65535
65535
65535
65535
65535
65535
65535
65535
65535
65535
65535
65535
65535
65535
65535
65535
65535
65535
65535
65535
65535
65535
65535
65535
65535
65535
65535
65535
65535
65535
65535
65535
65535
65535
65535
65535
65535
65535
65535
65535
65535
65535
65535
65535
65535
65535
65535
65535
65535
65535
65535
65535
65535
65535
65535
65535
65535
65535
65535
65535
65535
65535
65535
65535
65535
65535
65535
65535
65535
65535
65535
65535
65535
65535
65535
65535
65535
65535
65535
65535
65535
65535
65535
65535
65535
65535
65535
65535
65535
65535
65535
65535
65535
65535
65535
65535
65535
65535
65535
65535
65535
65535
65535
65535
65535
65535
65535
65535
65535
65535
65535
65535
65535
65535
65535
65535
65535
65535
65535
65535
65535
65535
65535
65535
65535
65535
65535
65535
65535
65535
65535
65535
65535
65535
65535
65535
65535
65535
65535
65535
65535
65535
65535
65535
65535
65535
65535
65535
65535
65535
65535
65535
65535
65535
65535
65535
65535
65535
65535
65535
65535
65535
65535
65535
65535
65535
65535
65535
65535
65535
65535
65535
65535
65535
65535
65535
65535
65535
65535
65535
65535
65535
65535
65535
65535
65535
65535
65535
65535
65535
65535
65535
65535
65535
65535
65535
65535
65535
65535
65535
65535
65535
65535
65535
65535
65535
65535
65535
65535
65535
65535
65535
65535
65535
65535
65535
65535
65535
65535
65535
65535
65535
65535
65535
65535
65535
65535
65535
65535
65535
65535
65535
65535
65535
65535
65535
65535
65535
65535
65535
65535
65535
65535
65535
65535
65535
65535
65535
65535
65535
65535
65535
65535
65535
65535
65535
65535
65535
65535
65535
65535
65535
65535
65535
65535
65535
65535
65535
65535
65535
65535
65535
65535
65535
65535
65535
65535
65535
65535
65535
65535
65535
65535
65535
65535
65535
65535
65535
65535
65535
65535
65535
65535
65535
65535
65535
65535
65535
65535
65535
65535
65535
65535
65535
65535
65535
65535
65535
65535
65535
65535
65535
65535
65535
65535
65535
65535
65535
65535
65535
65535
65535
65535
65535
65535
65535
65535
65535
65535
65535
65535
65535
65535
65535
65535
65535
65535
65535
65535
65535
65535
65535
65535
65535
65535
65535
65535
65535
65535
65535
65535
65535
65535
65535
65535
65535
65535
65535
65535
65535
65535
65535
65535
65535
65535
65535
65535
65535
65535
65535
65535
65535
65535
65535
65535
65535
65535
65535
65535
65535
65535
65535
65535
65535
65535
65535
65535
65535
65535
65535
65535
65535
65535
65535
65535
65535
65535
65535
65535
65535
65535
65535
65535
65535
65535
65535
65535
65535
65535
65535
65535
65535
65535
65535
65535
65535
65535
65535
65535
65535
65535
65535
65535
65535
65535
65535
65535
65535
65535
65535
65535
65535
65535
65535
65535
65535
65535
65535
65535
65535
65535
65535
65535
65535
65535
65535
65535
65535
65535
65535
65535
65535
65535
65535
65535
65535
65535
65535
65535
65535
65535
65535
65535
65535
65535
65535
65535
65535
65535
65535
65535
65535
65535
65535
65535
65535
65535
65535
65535
65535
65535
65535
65535
65535
65535
65535
65535
65535
65535
65535
65535
65535
65535
65535
65535
65535
65535
65535
65535
65535
65535
65535
65535
65535
65535
65535
65535
65535
65535
65535
65535
65535
65535
65535
65535
65535
65535
65535
65535
65535
65535
65535
65535
65535
65535
65535
65535
65535
65535
65535
65535
65535
65535
65535
65535
65535
65535
65535
65535
65535
65535
65535
65535
65535
65535
65535
65535
65535
65535
65535
65535
65535
65535
65535
65535
65535
65535
65535
65535
65535
65535
65535
65535
65535
65535
65535
65535
65535
65535
65535
65535
65535
65535
65535
65535
65535
65535
65535
65535
65535
65535
65535
65535
65535
65535
65535
65535
65535
65535
65535
65535
65535
65535
65535
65535
65535
65535
65535
65535
65535
65535
65535
65535
65535
65535
65535
65535
65535
65535
65535
65535
65535
65535
65535
65535
65535
65535
65535
65535
65535
65535
65535
65535
65535
65535
65535
65535
65535
65535
65535
65535
65535
65535
65535
65535
65535
65535
65535
65535
65535
65535
65535
65535
65535
65535
65535
65535
65535
65535
65535
65535
65535
65535
65535
65535
65535
65535
65535
65535
65535
65535
65535
65535
65535
65535
65535
65535
65535
65535
65535
65535
65535
65535
65535
65535
65535
65535
65535
65535
65535
65535
65535
65535
65535
65535
65535
65535
65535
65535
65535
65535
65535
65535
65535
65535
65535
65535
65535
65535
65535
65535
65535
65535
65535
65535
65535
65535
65535
65535
65535
65535
65535
65535
65535
65535
65535
65535
65535
65535
65535
65535
65535
65535
65535
65535
65535
65535
65535
65535
65535
65535
65535
65535
65535
65535
65535
65535
65535
65535
65535
65535
65535
65535
65535
65535
65535
65535
65535
65535
65535
65535
65535
65535
65535
65535
65535
65535
65535
65535
65535
65535
65535
65535
65535
65535
65535
65535
65535
65535
65535
65535
65535
65535
65535
65535
65535
65535
65535
65535
65535
65535
65535
65535
65535
65535
65535
65535
65535
65535
65535
65535
65535
65535
65535
65535
65535
65535
65535
65535
65535
65535
65535
65535
65535
65535
65535
65535
65535
65535
65535
65535
65535
65535
65535
65535
65535
65535
65535
65535
65535
65535
65535
65535
65535
65535
65535
65535
65535
65535
65535
65535
65535
65535
65535
65535
65535
65535
65535
65535
65535
65535
65535
65535
65535
65535
65535
65535
65535
65535
65535
65535
65535
65535
65535
65535
65535
65535
65535
65535
65535
65535
65535
65535
65535
65535
65535
65535
65535
65535
65535
65535
65535
65535
65535
65535
65535
65535
65535
65535
65535
65535
65535
65535
65535
65535
65535
65535
65535
65535
65535
65535
65535
65535
65535
65535
65535
65535
65535
65535
65535
65535
65535
65535
65535
65535
65535
65535
65535
65535
65535
65535
65535
65535
65535
65535
65535
65535
65535
65535
65535
65535
65535
65535
65535
65535
65535
65535
65535
65535
65535
65535
65535
65535
65535
65535
65535
65535
65535
65535
65535
65535
65535
65535
65535
65535
65535
65535
65535
65535
65535
65535
65535
65535
65535
65535
65535
65535
65535
65535
65535
65535
65535
65535
65535
65535
65535
65535
65535
65535
65535
65535
65535
65535
65535
65535
65535
65535
65535
65535
65535
65535
65535
65535
65535
65535
65535
65535
65535
65535
65535
65535
65535
65535
65535
65535
65535
65535
65535
65535
65535
65535
65535
65535
65535
65535
65535
65535
65535
65535
65535
65535
65535
65535
65535
65535
65535
65535
65535
65535
65535
65535
65535
65535
65535
65535
65535
65535
65535
65535
65535
65535
65535
65535
65535
65535
65535
65535
65535
65535
65535
65535
65535
65535
65535
65535
65535
65535
65535
65535
65535
65535
65535
65535
65535
65535
65535
65535
65535
65535
65535
65535
65535
65535
65535
65535
65535
65535
65535
65535
65535
65535
65535
65535
65535
65535
65535
65535
65535
65535
65535
65535
65535
65535
65535
65535
65535
65535
65535
65535
65535
65535
65535
65535
65535
65535
65535
65535
65535
65535
65535
65535
65535
65535
65535
65535
65535
65535
65535
65535
65535
65535
65535
65535
65535
65535
65535
65535
65535
65535
65535
65535
65535
65535
65535
65535
65535
65535
65535
65535
65535
65535
65535
65535
65535
65535
65535
65535
65535
65535
65535
65535
65535
65535
65535
65535
65535
65535
65535
65535
65535
65535
65535
65535
65535
65535
65535
65535
65535
65535
65535
65535
65535
65535
65535
65535
65535
65535
65535
65535
65535
65535
65535
65535
65535
65535
65535
65535
65535
65535
65535
65535
65535
65535
65535
65535
65535
65535
65535
65535
65535
65535
65535
65535
65535
65535
65535
65535
65535
65535
65535
65535
65535
65535
65535
65535
65535
65535
65535
65535
65535
65535
65535
65535
65535
65535
65535
65535
65535
65535
65535
65535
65535
65535
65535
65535
65535
65535
65535
65535
65535
65535
65535
65535
65535
65535
65535
65535
65535
65535
65535
65535
65535
65535
65535
65535
65535
65535
65535
65535
65535
65535
65535
65535
65535
65535
65535
65535
65535
65535
65535
65535
65535
65535
65535
65535
65535
65535
65535
65535
65535
65535
65535
65535
65535
65535
65535
65535
65535
65535
65535
65535
65535
65535
65535
65535
65535
65535
65535
65535
65535
65535
65535
65535
65535
65535
65535
65535
65535
65535
65535
65535
65535
65535
65535
65535
65535
65535
65535
65535
65535
65535
65535
65535
65535
65535
65535
65535
65535
65535
65535
65535
65535
65535
65535
65535
65535
65535
65535
65535
65535
65535
65535
65535
65535
65535
65535
65535
65535
65535
65535
65535
65535
65535
65535
65535
65535
65535
65535
65535
65535
65535
65535
65535
65535
65535
65535
65535
65535
65535
65535
65535
65535
65535
65535
65535
65535
65535
65535
65535
65535
65535
65535
65535
65535
65535
65535
65535
65535
65535
65535
65535
65535
65535
65535
65535
65535
65535
65535
65535
65535
65535
65535
65535
65535
65535
65535
65535
65535
65535
65535
65535
65535
65535
65535
65535
65535
65535
65535
65535
65535
65535
65535
65535
65535
65535
65535
65535
65535
65535
65535
65535
65535
65535
65535
65535
65535
65535
65535
65535
65535
65535
65535
65535
65535
65535
65535
65535
65535
65535
65535
65535
65535
65535
65535
65535
65535
65535
65535
65535
65535
65535
65535
65535
65535
65535
65535
65535
65535
65535
65535
65535
65535
65535
65535
65535
65535
65535
65535
65535
65535
65535
65535
65535
65535
65535
65535
65535
65535
65535
65535
65535
65535
65535
65535
65535
65535
65535
65535
65535
65535
65535
65535
65535
65535
65535
65535
65535
65535
65535
65535
65535
65535
65535
65535
65535
65535
65535
65535
65535
65535
65535
65535
65535
65535
65535
65535
65535
65535
65535
65535
65535
65535
65535
65535
65535
65535
65535
65535
65535
65535
65535
65535
65535
65535
65535
65535
65535
65535
65535
65535
65535
65535
65535
65535
65535
65535
65535
65535
65535
65535
65535
65535
65535
65535
65535
65535
65535
65535
65535
65535
65535
65535
65535
65535
65535
65535
65535
65535
65535
65535
65535
65535
65535
65535
65535
65535
65535
65535
65535
65535
65535
65535
65535
65535
65535
65535
65535
65535
65535
65535
65535
65535
65535
65535
65535
65535
65535
65535
65535
65535
65535
65535
65535
65535
65535
65535
65535
65535
65535
65535
65535
65535
65535
65535
65535
65535
65535
65535
65535
65535
65535
65535
65535
65535
65535
65535
65535
65535
65535
65535
65535
65535
65535
65535
65535
65535
65535
65535
65535
65535
65535
65535
65535
65535
65535
65535
65535
65535
65535
65535
65535
65535
65535
65535
65535
65535
65535
65535
65535
65535
65535
65535
65535
65535
65535
65535
65535
65535
65535
65535
65535
65535
65535
65535
65535
65535
65535
65535
65535
65535
65535
65535
65535
65535
65535
65535
65535
65535
65535
65535
65535
65535
65535
65535
65535
65535
65535
65535
65535
65535
65535
65535
65535
65535
65535
65535
65535
65535
65535
65535
65535
65535
65535
65535
65535
65535
65535
65535
65535
65535
65535
65535
65535
65535
65535
65535
65535
65535
65535
65535
65535
65535
65535
65535
65535
65535
65535
65535
65535
65535
65535
65535
65535
65535
65535
65535
65535
65535
65535
65535
65535
65535
65535
65535
65535
65535
65535
65535
65535
65535
65535
65535
65535
65535
65535
65535
65535
65535
65535
65535
65535
65535
65535
65535
65535
65535
65535
65535
65535
65535
65535
65535
65535
65535
65535
65535
65535
65535
65535
65535
65535
65535
65535
65535
65535
65535
65535
65535
65535
65535
65535
65535
65535
65535
65535
65535
65535
65535
65535
65535
65535
65535
65535
65535
65535
65535
65535
65535
65535
65535
65535
65535
65535
65535
65535
65535
65535
65535
65535
65535
65535
65535
65535
65535
65535
65535
65535
65535
65535
65535
65535
65535
65535
65535
65535
65535
65535
65535
65535
65535
65535
65535
65535
65535
65535
65535
65535
65535
65535
65535
65535
65535
65535
65535
65535
65535
65535
65535
65535
65535
65535
65535
65535
65535
65535
65535
65535
65535
65535
65535
65535
65535
65535
65535
65535
65535
65535
65535
65535
65535
65535
65535
65535
65535
65535
65535
65535
65535
65535
65535
65535
65535
65535
65535
65535
65535
65535
65535
65535
65535
65535
65535
65535
65535
65535
65535
65535
65535
65535
65535
65535
65535
65535
65535
65535
65535
65535
65535
65535
65535
65535
65535
65535
65535
65535
65535
65535
65535
65535
65535
65535
65535
65535
65535
65535
65535
65535
65535
65535
65535
65535
65535
65535
65535
65535
65535
65535
65535
65535
65535
65535
65535
65535
65535
65535
65535
65535
65535
65535
65535
65535
65535
65535
65535
65535
65535
65535
65535
65535
65535
65535
65535
65535
65535
65535
65535
65535
65535
65535
65535
65535
65535
65535
65535
65535
65535
65535
65535
65535
65535
65535
65535
65535
65535
65535
65535
65535
65535
65535
65535
65535
65535
65535
65535
65535
65535
65535
65535
65535
65535
65535
65535
65535
65535
65535
65535
65535
65535
65535
65535
65535
65535
65535
65535
65535
65535
65535
65535
65535
65535
65535
65535
65535
65535
65535
65535
65535
65535
65535
65535
65535
65535
65535
65535
65535
65535
65535
65535
65535
65535
65535
65535
65535
65535
65535
65535
65535
65535
65535
65535
65535
65535
65535
65535
65535
65535
65535
65535
65535
65535
65535
65535
65535
65535
65535
65535
65535
65535
65535
65535
65535
65535
65535
65535
65535
65535
65535
65535
65535
65535
65535
65535
65535
65535
65535
65535
65535
65535
65535
65535
65535
65535
65535
65535
65535
65535
65535
65535
65535
65535
65535
65535
65535
65535
65535
65535
65535
65535
65535
65535
65535
65535
65535
65535
65535
65535
65535
65535
65535
65535
65535
65535
65535
65535
65535
65535
65535
65535
65535
65535
65535
65535
65535
65535
65535
65535
65535
65535
65535
65535
65535
65535
65535
65535
65535
65535
65535
65535
65535
65535
65535
65535
65535
65535
65535
65535
65535
65535
65535
65535
65535
65535
65535
65535
65535
65535
65535
65535
65535
65535
65535
65535
65535
65535
65535
65535
65535
65535
65535
65535
65535
65535
65535
65535
65535
65535
65535
65535
65535
65535
65535
65535
65535
65535
65535
65535
65535
65535
65535
65535
65535
65535
65535
65535
65535
65535
65535
65535
65535
65535
65535
65535
65535
65535
65535
65535
65535
65535
65535
65535
65535
65535
65535
65535
65535
65535
65535
65535
65535
65535
65535
65535
65535
65535
65535
65535
65535
65535
65535
65535
65535
65535
65535
65535
65535
65535
65535
65535
65535
65535
65535
65535
65535
65535
65535
65535
65535
65535
65535
65535
65535
65535
65535
65535
65535
65535
65535
65535
65535
65535
65535
65535
65535
65535
65535
65535
65535
65535
65535
65535
65535
65535
65535
65535
65535
65535
65535
65535
65535
65535
65535
65535
65535
65535
65535
65535
65535
65535
65535
65535
65535
65535
65535
65535
65535
65535
65535
65535
65535
65535
65535
65535
65535
65535
65535
65535
65535
65535
65535
65535
65535
65535
65535
65535
65535
65535
65535
65535
65535
65535
65535
65535
65535
65535
65535
65535
65535
65535
65535
65535
65535
65535
65535
65535
65535
65535
65535
65535
65535
65535
65535
65535
65535
65535
65535
65535
65535
65535
65535
65535
65535
65535
65535
65535
65535
65535
65535
65535
65535
65535
65535
65535
65535
65535
65535
65535
65535
65535
65535
65535
65535
65535
65535
65535
65535
65535
65535
65535
65535
65535
65535
65535
65535
65535
65535
65535
65535
65535
65535
65535
65535
65535
65535
65535
65535
65535
65535
65535
65535
65535
65535
65535
65535
65535
65535
65535
65535
65535
65535
65535
65535
65535
65535
65535
65535
65535
65535
65535
65535
65535
65535
65535
65535
65535
65535
65535
65535
65535
65535
65535
65535
65535
65535
65535
65535
65535
65535
65535
65535
65535
65535
65535
65535
65535
65535
65535
65535
65535
65535
65535
65535
65535
65535
65535
65535
65535
65535
65535
65535
65535
65535
65535
65535
65535
65535
65535
65535
65535
65535
65535
65535
65535
65535
65535
65535
65535
65535
65535
65535
65535
65535
65535
65535
65535
65535
65535
65535
65535
65535
65535
65535
65535
65535
65535
65535
65535
65535
65535
65535
65535
65535
65535
65535
65535
65535
65535
65535
65535
65535
65535
65535
65535
65535
65535
65535
65535
65535
65535
65535
65535
65535
65535
65535
65535
65535
65535
65535
65535
65535
65535
65535
65535
65535
65535
65535
65535
65535
65535
65535
65535
65535
65535
65535
65535
65535
65535
65535
65535
65535
65535
65535
65535
65535
65535
65535
65535
65535
65535
65535
65535
65535
65535
65535
65535
65535
65535
65535
65535
65535
65535
65535
65535
65535
65535
65535
65535
65535
65535
65535
65535
65535
65535
65535
65535
65535
65535
65535
65535
65535
65535
65535
65535
65535
65535
65535
65535
65535
65535
65535
65535
65535
65535
65535
65535
65535
65535
65535
65535
65535
65535
65535
65535
65535
65535
65535
65535
65535
65535
65535
65535
65535
65535
65535
65535
65535
65535
65535
65535
65535
65535
65535
65535
65535
65535
65535
65535
65535
65535
65535
65535
65535
65535
65535
65535
65535
65535
65535
65535
65535
65535
65535
65535
65535
65535
65535
65535
65535
65535
65535
65535
65535
65535
65535
65535
65535
65535
65535
65535
65535
65535
65535
65535
65535
65535
65535
65535
65535
65535
65535
65535
65535
65535
65535
65535
65535
65535
65535
65535
65535
65535
65535
65535
65535
65535
65535
65535
65535
65535
65535
65535
65535
65535
65535
65535
65535
65535
65535
65535
65535
65535
65535
65535
65535
65535
65535
65535
65535
65535
65535
65535
65535
65535
65535
65535
65535
65535
65535
65535
65535
65535
65535
65535
65535
65535
65535
65535
65535
65535
65535
65535
65535
65535
65535
65535
65535
65535
65535
65535
65535
65535
65535
65535
65535
65535
65535
65535
65535
65535
65535
65535
65535
65535
65535
65535
65535
65535
65535
65535
65535
65535
65535
65535
65535
65535
65535
65535
65535
65535
65535
65535
65535
65535
65535
65535
65535
65535
65535
65535
65535
65535
65535
65535
65535
65535
65535
65535
65535
65535
65535
65535
65535
65535
65535
65535
65535
65535
65535
65535
65535
65535
65535
65535
65535
65535
65535
65535
65535
65535
65535
65535
65535
65535
65535
65535
65535
65535
65535
65535
65535
65535
65535
65535
65535
65535
65535
65535
65535
65535
65535
65535
65535
65535
65535
65535
65535
65535
65535
65535
65535
65535
65535
65535
65535
65535
65535
65535
65535
65535
65535
65535
65535
65535
65535
65535
65535
65535
65535
65535
65535
65535
65535
65535
65535
65535
65535
65535
65535
65535
65535
65535
65535
65535
65535
65535
65535
65535
65535
65535
65535
65535
65535
65535
65535
65535
65535
65535
65535
65535
65535
65535
65535
65535
65535
65535
65535
65535
65535
65535
65535
65535
65535
65535
65535
65535
65535
65535
65535
65535
65535
65535
65535
65535
65535
65535
65535
65535
65535
65535
65535
65535
65535
65535
65535
65535
65535
65535
65535
65535
65535
65535
65535
65535
65535
65535
65535
65535
65535
65535
65535
65535
65535
65535
65535
65535
65535
65535
65535
65535
65535
65535
65535
65535
65535
65535
65535
65535
65535
65535
65535
65535
65535
65535
65535
65535
65535
65535
65535
65535
65535
65535
65535
65535
65535
65535
65535
65535
65535
65535
65535
65535
65535
65535
65535
65535
65535
65535
65535
65535
65535
65535
65535
65535
65535
65535
65535
65535
65535
65535
65535
65535
65535
65535
65535
65535
65535
65535
65535
65535
65535
65535
65535
65535
65535
65535
65535
65535
65535
65535
65535
65535
65535
65535
65535
65535
65535
65535
65535
65535
65535
65535
65535
65535
65535
65535
65535
65535
65535
65535
65535
65535
65535
65535
65535
65535
65535
65535
65535
65535
65535
65535
65535
65535
65535
65535
65535
65535
65535
65535
65535
65535
65535
65535
65535
65535
65535
65535
65535
65535
65535
65535
65535
65535
65535
65535
65535
65535
65535
65535
65535
65535
65535
65535
65535
65535
65535
65535
65535
65535
65535
65535
65535
65535
65535
65535
65535
65535
65535
65535
65535
65535
65535
65535
65535
65535
65535
65535
65535
65535
65535
65535
65535
65535
65535
65535
65535
65535
65535
65535
65535
65535
65535
65535
65535
65535
65535
65535
65535
65535
65535
65535
65535
65535
65535
65535
65535
65535
65535
65535
65535
65535
65535
65535
65535
65535
65535
65535
65535
65535
65535
65535
65535
65535
65535
65535
65535
65535
65535
65535
65535
65535
65535
65535
65535
65535
65535
65535
65535
65535
65535
65535
65535
65535
65535
65535
65535
65535
65535
65535
65535
65535
65535
65535
65535
65535
65535
65535
65535
65535
65535
65535
65535
65535
65535
65535
65535
65535
65535
65535
65535
65535
65535
65535
65535
65535
65535
65535
65535
65535
65535
65535
65535
65535
65535
65535
65535
65535
65535
65535
65535
65535
65535
65535
65535
65535
65535
65535
65535
65535
65535
65535
65535
65535
65535
65535
65535
65535
65535
65535
65535
65535
65535
65535
65535
65535
65535
65535
65535
65535
65535
65535
65535
65535
65535
65535
65535
65535
65535
65535
65535
65535
65535
65535
65535
65535
65535
65535
65535
65535
65535
65535
65535
65535
65535
65535
65535
65535
65535
65535
65535
65535
65535
65535
65535
65535
65535
65535
65535
65535
65535
65535
65535
65535
65535
65535
65535
65535
65535
65535
65535
65535
65535
65535
65535
65535
65535
65535
65535
65535
65535
65535
65535
65535
65535
65535
65535
65535
65535
65535
65535
65535
65535
65535
65535
65535
65535
65535
65535
65535
65535
65535
65535
65535
65535
65535
65535
65535
65535
65535
65535
65535
65535
65535
65535
65535
65535
65535
65535
65535
65535
65535
65535
65535
65535
65535
65535
65535
65535
65535
65535
65535
65535
65535
65535
65535
65535
65535
65535
65535
65535
65535
65535
65535
65535
65535
65535
65535
65535
65535
65535
65535
65535
65535
65535
65535
65535
65535
65535
65535
65535
65535
65535
65535
65535
65535
65535
65535
65535
65535
65535
65535
65535
65535
65535
65535
65535
65535
65535
65535
65535
65535
65535
65535
65535
65535
65535
65535
65535
65535
65535
65535
65535
65535
65535
65535
65535
65535
65535
65535
65535
65535
65535
65535
65535
65535
65535
65535
65535
65535
65535
65535
65535
65535
65535
65535
65535
65535
65535
65535
65535
65535
65535
65535
65535
65535
65535
65535
65535
65535
65535
65535
65535
65535
65535
65535
65535
65535
65535
65535
65535
65535
65535
65535
65535
65535
65535
65535
65535
65535
65535
65535
65535
65535
65535
65535
65535
65535
65535
65535
65535
65535
65535
65535
65535
65535
65535
65535
65535
65535
65535
65535
65535
65535
65535
65535
65535
65535
65535
65535
65535
65535
65535
65535
65535
65535
65535
65535
65535
65535
65535
65535
65535
65535
65535
65535
65535
65535
65535
65535
65535
65535
65535
65535
65535
65535
65535
65535
65535
65535
65535
65535
65535
65535
65535
65535
65535
65535
65535
65535
65535
65535
65535
65535
65535
65535
65535
65535
65535
65535
65535
65535
65535
65535
65535
65535
65535
65535
65535
65535
65535
65535
65535
65535
65535
65535
65535
65535
65535
65535
65535
65535
65535
65535
65535
65535
65535
65535
65535
65535
65535
65535
65535
65535
65535
65535
65535
65535
65535
65535
65535
65535
65535
65535
65535
65535
65535
65535
65535
65535
65535
65535
65535
65535
65535
65535
65535
65535
65535
65535
65535
65535
65535
65535
65535
65535
65535
65535
65535
65535
65535
65535
65535
65535
65535
65535
65535
65535
65535
65535
65535
65535
65535
65535
65535
65535
65535
65535
65535
65535
65535
65535
65535
65535
65535
65535
65535
65535
65535
65535
65535
65535
65535
65535
65535
65535
65535
65535
65535
65535
65535
65535
