0
0
0
0
0
0
0
0
0
0
0
0
0
0
0
0
0
0
0
0
0
0
0
0
0
0
0
0
0
0
0
0
0
0
0
0
0
0
0
0
0
0
0
0
0
0
0
0
0
0
0
0
0
0
0
0
0
0
0
0
0
0
0
0
0
0
0
0
0
0
0
0
0
0
0
0
0
0
0
0
0
0
0
0
0
0
0
0
0
0
0
0
0
0
0
0
0
0
0
0
0
0
0
0
0
0
0
0
0
0
0
0
0
0
0
0
0
0
0
0
0
0
0
0
0
0
0
0
0
0
0
0
0
0
0
0
0
0
0
0
0
0
0
0
0
0
0
0
0
0
0
0
0
0
0
0
0
0
0
0
0
0
0
0
0
0
0
0
0
0
0
0
0
0
0
0
0
0
0
0
0
0
0
0
0
0
0
0
0
0
0
0
0
0
0
0
0
0
0
0
0
0
0
0
0
0
0
0
0
0
0
0
0
0
0
0
0
0
0
0
0
0
0
0
0
0
0
0
0
0
0
0
0
0
0
0
0
0
0
0
0
0
0
0
0
0
0
0
0
0
0
0
0
0
0
0
0
0
0
0
0
0
0
0
0
0
0
0
0
0
0
0
0
0
0
0
0
0
0
0
0
0
0
0
0
0
0
0
0
0
0
0
0
0
0
0
0
0
0
0
0
0
0
0
0
0
0
0
0
0
0
0
0
0
0
0
0
0
0
0
0
0
0
0
0
0
0
0
0
0
0
0
0
0
0
0
0
0
0
0
0
0
0
0
0
0
0
0
0
0
0
0
0
0
0
0
0
0
0
0
0
0
0
0
0
0
0
0
0
0
0
0
0
0
0
0
0
0
0
0
0
0
0
0
0
0
0
0
0
0
0
0
0
0
0
0
0
0
0
0
0
0
0
4
4
5
9
15
18
20
21
25
28
30
31
34
35
39
42
42
45
49
54
55
59
63
66
69
73
78
80
82
86
88
92
97
101
104
108
113
118
122
125
127
130
133
138
141
146
149
153
156
160
162
166
169
173
180
183
187
191
193
198
203
206
211
214
218
220
228
229
233
237
240
242
245
251
255
258
261
266
273
279
283
288
295
298
303
310
318
322
327
332
336
342
349
353
360
366
371
376
382
389
395
401
407
414
421
427
432
440
445
452
458
463
468
475
483
489
496
501
512
518
522
528
536
544
551
556
564
569
576
584
587
593
603
612
620
625
633
638
647
654
664
672
677
681
690
701
710
715
721
727
737
743
753
760
768
777
784
791
797
803
814
821
828
832
839
847
849
858
865
870
880
889
898
911
920
924
933
941
947
955
962
970
982
991
994
1001
1010
1020
1027
1034
1042
1051
1061
1067
1078
1083
1093
1102
1113
1124
1137
1143
1151
1158
1168
1178
1189
1199
1208
1219
1229
1240
1250
1262
1272
1282
1293
1302
1314
1327
1335
1348
1358
1363
1372
1383
1395
1409
1420
1429
1440
1449
1455
1463
1473
1485
1492
1505
1511
1519
1528
1537
1549
1559
1570
1582
1593
1602
1613
1623
1631
1644
1655
1671
1684
1690
1702
1711
1722
1732
1740
1747
1759
1767
1774
1784
1793
1802
1813
1824
1834
1843
1851
1859
1867
1874
1883
1890
1902
1915
1924
1935
1941
1951
1961
1967
1979
1987
1995
2003
2013
2021
2029
2037
2045
2052
2058
2066
2075
2085
2093
2101
2111
2122
2128
2138
2142
2152
2156
2165
2170
2178
2187
2195
2206
2214
2223
2229
2238
2243
2251
2258
2263
2273
2279
2288
2295
2302
2309
2316
2323
2328
2335
2345
2355
2361
2367
2373
2381
2391
2397
2403
2411
2416
2427
2436
2447
2452
2460
2466
2475
2481
2489
2493
2497
2502
2511
2520
2525
2531
2537
2541
2550
2556
2561
2567
2573
2577
2583
2590
2594
2595
2600
2606
2615
2617
2624
2630
2635
2640
2646
2652
2658
2664
2669
2671
2675
2681
2687
2692
2697
2699
2703
2707
2714
2718
2722
2724
2728
2733
2737
2741
2747
2751
2756
2760
2763
2768
2774
2779
2783
2788
2791
2798
2801
2804
2808
2812
2817
2821
2825
2829
2833
2839
2843
2847
2851
2854
2859
2863
2867
2870
2874
2879
2882
2884
2890
2895
2902
2905
2909
2912
2917
2919
2920
2923
2926
2928
2931
2933
2937
2940
2942
2947
2950
2954
2959
2961
2965
2970
2974
2978
2984
2986
2991
2993
2997
3003
3004
3006
3009
3012
3016
3018
3021
3022
3024
3027
3029
3032
3035
3040
3045
3046
3048
3052
3057
3057
3063
3066
3072
3077
3081
3083
3087
3089
3093
3096
3099
3103
3108
3113
3116
3120
3124
3129
3134
3135
3138
3140
3142
3146
3152
3155
3159
3164
3166
3171
3173
3177
3179
3181
3186
3189
3192
3196
3198
3202
3205
3207
3213
3218
3223
3226
3228
3229
3233
3234
3236
3238
3241
3246
3250
3254
3255
3257
3260
3264
3267
3270
3273
3278
3280
3283
3286
3290
3295
3299
3303
3306
3309
3311
3314
3316
3318
3322
3326
3328
3333
3335
3337
3344
3347
3352
3354
3357
3360
3362
3366
3367
3369
3373
3376
3379
3383
3384
3386
3389
3393
3397
3399
3403
3407
3410
3412
3416
3419
3421
3424
3427
3429
3432
3435
3439
3441
3443
3445
3448
3451
3455
3459
3461
3466
3469
3472
3474
3477
3479
3483
3486
3490
3490
3491
3497
3499
3500
3503
3505
3510
3514
3519
3520
3521
3525
3526
3529
3533
3537
3540
3541
3542
3543
3546
3550
3555
3557
3559
3563
3565
3568
3571
3575
3578
3581
3584
3586
3591
3593
3596
3600
3602
3605
3608
3612
3614
3616
3618
3620
3622
3625
3627
3628
3631
3633
3636
3638
3641
3644
3647
3649
3651
3654
3658
3661
3664
3667
3669
3673
3677
3679
3681
3683
3685
3687
3690
3693
3695
3698
3700
3702
3704
3705
3706
3707
3714
3717
3719
3721
3725
3729
3732
3734
3738
3743
3744
3748
3751
3756
3758
3760
3761
3764
3768
3770
3771
3774
3778
3782
3785
3788
3789
3791
3792
3794
3795
3797
3799
3803
3806
3810
3813
3815
3817
3820
3823
3825
3826
3831
3832
3836
3839
3842
3844
3848
3850
3855
3856
3858
3860
3864
3866
3869
3872
3875
3878
3880
3880
3882
3883
3887
3888
3892
3894
3897
3898
3899
3900
3903
3904
3905
3908
3911
3913
3915
3917
3920
3924
3928
3929
3932
3934
3937
3940
3942
3943
3946
3948
3949
3952
3955
3958
3960
3962
3965
3967
3971
3972
3974
3977
3979
3983
3985
3989
3991
3993
3996
3999
4001
4004
4009
4011
4013
4015
4017
4020
4022
4024
4028
4031
4032
4036
4037
4040
4043
4046
4050
4053
4056
4057
4059
4062
4063
4066
4068
4070
4072
4073
4075
4077
4079
4081
4082
4083
4085
4086
4088
4090
4091
4093
4093
4095
4097
4100
4102
4103
4105
4106
4108
4111
4113
4114
4116
4117
4117
4119
4121
4123
4125
4128
4130
4131
4133
4135
4137
4139
4141
4143
4146
4148
4151
4152
4153
4155
4157
4158
4160
4161
4165
4166
4168
4170
4171
4172
4174
4175
4177
4181
4183
4185
4187
4188
4192
4193
4194
4196
4200
4201
4204
4206
4208
4210
4212
4213
4215
4217
4219
4220
4221
4223
4227
4229
4231
4233
4236
4238
4238
4240
4244
4247
4249
4250
4253
4255
4258
4261
4263
4265
4267
4270
4271
4273
4277
4280
4283
4285
4290
4293
4294
4298
4300
4303
4305
4307
4310
4316
4318
4322
4325
4330
4333
4335
4339
4342
4346
4350
4353
4355
4359
4361
4363
4369
4373
4377
4380
4383
4385
4391
4395
4398
4400
4403
4407
4410
4413
4418
4419
4423
4427
4431
4434
4437
4441
4448
4451
4455
4461
4467
4472
4477
4483
4491
4496
4501
4504
4508
4516
4522
4529
4534
4538
4543
4550
4556
4562
4569
4576
4582
4589
4594
4604
4614
4624
4631
4637
4645
4655
4665
4675
4684
4693
4704
4716
4726
4735
4746
4756
4766
4775
4788
4797
4806
4818
4827
4839
4850
4862
4873
4883
4895
4908
4919
4930
4942
4957
4970
4983
4995
5010
5026
5036
5052
5068
5083
5096
5108
5123
5146
5163
5179
5198
5218
5236
5253
5273
5292
5311
5328
5348
5375
5396
5419
5441
5464
5485
5507
5532
5559
5582
5606
5632
5662
5690
5719
5750
5776
5808
5838
5868
5895
5930
5958
5984
6016
6045
6080
6109
6143
6181
6217
6249
6287
6322
6359
6403
6441
6486
6531
6569
6609
6653
6695
6737
6778
6826
6869
6919
6968
7021
7064
7110
7159
7213
7265
7313
7370
7423
7485
7550
7606
7667
7724
7789
7846
7904
7969
8031
8094
8156
8219
8281
8348
8414
8472
8546
8616
8685
8750
8828
8902
8974
9053
9127
9205
9286
9361
9437
9523
9598
9676
9756
9836
9922
10000
10075
10162
10252
10329
10414
10506
10594
10696
10780
10871
10960
11056
11148
11243
11349
11453
11551
11648
11742
11844
11936
12043
12131
12230
12332
12436
12536
12644
12746
12856
12959
13060
13172
13280
13389
13499
13619
13733
13842
13950
14068
14188
14308
14437
14559
14678
14812
14931
15053
15183
15306
15431
15558
15679
15811
15937
16060
16191
16329
16459
16576
16715
16844
16979
17103
17227
17354
17484
17624
17762
17895
18042
18192
18335
18458
18600
18733
18865
19003
19139
19282
19422
19562
19711
19865
19997
20142
20293
20442
20589
20732
20869
21016
21170
21309
21450
21595
21738
21887
22023
22172
22317
22456
22592
22737
22880
23018
23157
23293
23429
23567
23699
23831
23974
24108
24238
24361
24498
24630
24758
24884
25010
25145
25281
25410
25539
25670
25807
25942
26077
26202
26332
26464
26588
26729
26855
26984
27114
27248
27382
27504
27646
27775
27912
28038
28167
28295
28424
28552
28671
28798
28927
29067
29194
29318
29446
29570
29706
29833
29957
30085
30210
30327
30445
30569
30688
30816
30933
31064
31183
31316
31445
31555
31672
31783
31893
32010
32118
32227
32338
32451
32560
32673
32769
32885
32984
33085
33185
33299
33407
33501
33604
33697
33797
33890
33988
34085
34184
34282
34370
34475
34573
34673
34769
34872
34973
35069
35162
35263
35356
35446
35540
35637
35730
35815
35899
35975
36062
36141
36227
36313
36402
36486
36568
36641
36715
36794
36876
36953
37035
37115
37191
37264
37337
37411
37484
37549
37616
37687
37758
37822
37892
37958
38021
38088
38160
38224
38290
38354
38420
38489
38556
38616
38679
38743
38801
38860
38923
38981
39035
39091
39140
39198
39243
39293
39348
39398
39450
39505
39556
39610
39659
39717
39769
39815
39861
39909
39957
40006
40056
40102
40145
40193
40243
40282
40327
40370
40412
40456
40498
40543
40585
40625
40666
40716
40759
40805
40843
40881
40925
40971
41007
41050
41089
41127
41168
41213
41251
41291
41328
41365
41400
41437
41473
41509
41537
41568
41597
41628
41660
41690
41724
41750
41781
41815
41845
41877
41907
41937
41962
41986
42017
42050
42082
42109
42140
42167
42191
42223
42248
42269
42295
42320
42350
42367
42387
42411
42436
42459
42482
42506
42528
42549
42571
42593
42612
42637
42660
42681
42706
42727
42746
42764
42783
42803
42825
42845
42865
42886
42899
42916
42933
42956
42973
42994
43009
43029
43048
43069
43087
43101
43118
43138
43153
43169
43182
43197
43210
43224
43236
43246
43260
43277
43290
43309
43323
43337
43349
43362
43376
43386
43399
43411
43422
43434
43446
43459
43469
43480
43491
43500
43510
43519
43529
43538
43552
43563
43572
43582
43593
43604
43612
43620
43633
43642
43650
43658
43665
43673
43681
43690
43699
43708
43718
43724
43731
43739
43747
43754
43763
43771
43782
43790
43797
43804
43807
43814
43820
43825
43833
43840
43844
43851
43855
43864
43868
43874
43881
43887
43892
43898
43906
43913
43917
43920
43925
43930
43936
43942
43948
43952
43955
43960
43964
43969
43975
43981
43984
43990
43994
43997
44001
44007
44013
44017
44023
44028
44031
44035
44040
44045
44050
44053
44056
44061
44067
44073
44076
44082
44085
44088
44091
44095
44099
44102
44104
44108
44111
44114
44118
44121
44123
44126
44129
44131
44135
44138
44142
44146
44149
44152
44155
44157
44160
44163
44165
44168
44173
44175
44178
44181
44184
44188
44191
44193
44196
44199
44201
44203
44207
44211
44213
44215
44217
44221
44224
44230
44233
44236
44238
44242
44244
44247
44249
44253
44253
44255
44259
44263
44264
44268
44271
44273
44274
44277
44279
44282
44284
44287
44289
44291
44294
44296
44298
44302
44304
44309
44311
44314
44318
44320
44324
44325
44329
44331
44334
44336
44339
44342
44345
44347
44350
44353
44356
44358
44360
44361
44364
44367
44369
44373
44375
44377
44380
44384
44386
44391
44394
44397
44400
44403
44405
44407
44411
44414
44417
44420
44421
44423
44426
44429
44432
44434
44438
44441
44444
44447
44451
44454
44458
44461
44465
44466
44468
44472
44475
44477
44480
44484
44486
44488
44491
44492
44495
44498
44502
44507
44509
44512
44514
44517
44522
44523
44527
44530
44533
44536
44539
44542
44544
44548
44551
44554
44559
44561
44564
44567
44570
44574
44576
44581
44584
44586
44589
44590
44594
44597
44601
44602
44605
44608
44611
44614
44618
44621
44624
44625
44627
44631
44633
44635
44638
44643
44645
44648
44650
44653
44655
44658
44663
44665
44668
44671
44675
44678
44680
44685
44688
44691
44693
44698
44700
44702
44704
44706
44709
44712
44715
44718
44719
44722
44724
44727
44731
44735
44739
44741
44745
44749
44754
44757
44762
44765
44769
44772
44773
44775
44779
44782
44787
44790
44794
44798
44802
44806
44811
44816
44821
44824
44828
44831
44833
44835
44838
44841
44844
44845
44849
44853
44856
44860
44863
44869
44873
44875
44878
44881
44886
44889
44893
44897
44900
44904
44909
44914
44916
44922
44925
44930
44932
44935
44941
44944
44946
44950
44953
44956
44958
44962
44966
44968
44971
44975
44977
44982
44986
44989
44993
44997
45000
45005
45007
45011
45016
45021
45024
45029
45035
45040
45046
45050
45054
45060
45065
45067
45068
45071
45075
45080
45085
45090
45094
45101
45104
45108
45112
45115
45120
45124
45129
45133
45137
45141
45146
45149
45155
45159
45166
45171
45174
45179
45184
45189
45194
45199
45202
45209
45215
45220
45226
45231
45235
45238
45242
45248
45253
45258
45264
45270
45277
45284
45292
45297
45304
45308
45312
45316
45322
45327
45334
45340
45345
45349
45355
45361
45366
45371
45377
45384
45389
45394
45401
45409
45414
45419
45426
45432
45437
45444
45449
45455
45461
45470
45474
45482
45489
45495
45502
45506
45514
45519
45525
45530
45535
45540
45550
45553
45561
45569
45575
45584
45593
45601
45607
45614
45621
45625
45634
45640
45646
45656
45664
45672
45677
45685
45693
45702
45709
45718
45726
45734
45741
45750
45758
45769
45778
45785
45795
45805
45813
45825
45832
45842
45850
45858
45872
45879
45887
45899
45909
45919
45927
45938
45946
45958
45968
45978
45986
45996
46009
46019
46033
46045
46054
46065
46077
46087
46100
46115
46133
46142
46153
46163
46174
46190
46201
46216
46224
46234
46244
46259
46273
46286
46295
46309
46321
46334
46349
46363
46375
46389
46405
46416
46429
46442
46453
46466
46482
46497
46516
46529
46541
46553
46566
46581
46595
46608
46625
46643
46652
46669
46687
46706
46725
46740
46756
46770
46787
46801
46817
46833
46849
46868
46887
46903
46915
46933
46950
46966
46985
46998
47016
47033
47050
47065
47086
47105
47127
47145
47163
47181
47202
47218
47236
47258
47279
47298
47322
47341
47359
47378
47399
47421
47445
47470
47492
47514
47533
47555
47573
47595
47609
47630
47654
47677
47695
47720
47742
47768
47784
47814
47839
47863
47887
47909
47930
47950
47974
47997
48019
48046
48064
48089
48109
48134
48157
48177
48198
48224
48244
48270
48294
48318
48342
48367
48391
48418
48443
48465
48486
48509
48531
48556
48581
48611
48641
48666
48694
48717
48742
48767
48792
48818
48844
48868
48892
48918
48945
48970
48991
49015
49042
49068
49098
49125
49157
49180
49209
49234
49260
49290
49322
49346
49375
49401
49425
49451
49476
49499
49523
49550
49575
49600
49622
49649
49674
49703
49728
49759
49785
49811
49839
49866
49893
49920
49945
49970
49994
50022
50050
50075
50100
50125
50147
50178
50213
50237
50264
50291
50315
50339
50369
50397
50427
50454
50476
50504
50532
50559
50588
50619
50644
50670
50692
50719
50749
50780
50811
50838
50866
50892
50920
50946
50974
51007
51036
51065
51089
51115
51137
51163
51190
51213
51238
51257
51285
51307
51333
51354
51376
51398
51426
51452
51475
51499
51524
51548
51576
51595
51618
51639
51661
51686
51708
51734
51751
51772
51797
51819
51843
51864
51888
51908
51933
51953
51974
52005
52023
52046
52064
52087
52110
52131
52152
52173
52197
52218
52237
52261
52283
52301
52321
52343
52362
52381
52404
52424
52444
52465
52482
52503
52523
52542
52559
52572
52588
52610
52632
52652
52671
52688
52709
52727
52746
52767
52787
52803
52821
52836
52858
52877
52895
52913
52932
52948
52962
52980
52995
53009
53027
53043
53057
53076
53094
53109
53125
53145
53161
53177
53193
53209
53225
53241
53259
53271
53290
53308
53323
53339
53359
53373
53389
53406
53422
53435
53450
53465
53481
53497
53509
53521
53535
53548
53563
53578
53590
53600
53614
53627
53640
53654
53670
53686
53698
53711
53726
53738
53749
53760
53774
53790
53804
53816
53826
53840
53852
53863
53872
53885
53896
53908
53918
53929
53939
53952
53959
53971
53982
53993
54004
54013
54022
54034
54046
54057
54068
54079
54091
54103
54112
54124
54133
54142
54150
54162
54174
54189
54201
54212
54222
54233
54244
54254
54266
54281
54292
54303
54312
54323
54331
54342
54352
54364
54371
54382
54391
54400
54409
54417
54424
54431
54441
54449
54460
54472
54482
54490
54500
54509
54517
54523
54533
54543
54552
54560
54566
54577
54585
54592
54599
54607
54615
54621
54627
54636
54644
54650
54658
54669
54676
54686
54694
54700
54709
54717
54724
54734
54742
54751
54758
54765
54775
54785
54794
54801
54809
54818
54828
54837
54847
54856
54866
54872
54883
54892
54899
54909
54917
54923
54933
54944
54955
54964
54975
54984
54993
54999
55009
55017
55028
55039
55051
55059
55071
55081
55089
55098
55108
55115
55124
55132
55141
55150
55157
55166
55175
55187
55197
55206
55216
55227
55237
55250
55257
55268
55282
55293
55304
55316
55323
55334
55346
55358
55368
55377
55385
55396
55404
55414
55421
55434
55445
55456
55468
55477
55490
55498
55511
55522
55533
55544
55556
55566
55579
55592
55606
55618
55630
55644
55652
55667
55679
55691
55702
55716
55731
55739
55750
55766
55778
55788
55798
55812
55831
55842
55855
55865
55877
55891
55903
55917
55931
55944
55956
55970
55985
55999
56012
56024
56040
56054
56065
56077
56088
56103
56121
56137
56152
56164
56178
56192
56205
56220
56231
56244
56257
56274
56291
56307
56323
56338
56353
56368
56384
56401
56416
56428
56441
56457
56469
56488
56504
56522
56539
56557
56571
56589
56609
56629
56643
56658
56678
56695
56710
56727
56744
56763
56778
56797
56813
56828
56844
56865
56879
56894
56911
56929
56946
56959
56981
56998
57012
57028
57045
57063
57082
57101
57120
57136
57152
57171
57189
57208
57228
57245
57266
57286
57303
57323
57339
57354
57370
57390
57409
57430
57448
57469
57486
57503
57520
57540
57558
57574
57590
57606
57626
57643
57662
57682
57706
57722
57741
57758
57778
57799
57819
57836
57859
57877
57896
57914
57929
57949
57969
57985
58003
58028
58050
58066
58089
58112
58127
58147
58163
58181
58198
58218
58236
58257
58279
58300
58317
58334
58354
58374
58388
58409
58429
58450
58468
58488
58505
58523
58543
58563
58585
58608
58625
58648
58663
58680
58702
58720
58742
58760
58780
58799
58817
58838
58856
58873
58891
58909
58930
58952
58972
58994
59013
59030
59047
59070
59093
59116
59136
59155
59172
59196
59217
59238
59257
59275
59297
59314
59329
59349
59369
59387
59405
59428
59450
59472
59491
59509
59531
59552
59573
59596
59616
59635
59655
59671
59693
59714
59732
59752
59773
59792
59811
59835
59854
59870
59892
59912
59933
59952
59969
59984
60000
60020
60037
60061
60081
60100
60119
60137
60157
60175
60191
60207
60224
60245
60257
60275
60293
60310
60328
60346
60366
60382
60399
60418
60433
60453
60474
60493
60511
60532
60546
60562
60580
60599
60616
60637
60654
60669
60688
60709
60724
60742
60762
60782
60799
60820
60837
60855
60872
60892
60909
60928
60942
60963
60977
60996
61016
61031
61045
61062
61074
61093
61105
61124
61139
61157
61173
61188
61206
61219
61233
61252
61264
61283
61299
61317
61333
61352
61371
61384
61400
61413
61428
61444
61457
61473
61486
61500
61514
61531
61549
61567
61583
61597
61610
61623
61636
61648
61664
61680
61693
61705
61723
61739
61756
61771
61790
61807
61821
61833
61848
61862
61875
61888
61898
61909
61924
61939
61955
61964
61975
61987
61998
62014
62023
62036
62047
62059
62069
62081
62091
62103
62114
62127
62138
62149
62162
62172
62183
62194
62208
62221
62227
62238
62246
62259
62273
62288
62302
62313
62326
62338
62350
62360
62372
62384
62398
62410
62421
62433
62442
62449
62461
62471
62482
62492
62503
62514
62526
62539
62547
62555
62565
62577
62588
62596
62605
62615
62627
62637
62646
62656
62668
62679
62688
62695
62704
62715
62723
62734
62741
62752
62757
62767
62777
62788
62798
62807
62817
62823
62831
62840
62847
62856
62866
62874
62880
62886
62895
62905
62911
62918
62926
62934
62945
62955
62962
62969
62975
62981
62989
62994
63001
63011
63019
63028
63035
63041
63046
63052
63062
63070
63076
63082
63086
63094
63101
63110
63115
63122
63129
63136
63143
63149
63158
63164
63170
63176
63183
63188
63195
63201
63208
63214
63221
63226
63235
63241
63246
63252
63258
63263
63267
63273
63281
63285
63292
63297
63303
63310
63318
63323
63327
63331
63335
63338
63343
63349
63355
63361
63367
63373
63382
63391
63396
63401
63407
63411
63415
63421
63424
63429
63434
63437
63441
63447
63453
63459
63464
63468
63473
63475
63481
63485
63490
63494
63500
63505
63509
63514
63521
63524
63531
63536
63541
63545
63551
63557
63561
63564
63568
63572
63576
63581
63585
63589
63593
63597
63602
63605
63610
63613
63618
63622
63626
63628
63631
63634
63639
63644
63648
63653
63655
63659
63664
63669
63673
63677
63679
63684
63689
63692
63696
63702
63704
63708
63712
63717
63723
63726
63729
63733
63737
63739
63744
63745
63748
63752
63756
63760
63763
63770
63773
63777
63781
63783
63785
63788
63791
63794
63796
63800
63803
63806
63810
63813
63816
63819
63822
63824
63828
63831
63834
63839
63842
63845
63847
63850
63852
63854
63858
63862
63865
63870
63873
63877
63880
63882
63885
63888
63890
63893
63896
63899
63902
63905
63908
63915
63919
63922
63925
63928
63931
63934
63938
63942
63945
63948
63952
63956
63958
63961
63963
63964
63967
63971
63974
63977
63981
63985
63988
63993
63997
64001
64005
64007
64011
64014
64019
64022
64025
64027
64031
64033
64036
64042
64045
64047
64050
64052
64056
64061
64063
64065
64070
64074
64076
64080
64084
64086
64088
64090
64093
64097
64101
64103
64106
64108
64111
64113
64116
64116
64120
64123
64126
64130
64135
64138
64141
64143
64146
64148
64151
64156
64157
64160
64162
64166
64169
64172
64177
64181
64183
64184
64189
64192
64196
64200
64204
64208
64212
64218
64223
64227
64233
64235
64237
64241
64246
64250
64254
64258
64260
64264
64268
64272
64274
64278
64282
64286
64290
64295
64297
64301
64304
64308
64310
64314
64319
64321
64322
64325
64329
64333
64339
64342
64345
64350
64352
64355
64359
64363
64366
64370
64375
64379
64382
64387
64391
64393
64397
64401
64406
64410
64414
64417
64420
64425
64429
64432
64434
64438
64442
64447
64451
64454
64459
64464
64468
64474
64479
64484
64486
64492
64498
64504
64508
64513
64516
64520
64527
64530
64533
64538
64543
64548
64550
64554
64558
64564
64570
64576
64582
64588
64593
64598
64604
64607
64614
64616
64622
64629
64633
64640
64642
64647
64652
64657
64662
64666
64671
64676
64682
64688
64692
64697
64702
64707
64713
64717
64723
64729
64734
64737
64741
64745
64753
64762
64769
64778
64784
64790
64800
64805
64812
64819
64829
64838
64849
64855
64863
64871
64876
64884
64889
64898
64908
64918
64925
64930
64940
64949
64954
64960
64971
64978
64988
64997
65004
65013
65019
65027
65032
65047
65054
65060
65068
65074
65082
65086
65093
65099
65106
65111
65118
65126
65136
65148
65153
65159
65166
65177
65184
65192
65200
65208
65216
65224
65236
65245
65253
65259
65264
65272
65281
65289
65295
65306
65320
65329
65341
65349
65361
65370
65378
65388
65400
65413
65420
65429
65441
65451
65458
65467
65474
65483
65491
65502
65513
65535
65535
65535
65535
65535
65535
65535
65535
65535
65535
65535
65535
65535
65535
65535
65535
65535
65535
65535
65535
65535
65535
65535
65535
65535
65535
65535
65535
65535
65535
65535
65535
65535
65535
65535
65535
65535
65535
65535
65535
65535
65535
65535
65535
65535
65535
65535
65535
65535
65535
65535
65535
65535
65535
65535
65535
65535
65535
65535
65535
65535
65535
65535
65535
65535
65535
65535
65535
65535
65535
65535
65535
65535
65535
65535
65535
65535
65535
65535
65535
65535
65535
65535
65535
65535
65535
65535
65535
65535
65535
65535
65535
65535
65535
65535
65535
65535
65535
65535
65535
65535
65535
65535
65535
65535
65535
65535
65535
65535
65535
65535
65535
65535
65535
65535
65535
65535
65535
65535
65535
65535
65535
65535
65535
65535
65535
65535
65535
65535
65535
65535
65535
65535
65535
65535
65535
65535
65535
65535
65535
65535
65535
65535
65535
65535
65535
65535
65535
65535
65535
65535
65535
65535
65535
65535
65535
65535
65535
65535
65535
65535
65535
65535
65535
65535
65535
65535
65535
65535
65535
65535
65535
65535
65535
65535
65535
65535
65535
65535
65535
65535
65535
65535
65535
65535
65535
65535
65535
65535
65535
65535
65535
65535
65535
65535
65535
65535
65535
65535
65535
65535
65535
65535
65535
65535
65535
65535
65535
65535
65535
65535
65535
65535
65535
65535
65535
65535
65535
65535
65535
65535
65535
65535
65535
65535
65535
65535
65535
65535
65535
65535
65535
65535
65535
65535
65535
65535
65535
65535
65535
65535
65535
65535
65535
65535
65535
65535
65535
65535
65535
65535
65535
65535
65535
65535
65535
65535
65535
65535
65535
65535
65535
65535
65535
65535
65535
65535
65535
65535
65535
65535
65535
65535
65535
65535
65535
65535
65535
65535
65535
65535
65535
65535
65535
65535
65535
65535
65535
65535
65535
65535
65535
65535
65535
65535
65535
65535
65535
65535
65535
65535
65535
65535
65535
65535
65535
65535
65535
65535
65535
65535
65535
65535
65535
65535
65535
65535
65535
65535
65535
65535
65535
65535
65535
65535
65535
65535
65535
65535
65535
65535
65535
65535
65535
65535
65535
65535
65535
65535
65535
65535
65535
65535
65535
65535
65535
65535
65535
65535
65535
65535
65535
65535
65535
65535
65535
65535
65535
65535
65535
65535
65535
65535
65535
65535
65535
65535
65535
65535
65535
65535
65535
65535
65535
65535
65535
65535
65535
65535
65535
65535
65535
65535
65535
65535
65535
65535
65535
65535
65535
65535
65535
65535
65535
65535
65535
65535
65535
65535
65535
65535
65535
65535
65535
65535
65535
65535
65535
65535
65535
65535
65535
65535
65535
65535
65535
65535
65535
65535
65535
65535
65535
65535
65535
65535
65535
65535
65535
65535
65535
65535
65535
65535
65535
65535
65535
65535
65535
65535
65535
65535
65535
65535
65535
65535
65535
65535
65535
65535
65535
65535
65535
65535
65535
65535
65535
65535
65535
65535
65535
65535
65535
65535
65535
65535
65535
65535
65535
65535
65535
65535
65535
65535
65535
65535
65535
65535
65535
65535
65535
65535
65535
65535
65535
65535
65535
65535
65535
65535
65535
65535
65535
65535
65535
65535
65535
65535
65535
65535
65535
65535
65535
65535
65535
65535
65535
65535
65535
65535
65535
65535
65535
65535
65535
65535
65535
65535
65535
65535
65535
65535
65535
65535
65535
65535
65535
65535
65535
65535
65535
65535
65535
65535
65535
65535
65535
65535
65535
65535
65535
65535
65535
65535
65535
65535
65535
65535
65535
65535
65535
65535
65535
65535
65535
65535
65535
65535
65535
65535
65535
65535
65535
65535
65535
65535
65535
65535
65535
65535
65535
65535
65535
65535
65535
65535
65535
65535
65535
65535
65535
65535
65535
65535
65535
65535
65535
65535
65535
65535
65535
65535
65535
65535
65535
65535
65535
65535
65535
65535
65535
65535
65535
65535
65535
65535
65535
65535
65535
65535
65535
65535
65535
65535
65535
65535
65535
65535
65535
65535
65535
65535
65535
65535
65535
65535
65535
65535
65535
65535
65535
65535
65535
65535
65535
65535
65535
65535
65535
65535
65535
65535
65535
65535
65535
65535
65535
65535
65535
65535
65535
65535
65535
65535
65535
65535
65535
65535
65535
65535
65535
65535
65535
65535
65535
65535
65535
65535
65535
65535
65535
65535
65535
65535
65535
65535
65535
65535
65535
65535
65535
65535
65535
65535
65535
65535
65535
65535
65535
65535
65535
65535
65535
65535
65535
65535
65535
65535
65535
65535
65535
65535
65535
65535
65535
65535
65535
65535
65535
65535
65535
65535
65535
65535
65535
65535
65535
65535
65535
65535
65535
65535
65535
65535
65535
65535
65535
65535
65535
65535
65535
65535
65535
65535
65535
65535
65535
65535
65535
65535
65535
65535
65535
65535
65535
65535
65535
65535
65535
65535
65535
65535
65535
65535
65535
65535
65535
65535
65535
65535
65535
65535
65535
65535
65535
65535
65535
65535
65535
65535
65535
65535
65535
65535
65535
65535
65535
65535
65535
65535
65535
65535
65535
65535
65535
65535
65535
65535
65535
65535
65535
65535
65535
65535
65535
65535
65535
65535
65535
65535
65535
65535
65535
65535
65535
65535
65535
65535
65535
65535
65535
65535
65535
65535
65535
65535
65535
65535
65535
65535
65535
65535
65535
65535
65535
65535
65535
65535
65535
65535
65535
65535
65535
65535
65535
65535
65535
65535
65535
65535
65535
65535
65535
65535
65535
65535
65535
65535
65535
65535
65535
65535
65535
65535
65535
65535
65535
65535
65535
65535
65535
65535
65535
65535
65535
65535
65535
65535
65535
65535
65535
65535
65535
65535
65535
65535
65535
65535
65535
65535
65535
65535
65535
65535
65535
65535
65535
65535
65535
65535
65535
65535
65535
65535
65535
65535
65535
65535
65535
65535
65535
65535
65535
65535
65535
65535
65535
65535
65535
65535
65535
65535
65535
65535
65535
65535
65535
65535
65535
65535
65535
65535
65535
65535
65535
65535
65535
65535
65535
65535
65535
65535
65535
65535
65535
65535
65535
65535
65535
65535
65535
65535
65535
65535
65535
65535
65535
65535
65535
65535
65535
65535
65535
65535
65535
65535
65535
65535
65535
65535
65535
65535
65535
65535
65535
65535
65535
65535
65535
65535
65535
65535
65535
65535
65535
65535
65535
65535
65535
65535
65535
65535
65535
65535
65535
65535
65535
65535
65535
65535
65535
65535
65535
65535
65535
65535
65535
65535
65535
65535
65535
65535
65535
65535
65535
65535
65535
65535
65535
65535
65535
65535
65535
65535
65535
65535
65535
65535
65535
65535
65535
65535
65535
65535
65535
65535
65535
65535
65535
65535
65535
65535
65535
65535
65535
65535
65535
65535
65535
65535
65535
65535
65535
65535
65535
65535
65535
65535
65535
65535
65535
65535
65535
65535
65535
65535
65535
65535
65535
65535
65535
65535
65535
65535
65535
65535
65535
65535
65535
65535
65535
65535
65535
65535
65535
65535
65535
65535
65535
65535
65535
65535
65535
65535
65535
65535
65535
65535
65535
65535
65535
65535
65535
65535
65535
65535
65535
65535
65535
65535
65535
65535
65535
65535
65535
65535
65535
65535
65535
65535
65535
65535
65535
65535
65535
65535
65535
65535
65535
65535
65535
65535
65535
65535
65535
65535
65535
65535
65535
65535
65535
65535
65535
65535
65535
65535
65535
65535
65535
65535
65535
65535
65535
65535
65535
65535
65535
65535
65535
65535
65535
65535
65535
65535
65535
65535
65535
65535
65535
65535
65535
65535
65535
65535
65535
65535
65535
65535
65535
65535
65535
65535
65535
65535
65535
65535
65535
65535
65535
65535
65535
65535
65535
65535
65535
65535
65535
65535
65535
65535
65535
65535
65535
65535
65535
65535
65535
65535
65535
65535
65535
65535
65535
65535
65535
65535
65535
65535
65535
65535
65535
65535
65535
65535
65535
65535
65535
65535
65535
65535
65535
65535
65535
65535
65535
65535
65535
65535
65535
65535
65535
65535
65535
65535
65535
65535
65535
65535
65535
65535
65535
65535
65535
65535
65535
65535
65535
65535
65535
65535
65535
65535
65535
65535
65535
65535
65535
65535
65535
65535
65535
65535
65535
65535
65535
65535
65535
65535
65535
65535
65535
65535
65535
65535
65535
65535
65535
65535
65535
65535
65535
65535
65535
65535
65535
65535
65535
65535
65535
65535
65535
65535
65535
65535
65535
65535
65535
65535
65535
65535
65535
65535
65535
65535
65535
65535
65535
65535
65535
65535
65535
65535
65535
65535
65535
65535
65535
65535
65535
65535
65535
65535
65535
65535
65535
65535
65535
65535
65535
65535
65535
65535
65535
65535
65535
65535
65535
65535
65535
65535
65535
65535
65535
65535
65535
65535
65535
65535
65535
65535
65535
65535
65535
65535
65535
65535
65535
65535
65535
65535
65535
65535
65535
65535
65535
65535
65535
65535
65535
65535
65535
65535
65535
65535
65535
65535
65535
65535
65535
65535
65535
65535
65535
65535
65535
65535
65535
65535
65535
65535
65535
65535
65535
65535
65535
65535
65535
65535
65535
65535
65535
65535
65535
65535
65535
65535
65535
65535
65535
65535
65535
65535
65535
65535
65535
65535
65535
65535
65535
65535
65535
65535
65535
65535
65535
65535
65535
65535
65535
65535
65535
65535
65535
65535
65535
65535
65535
65535
65535
65535
65535
65535
65535
65535
65535
65535
65535
65535
65535
65535
65535
65535
65535
65535
65535
65535
65535
65535
65535
65535
65535
65535
65535
65535
65535
65535
65535
65535
65535
65535
65535
65535
65535
65535
65535
65535
65535
65535
65535
65535
65535
65535
65535
65535
65535
65535
65535
65535
65535
65535
65535
65535
65535
65535
65535
65535
65535
65535
65535
65535
65535
65535
65535
65535
65535
65535
65535
65535
65535
65535
65535
65535
65535
65535
65535
65535
65535
65535
65535
65535
65535
65535
65535
65535
65535
65535
65535
65535
65535
65535
65535
65535
65535
65535
65535
65535
65535
65535
65535
65535
65535
65535
65535
65535
65535
65535
65535
65535
65535
65535
65535
65535
65535
65535
65535
65535
65535
65535
65535
65535
65535
65535
65535
65535
65535
65535
65535
65535
65535
65535
65535
65535
65535
65535
65535
65535
65535
65535
65535
65535
65535
65535
65535
65535
65535
65535
65535
65535
65535
65535
65535
65535
65535
65535
65535
65535
65535
65535
65535
65535
65535
65535
65535
65535
65535
65535
65535
65535
65535
65535
65535
65535
65535
65535
65535
65535
65535
65535
65535
65535
65535
65535
65535
65535
65535
65535
65535
65535
65535
65535
65535
65535
65535
65535
65535
65535
65535
65535
65535
65535
65535
65535
65535
65535
65535
65535
65535
65535
65535
65535
65535
65535
65535
65535
65535
65535
65535
65535
65535
65535
65535
65535
65535
65535
65535
65535
65535
65535
65535
65535
65535
65535
65535
65535
65535
65535
65535
65535
65535
65535
65535
65535
65535
65535
65535
65535
65535
65535
65535
65535
65535
65535
65535
65535
65535
65535
65535
65535
65535
65535
65535
65535
65535
65535
65535
65535
65535
65535
65535
65535
65535
65535
65535
65535
65535
65535
65535
65535
65535
65535
65535
65535
65535
65535
65535
65535
65535
65535
65535
65535
65535
65535
65535
65535
65535
65535
65535
65535
65535
65535
65535
65535
65535
65535
65535
65535
65535
65535
65535
65535
65535
65535
65535
65535
65535
65535
65535
65535
65535
65535
65535
65535
65535
65535
65535
65535
65535
65535
65535
65535
65535
65535
65535
65535
65535
65535
65535
65535
65535
65535
65535
65535
65535
65535
65535
65535
65535
65535
65535
65535
65535
65535
65535
65535
65535
65535
65535
65535
65535
65535
65535
65535
65535
65535
65535
65535
65535
65535
65535
65535
65535
65535
65535
65535
65535
65535
65535
65535
65535
65535
65535
65535
65535
65535
65535
65535
65535
65535
65535
65535
65535
65535
65535
65535
65535
65535
65535
65535
65535
65535
65535
65535
65535
65535
65535
65535
65535
65535
65535
65535
65535
65535
65535
65535
65535
65535
65535
65535
65535
65535
65535
65535
65535
65535
65535
65535
65535
65535
65535
65535
65535
65535
65535
65535
65535
65535
65535
65535
65535
65535
65535
65535
65535
65535
65535
65535
65535
65535
65535
65535
65535
65535
65535
65535
65535
65535
65535
65535
65535
65535
65535
65535
65535
65535
65535
65535
65535
65535
65535
65535
65535
65535
65535
65535
65535
65535
65535
65535
65535
65535
65535
65535
65535
65535
65535
65535
65535
65535
65535
65535
65535
65535
65535
65535
65535
65535
65535
65535
65535
65535
65535
65535
65535
65535
65535
65535
65535
65535
65535
65535
65535
65535
65535
65535
65535
65535
65535
65535
65535
65535
65535
65535
65535
65535
65535
65535
65535
65535
65535
65535
65535
65535
65535
65535
65535
65535
65535
65535
65535
65535
65535
65535
65535
65535
65535
65535
65535
65535
65535
65535
65535
65535
65535
65535
65535
65535
65535
65535
65535
65535
65535
65535
65535
65535
65535
65535
65535
65535
65535
65535
65535
65535
65535
65535
65535
65535
65535
65535
65535
65535
65535
65535
65535
65535
65535
65535
65535
65535
65535
65535
65535
65535
65535
65535
65535
65535
65535
65535
65535
65535
65535
65535
65535
65535
65535
65535
65535
65535
65535
65535
65535
65535
65535
65535
65535
65535
65535
65535
65535
65535
65535
65535
65535
65535
65535
65535
65535
65535
65535
65535
65535
65535
65535
65535
65535
65535
65535
65535
65535
65535
65535
65535
65535
65535
65535
65535
65535
65535
65535
65535
65535
65535
65535
65535
65535
65535
65535
65535
65535
65535
65535
65535
65535
65535
65535
65535
65535
65535
65535
65535
65535
65535
65535
65535
65535
65535
65535
65535
65535
65535
65535
65535
65535
65535
65535
65535
65535
65535
65535
65535
65535
65535
65535
65535
65535
65535
65535
65535
65535
65535
65535
65535
65535
65535
65535
65535
65535
65535
65535
65535
65535
65535
65535
65535
65535
65535
65535
65535
65535
65535
65535
65535
65535
65535
65535
65535
65535
65535
65535
65535
65535
65535
65535
65535
65535
65535
65535
65535
65535
65535
65535
65535
65535
65535
65535
65535
65535
65535
65535
65535
65535
65535
65535
65535
65535
65535
65535
65535
65535
65535
65535
65535
65535
65535
65535
65535
65535
65535
65535
65535
65535
65535
65535
65535
65535
65535
65535
65535
65535
65535
65535
65535
65535
65535
65535
65535
65535
65535
65535
65535
65535
65535
65535
65535
65535
65535
65535
65535
65535
65535
65535
65535
65535
65535
65535
65535
65535
65535
65535
65535
65535
65535
65535
65535
65535
65535
65535
65535
65535
65535
65535
65535
65535
65535
65535
65535
65535
65535
65535
65535
65535
65535
65535
65535
65535
65535
65535
65535
65535
65535
65535
65535
65535
65535
65535
65535
65535
65535
65535
65535
65535
65535
65535
65535
65535
65535
65535
65535
65535
65535
65535
65535
65535
65535
65535
65535
65535
65535
65535
65535
65535
65535
65535
65535
65535
65535
65535
65535
65535
65535
65535
65535
65535
65535
65535
65535
65535
65535
65535
65535
65535
65535
65535
65535
65535
65535
65535
65535
65535
65535
65535
65535
65535
65535
65535
65535
65535
65535
65535
65535
65535
65535
65535
65535
65535
65535
65535
65535
65535
65535
65535
65535
65535
65535
65535
65535
65535
65535
65535
65535
65535
65535
65535
65535
65535
65535
65535
65535
65535
65535
65535
65535
65535
65535
65535
65535
65535
65535
65535
65535
65535
65535
65535
65535
65535
65535
65535
65535
65535
65535
65535
65535
65535
65535
65535
65535
65535
65535
65535
65535
65535
65535
65535
65535
65535
65535
65535
65535
65535
65535
65535
65535
65535
65535
65535
65535
65535
65535
65535
65535
65535
65535
65535
65535
65535
65535
65535
65535
65535
65535
65535
65535
65535
65535
65535
65535
65535
65535
65535
65535
65535
65535
65535
65535
65535
65535
65535
65535
65535
65535
65535
65535
65535
65535
65535
65535
65535
65535
65535
65535
65535
65535
65535
65535
65535
65535
65535
65535
65535
65535
65535
65535
65535
65535
65535
65535
65535
65535
65535
65535
65535
65535
65535
65535
65535
65535
65535
65535
65535
65535
65535
65535
65535
65535
65535
65535
65535
65535
65535
65535
65535
65535
65535
65535
65535
65535
65535
65535
65535
65535
65535
65535
65535
65535
65535
65535
65535
65535
65535
65535
65535
65535
65535
65535
65535
65535
65535
65535
65535
65535
65535
65535
65535
65535
65535
65535
65535
65535
65535
65535
65535
65535
65535
65535
65535
65535
65535
65535
65535
65535
65535
65535
65535
65535
65535
65535
65535
65535
65535
65535
65535
65535
65535
65535
65535
65535
65535
65535
65535
65535
65535
65535
65535
65535
65535
65535
65535
65535
65535
65535
65535
65535
65535
65535
65535
65535
65535
65535
65535
65535
65535
65535
65535
65535
65535
65535
65535
65535
65535
65535
65535
65535
65535
65535
65535
65535
65535
65535
65535
65535
65535
65535
65535
65535
65535
65535
65535
65535
65535
65535
65535
65535
65535
65535
65535
65535
65535
65535
65535
65535
65535
65535
65535
65535
65535
65535
65535
65535
65535
65535
65535
65535
65535
65535
65535
65535
65535
65535
65535
65535
65535
65535
65535
65535
65535
65535
65535
65535
65535
65535
65535
65535
65535
65535
65535
65535
65535
65535
65535
65535
65535
65535
65535
65535
65535
65535
65535
65535
65535
65535
65535
65535
65535
65535
65535
65535
65535
65535
65535
65535
65535
65535
65535
65535
65535
65535
65535
65535
65535
65535
65535
65535
65535
65535
65535
65535
65535
65535
65535
65535
65535
65535
65535
65535
65535
65535
65535
65535
65535
65535
65535
65535
65535
65535
65535
65535
65535
65535
65535
65535
65535
65535
65535
65535
65535
65535
65535
65535
65535
65535
65535
65535
65535
65535
65535
65535
65535
65535
65535
65535
65535
65535
65535
65535
65535
65535
65535
65535
65535
65535
65535
65535
65535
65535
65535
65535
65535
65535
65535
65535
65535
65535
65535
65535
65535
65535
65535
65535
65535
65535
65535
65535
65535
65535
65535
65535
65535
65535
65535
65535
65535
65535
65535
65535
65535
65535
65535
65535
65535
65535
65535
65535
65535
65535
65535
65535
65535
65535
65535
65535
65535
65535
65535
65535
65535
65535
65535
65535
65535
65535
65535
65535
65535
65535
65535
65535
65535
65535
65535
65535
65535
65535
65535
65535
65535
65535
65535
65535
65535
65535
65535
65535
65535
65535
65535
65535
65535
65535
65535
65535
65535
65535
65535
65535
65535
65535
65535
65535
65535
65535
65535
65535
65535
65535
65535
65535
65535
65535
65535
65535
65535
65535
65535
65535
65535
65535
65535
65535
65535
65535
65535
65535
65535
65535
65535
65535
65535
65535
65535
65535
65535
65535
65535
65535
65535
65535
65535
65535
65535
65535
65535
65535
65535
65535
65535
65535
65535
65535
65535
65535
65535
65535
65535
65535
65535
65535
65535
65535
65535
65535
65535
65535
65535
65535
65535
65535
65535
65535
65535
65535
65535
65535
65535
65535
65535
65535
65535
65535
65535
65535
65535
65535
65535
65535
65535
65535
65535
65535
65535
65535
65535
65535
65535
65535
65535
65535
65535
65535
65535
65535
65535
65535
65535
65535
65535
65535
65535
65535
65535
65535
65535
65535
65535
65535
65535
65535
65535
65535
65535
65535
65535
65535
65535
65535
65535
65535
65535
65535
65535
65535
65535
65535
65535
65535
65535
65535
65535
65535
65535
65535
65535
65535
65535
65535
65535
65535
65535
65535
65535
65535
65535
65535
65535
65535
65535
65535
65535
65535
65535
65535
65535
65535
65535
65535
65535
65535
65535
65535
65535
65535
65535
65535
65535
65535
65535
65535
65535
65535
65535
65535
65535
65535
65535
65535
65535
65535
65535
65535
65535
65535
65535
65535
65535
65535
65535
65535
65535
65535
65535
65535
65535
65535
65535
65535
65535
65535
65535
65535
65535
65535
65535
65535
65535
65535
65535
65535
65535
65535
65535
65535
65535
65535
65535
65535
65535
65535
65535
65535
65535
65535
65535
65535
65535
65535
65535
65535
65535
65535
65535
65535
65535
65535
65535
65535
65535
65535
65535
65535
65535
65535
65535
65535
65535
65535
65535
65535
65535
65535
65535
65535
65535
65535
65535
65535
65535
65535
65535
65535
65535
65535
65535
65535
65535
65535
65535
65535
65535
65535
65535
65535
65535
65535
65535
65535
65535
65535
65535
65535
65535
65535
65535
65535
65535
65535
65535
65535
65535
65535
65535
65535
65535
65535
65535
65535
65535
65535
65535
65535
65535
65535
65535
65535
65535
65535
65535
65535
65535
65535
65535
65535
65535
65535
65535
65535
65535
65535
65535
65535
65535
65535
65535
65535
65535
65535
65535
65535
65535
65535
65535
65535
65535
65535
65535
65535
65535
65535
65535
65535
65535
65535
65535
65535
65535
65535
65535
65535
65535
65535
65535
65535
65535
65535
65535
65535
65535
65535
65535
65535
65535
65535
65535
65535
65535
65535
65535
65535
65535
65535
65535
65535
65535
65535
65535
65535
65535
65535
65535
65535
65535
65535
65535
65535
65535
65535
65535
65535
65535
65535
65535
65535
65535
65535
65535
65535
65535
65535
65535
65535
65535
65535
65535
65535
65535
65535
65535
65535
65535
65535
65535
65535
65535
65535
65535
65535
65535
65535
65535
65535
65535
65535
65535
65535
65535
65535
65535
65535
65535
65535
65535
65535
65535
65535
65535
65535
65535
65535
65535
65535
65535
65535
65535
65535
65535
65535
65535
65535
65535
65535
65535
65535
65535
65535
65535
65535
65535
65535
65535
65535
65535
65535
65535
65535
65535
65535
65535
65535
65535
65535
65535
65535
65535
65535
65535
65535
65535
65535
65535
65535
65535
65535
65535
65535
65535
65535
65535
65535
65535
65535
65535
65535
65535
65535
65535
65535
65535
65535
65535
65535
65535
65535
65535
65535
65535
65535
65535
65535
65535
65535
65535
65535
65535
65535
65535
65535
65535
65535
65535
65535
65535
65535
65535
65535
65535
65535
65535
65535
65535
65535
65535
65535
65535
65535
65535
65535
65535
65535
65535
65535
65535
65535
65535
65535
65535
65535
65535
65535
65535
65535
65535
65535
65535
65535
65535
65535
65535
65535
65535
65535
65535
65535
65535
65535
65535
65535
65535
65535
65535
65535
65535
65535
65535
65535
65535
65535
65535
65535
65535
65535
65535
65535
65535
65535
65535
65535
65535
65535
65535
65535
65535
65535
65535
65535
65535
65535
65535
65535
65535
65535
65535
65535
65535
65535
65535
65535
65535
65535
65535
65535
65535
65535
65535
65535
65535
65535
65535
65535
65535
65535
65535
65535
65535
65535
65535
65535
65535
65535
65535
65535
65535
65535
65535
65535
65535
65535
65535
65535
65535
65535
65535
65535
65535
65535
65535
65535
65535
65535
65535
65535
65535
65535
65535
65535
65535
65535
65535
65535
65535
65535
65535
65535
65535
65535
65535
65535
65535
65535
65535
65535
65535
65535
65535
65535
65535
65535
65535
65535
65535
65535
65535
65535
65535
65535
65535
65535
65535
65535
65535
65535
65535
65535
65535
65535
65535
65535
65535
65535
65535
65535
65535
65535
65535
65535
65535
65535
65535
65535
65535
65535
65535
65535
65535
65535
65535
65535
65535
65535
65535
65535
65535
65535
65535
65535
65535
65535
65535
65535
65535
65535
65535
65535
65535
65535
65535
65535
65535
65535
65535
65535
65535
65535
65535
65535
65535
65535
65535
65535
65535
65535
65535
65535
65535
65535
65535
65535
65535
65535
65535
65535
65535
65535
65535
65535
65535
65535
65535
65535
65535
65535
65535
65535
65535
65535
65535
65535
65535
65535
65535
65535
65535
65535
65535
65535
65535
65535
65535
65535
65535
65535
65535
65535
65535
65535
65535
65535
65535
65535
65535
65535
65535
65535
65535
65535
65535
65535
65535
65535
65535
65535
65535
65535
65535
65535
65535
65535
65535
65535
65535
65535
65535
65535
65535
65535
65535
65535
65535
65535
65535
65535
65535
65535
65535
65535
65535
65535
65535
65535
65535
65535
65535
65535
65535
65535
65535
65535
65535
65535
65535
65535
65535
65535
65535
65535
65535
65535
65535
65535
65535
65535
65535
65535
65535
65535
65535
65535
65535
65535
65535
65535
65535
65535
65535
65535
65535
65535
65535
65535
65535
65535
65535
65535
65535
65535
65535
65535
65535
65535
65535
65535
65535
65535
65535
65535
65535
65535
65535
65535
65535
65535
65535
65535
65535
65535
65535
65535
65535
65535
65535
65535
65535
65535
65535
65535
65535
65535
65535
65535
65535
65535
65535
65535
65535
65535
65535
65535
65535
65535
65535
65535
65535
65535
65535
65535
65535
65535
65535
65535
65535
65535
65535
65535
65535
65535
65535
65535
65535
65535
65535
65535
65535
65535
65535
65535
65535
65535
65535
65535
65535
65535
65535
65535
65535
65535
65535
65535
65535
65535
65535
65535
65535
65535
65535
65535
65535
65535
65535
65535
65535
65535
65535
65535
65535
65535
65535
65535
65535
65535
65535
65535
65535
65535
65535
65535
65535
65535
65535
65535
65535
65535
65535
65535
65535
65535
65535
65535
65535
65535
65535
65535
65535
65535
65535
65535
65535
65535
65535
65535
65535
65535
65535
65535
65535
65535
65535
65535
65535
65535
65535
65535
65535
65535
65535
65535
65535
65535
65535
65535
65535
65535
65535
65535
65535
65535
65535
65535
65535
65535
65535
65535
65535
65535
65535
65535
65535
65535
65535
65535
65535
65535
65535
65535
65535
65535
65535
65535
65535
65535
65535
65535
65535
65535
65535
65535
65535
65535
65535
65535
65535
65535
65535
65535
65535
65535
65535
65535
65535
65535
65535
65535
65535
65535
65535
65535
65535
65535
65535
65535
65535
65535
65535
65535
65535
65535
65535
65535
65535
65535
65535
65535
65535
65535
65535
65535
65535
65535
65535
65535
65535
65535
65535
65535
65535
65535
65535
65535
65535
65535
65535
65535
65535
65535
65535
65535
65535
65535
65535
65535
65535
65535
65535
65535
65535
65535
65535
65535
65535
65535
65535
65535
65535
65535
65535
65535
65535
65535
65535
65535
65535
65535
65535
65535
65535
65535
65535
65535
65535
65535
65535
65535
65535
65535
65535
65535
65535
65535
65535
65535
65535
65535
65535
65535
65535
65535
65535
65535
65535
65535
65535
65535
65535
65535
65535
65535
65535
65535
65535
65535
65535
65535
65535
65535
65535
65535
65535
65535
65535
65535
65535
65535
65535
65535
65535
65535
65535
65535
65535
65535
65535
65535
65535
65535
