0
0
0
0
0
0
0
0
0
0
0
0
0
0
0
0
0
0
0
0
0
0
0
0
0
0
0
0
0
0
0
0
0
0
0
0
0
0
0
0
0
0
0
0
0
0
0
0
0
0
0
0
0
0
0
0
0
0
0
0
0
0
0
0
0
0
0
0
0
0
0
0
0
0
0
0
0
0
0
0
0
0
0
0
0
0
0
0
0
0
0
0
0
0
0
0
0
0
0
0
0
0
0
0
0
0
0
0
0
0
0
0
0
0
0
0
0
0
0
0
0
0
0
0
0
0
0
0
0
0
0
0
0
0
0
0
0
0
0
0
0
0
0
0
0
0
0
0
0
0
0
0
0
0
0
0
0
0
0
0
0
0
0
0
0
0
0
0
0
0
0
0
0
0
0
0
0
0
0
0
0
0
0
0
0
0
0
0
0
0
0
0
0
0
0
0
0
0
0
0
0
0
0
0
0
0
0
0
0
0
0
0
0
0
0
0
0
0
0
0
0
0
0
0
0
0
0
0
0
0
0
0
0
0
0
0
0
0
0
0
0
0
0
0
0
0
0
0
0
0
0
0
0
0
0
0
0
0
0
0
0
0
0
0
0
0
0
0
0
0
0
0
0
0
0
0
0
0
0
0
0
0
0
0
0
0
0
0
0
0
0
0
0
0
0
0
0
0
0
0
0
0
0
0
0
0
0
0
0
0
0
0
0
0
0
0
0
0
0
0
0
0
0
0
0
0
0
0
0
0
0
0
0
0
0
0
0
0
0
0
0
0
0
0
0
0
0
0
0
0
0
0
0
0
0
0
0
0
0
0
0
0
0
0
0
0
0
0
0
0
0
0
0
0
0
0
0
0
0
0
0
0
0
0
0
0
0
0
0
0
0
0
0
0
0
0
0
0
0
0
0
0
0
20584
54182
29813
42828
18459
10890
48273
65072
33134
25564
38579
6641
40239
36454
28885
45684
62483
38115
51129
2392
64143
28421
268
13282
50665
43095
35526
27957
16602
33402
1464
55646
27492
44291
53521
62751
55181
47612
23243
15674
45487
58502
30349
43363
11425
7640
61822
33669
50468
1731
31545
40774
36990
29420
63018
14281
27296
64679
53324
25171
54985
39846
56645
41506
33937
22583
52396
65410
9104
25903
38917
48147
19994
33008
46023
34669
23314
36329
4391
17405
51003
26635
15281
24510
37525
26171
14817
27831
61429
8907
18137
10568
27367
36596
53395
42041
58840
47486
60501
11764
20993
58376
50807
2070
60036
65481
54127
22189
52003
40649
36864
29295
42309
6586
43969
12031
4462
38060
6122
35936
3998
58180
30026
63624
52270
61500
37132
5194
42577
18208
31222
40452
32883
49682
30758
39988
56787
28634
41648
13495
5925
35739
7586
24385
61768
29830
39059
48289
20136
16351
8782
59179
55394
64624
57054
4533
41916
9978
22992
36007
7853
41451
37667
50681
56126
48557
16619
12834
9049
42647
38863
31293
23724
8585
21600
51413
23260
64427
11906
21135
58518
30365
2212
15226
7657
20671
9317
42915
35346
44575
16422
33221
25652
18082
55465
47896
15958
49556
41987
51216
39862
24723
50752
18814
52412
41058
29704
42718
38934
35149
44379
12441
25455
17886
51484
40130
32560
24991
9852
26651
56465
45111
13173
29972
42986
35417
52216
24063
12708
29507
51752
40397
25259
17689
23134
32364
24794
41593
50823
18885
35684
44914
50359
10852
65033
46110
34756
30971
40201
28847
54875
19153
45182
33827
1890
35488
48502
40933
53947
59392
6870
19885
4746
34559
43789
49234
62248
2157
60124
3817
29846
42860
39076
23937
12583
46181
14243
6674
40272
45717
30578
2425
28453
37683
43128
48573
12850
1496
51893
12386
1032
2692
4353
50965
60195
45056
54286
63515
7209
65175
42467
27328
36558
45788
6280
56678
45323
5816
31845
61658
1567
10797
57409
34701
40146
28792
9868
11529
37557
1835
65246
8940
55553
64782
58873
47519
442
63854
3763
57945
26007
59605
36897
1174
55356
40217
13724
32183
41413
18705
48518
33380
63193
48054
8547
34576
28666
54695
63925
13063
55891
36968
59212
15920
6226
28470
22561
65388
50250
31326
29202
14063
24953
60211
24488
22364
44608
21900
23560
45804
51249
49125
56230
9153
64995
59086
56962
34253
56497
59818
40894
59354
57229
34521
60550
2119
57961
39037
53712
47803
21310
26755
262
43090
40965
22042
44286
58960
53051
54711
52587
63477
8831
27290
8367
23041
13347
52390
5314
23773
4849
2725
30414
33734
24041
63084
49605
43696
9634
3724
29753
20059
43963
13686
3992
52265
50140
44231
30753
47087
44963
7116
1207
32680
39786
9508
5259
32948
40053
26575
41249
10972
5062
28967
39857
33947
56191
1545
40588
43909
26646
58119
31626
42516
62636
49157
43248
33554
36875
60779
30501
61975
27913
63171
25324
37874
24395
27716
51620
17558
41462
44783
16165
23270
63974
58065
61385
55476
53351
43658
37748
61653
27590
34696
51030
46781
37088
6810
38284
52958
7542
55814
30982
9934
13254
65312
6881
10201
9737
20627
3364
23483
64187
14986
5292
36765
56885
22823
9344
33248
60937
58813
382
31856
22162
29267
8219
28338
27874
55563
17716
24821
3773
59615
57491
23429
38103
56563
43084
53974
29141
47601
58490
24428
35318
5040
53313
7897
35586
29676
61150
23303
21179
45083
31604
42494
32800
24767
24302
36853
2790
62417
35924
17001
24106
63149
49670
36192
15144
29818
65077
59168
53258
39780
9502
65344
51866
45957
2665
24909
22784
37459
65148
38655
32746
47420
20927
63755
46492
19999
4860
60702
9841
11501
54329
40850
59310
32817
26907
37797
41118
42778
57453
55328
32620
6127
32156
26247
61505
38797
19873
38333
39993
9715
21
1682
65093
62969
44045
49490
64165
62040
27978
5270
27514
57327
17820
28710
19016
41260
31566
53810
38671
57130
17623
64236
360
46972
52417
5341
23800
1092
51489
21211
19087
54345
26192
24068
8929
51756
21479
26924
45383
18890
3751
50364
55809
61254
62914
43990
698
47311
28387
50631
39277
20354
29583
59397
57272
966
51363
60593
502
9732
11392
61789
14712
44526
29387
31047
15908
769
51167
52827
5750
56147
37224
63253
48114
36760
1037
30850
60664
4358
9802
11463
41276
13123
55951
20228
8874
34903
15979
49577
58807
39884
376
30190
11266
41080
22156
27601
20032
57414
46060
34706
43936
25012
54826
22888
52701
180
22424
27869
12730
46328
31189
64787
32849
4696
51309
36170
45399
54629
2107
31921
37366
18442
10873
36902
21763
30992
19638
53236
41882
51112
35973
48988
17050
22495
31724
61538
46399
38829
27475
29136
21566
47595
32456
21102
26547
11408
28207
13068
46666
10944
20174
25618
14264
2910
36508
25154
47398
52843
20905
30135
18781
52379
3642
50255
14532
3178
53575
1053
34652
43881
53111
37972
47202
56431
48862
16924
29938
18584
27814
40828
12675
25689
18120
10551
19780
32795
42024
55039
2517
32330
393
9622
60019
7498
44881
33526
22172
14603
7034
16263
1124
55306
64536
56966
41828
26689
60287
20780
5641
63607
24100
57698
25760
38775
23636
32866
25296
928
10157
64339
60555
32401
4248
34062
26492
18923
48736
41167
50396
42827
27688
65071
33133
25564
62947
31009
64607
36454
45683
13745
30545
6176
64143
35989
7836
24635
267
13281
5712
1927
39310
31741
65339
33401
25831
38846
31276
6908
44291
12353
25367
62750
58965
10228
2659
19458
36257
49271
45487
17334
34133
5979
43362
35793
11424
52592
24439
61822
9300
26099
42898
59697
55912
7175
20190
12620
8836
25635
63018
59233
34864
51664
27295
40309
32740
4587
62553
34400
6247
23046
64214
11692
49075
41505
37721
13352
9568
22582
15012
31812
3658
61625
12888
29687
22118
35132
51931
44362
12424
4854
62821
14084
6515
43897
36328
28759
605
62357
54787
6050
43433
60232
35864
48878
45094
37524
50538
22385
39184
31615
3462
40845
57644
8907
1337
42505
63089
34935
31151
47950
60964
53395
4658
873
13887
55055
6318
19332
56715
7978
49146
17208
30222
43237
15083
7514
65481
61696
12959
29758
46557
38988
31418
3265
61232
57447
46093
62892
59107
10370
47753
64552
12031
4461
21260
17476
30490
43504
39720
11566
28365
41380
50609
46825
39255
31686
3533
40916
57715
29561
25777
63160
10638
27437
40451
8513
4729
17743
51341
23188
36202
49217
4265
45432
13494
5925
63891
60107
11370
48753
16
37398
54198
29829
26044
22260
18475
35274
31489
27705
23920
61303
53733
4996
18011
34810
27240
44039
40255
12102
49484
21331
62499
54929
26776
39791
11637
28436
24652
283
58250
50680
22527
59910
7388
65355
37202
33417
1479
18278
31293
3140
16154
32953
4800
21599
17814
58982
51412
64427
11905
28704
62302
9780
47163
60178
52608
3871
87
33685
42914
59713
10977
23991
61374
33221
21866
31096
23527
12173
45771
58785
30632
2479
64230
32292
45306
37737
30168
59981
48627
65426
50287
18349
6995
23794
16225
4871
34684
10316
23330
60713
49359
38005
13636
22866
15296
32095
3942
20741
37540
9387
42985
31631
48430
40861
57660
29507
42521
55536
47966
36612
25258
13904
2550
32363
425
13440
30239
35684
24329
12975
50358
39004
10851
3281
36880
4942
14171
43985
32631
25061
38076
47305
11583
61980
54410
63640
31702
44717
12779
25793
38807
27453
16099
29114
55142
19420
28649
58463
26525
15171
24400
33630
39075
65104
33166
1228
27257
12118
41931
30577
64175
24668
54481
35558
3620
54017
63247
27524
4816
14046
19491
28720
41735
26596
15242
24471
1763
20223
5084
14313
23543
28988
55017
39878
24739
30184
7476
16705
50304
10796
53624
55284
36361
58605
39681
61925
63585
61461
1370
6815
29059
51303
15580
58408
39485
37360
18437
7083
8743
55355
49446
43537
17044
59872
16580
63192
36699
30790
24881
39556
48
1709
61335
55426
10010
49053
26345
3636
25880
19971
30861
45536
48856
5564
20239
38698
49588
15526
63798
42750
4903
56961
11544
39233
50123
12276
23166
2118
9223
57496
57032
4046
14936
18256
25362
17328
54247
25629
12151
24701
24236
61155
49337
41303
16470
53389
58370
18398
27164
39714
65278
29092
30288
5455
62957
43570
44766
25378
34143
10971
4597
58315
51942
34214
18611
32822
13434
3276
62438
52280
49692
26519
25591
28447
3150
15236
14308
41532
16236
2293
50101
50833
42335
35498
2631
39086
54956
33444
58544
34908
2041
60740
57687
34050
6629
40959
50920
60882
25891
39637
55044
29283
43029
9698
57042
55650
35334
35601
39654
26907
59112
52275
63896
47365
43848
23532
33029
27387
16301
53951
3357
27529
12658
27600
16514
29796
3570
42881
16656
53842
62875
60554
22974
70
5318
21920
47752
47092
31756
5067
4406
11314
42591
58730
58069
57408
47518
13259
34842
26612
37305
45874
1921
15935
37518
62886
31947
45961
52405
29036
59849
9987
12647
3952
15842
39085
7682
12002
12537
20642
8163
46081
52061
48812
60237
38064
62503
64698
63109
46381
6945
3231
63393
22297
24028
56037
57768
46485
7048
23919
51678
17687
36217
63977
50106
23684
56888
41821
46872
12881
14148
54922
35606
27179
50690
63311
19161
59471
13662
11608
44349
200
34600
52202
32421
38669
52486
767
5355
48985
32525
19849
23972
4192
42377
37271
19150
10723
46784
63922
60476
31001
48139
53458
40318
34747
49761
62649
51170
56489
43813
11750
34332
2269
24387
24261
18691
35364
44468
51448
55107
44091
36396
21132
17222
56139
24075
36964
28805
20646
22180
36729
52938
9521
14376
15911
45134
10946
27155
2197
5392
38400
31901
48110
47056
12404
56302
27095
35271
618
1689
6544
1705
27144
20181
43495
63489
53670
39601
3289
37957
12535
11945
39044
43899
13032
21671
39077
17903
54696
29738
19918
56247
21595
57923
8132
41141
1044
13004
23304
24374
33014
13501
10786
8072
25942
21567
39436
59430
55056
15423
27847
4549
46787
26810
50124
30611
1868
25646
688
16897
2829
56421
7094
23303
30283
63755
62701
32298
13249
12659
15854
26618
35722
56180
50145
53340
13707
15242
52499
24220
16061
47873
4920
44302
27377
48299
51958
31249
8879
46601
14537
24105
36994
9179
24193
37546
22745
9605
54896
64464
14406
61357
4925
24187
28310
2620
31112
46589
315
42286
22505
16934
58904
29894
2543
5007
41532
19626
23750
54366
24891
35388
468
6716
31887
25585
35617
38544
4089
53628
249
12871
49396
13280
57375
11565
44770
57391
54874
63246
49838
35966
11205
40625
38107
37714
3723
16344
47888
4667
51351
11914
39674
35961
20893
22624
2111
18981
593
43492
15410
13356
54595
49221
45507
8195
21745
61787
63983
6087
23421
33186
41291
41826
19653
25633
48876
54856
33148
35343
54802
59122
57997
37948
48177
62191
36697
43142
43677
1384
32197
55441
39177
40176
24377
23252
28036
12236
46834
59187
45512
3683
57205
43529
29854
38423
17178
50116
17981
11875
22569
8894
51060
44955
27495
38188
64020
37331
63163
14229
15693
62109
39204
27653
32901
57073
21154
15048
56019
26009
57750
53769
27544
63070
29275
17724
19652
51393
64675
62818
59301
23846
46358
53731
50214
35342
54069
46768
30236
39733
56800
8331
49766
14311
38947
61923
39946
2831
1438
16845
49050
15720
47925
14595
13202
8025
14201
53976
41230
23038
3186
54315
6310
31410
54386
60563
62955
65347
17342
6719
9111
20733
51278
21733
56062
56794
48296
36014
12377
9324
51224
44386
45118
32835
41137
53223
57739
58471
34834
5753
14054
5556
36565
31852
10340
31656
26943
10875
54899
61540
53042
12607
60415
38903
41759
40831
56701
25959
21246
61485
52988
3322
21317
40973
42169
63948
33207
47417
25905
64484
45096
21924
47488
41115
6588
28368
38794
43774
29831
19673
5731
6927
32491
20673
21869
64232
28046
4873
13639
7265
8461
21011
39006
30973
22939
14906
27456
11853
34
62982
34364
50699
33436
59000
9799
50503
25670
4622
24741
9138
21689
34239
46789
21956
21492
9674
9209
33114
12066
48984
31721
55625
42147
4300
48788
35309
42414
57089
64194
50716
63266
8620
32524
19045
46734
37040
51715
38236
389
24294
48198
2781
51054
48930
31666
25757
53446
15599
9690
48733
46609
40699
62943
28881
60355
13278
27953
63211
57302
43823
30345
24436
63479
61354
38646
36521
13813
52856
37717
56177
57837
48143
42234
19526
54784
52660
50535
31612
53856
10564
36592
49607
55052
60497
34004
31879
9171
35200
12492
55319
56980
9903
11563
9439
56051
37128
14419
49678
2601
4261
26505
20596
46625
3333
4993
2869
49481
6189
56586
17079
43108
44768
22060
48089
8581
2672
56854
9777
52605
50481
59710
29433
10509
57122
25184
10045
36074
24719
46963
28040
57853
18346
64959
49820
27112
32556
41786
2279
52676
45107
9384
18614
7260
37073
18149
6795
8456
34484
19345
41589
2082
11312
20542
5403
48230
33092
59120
32627
54871
56532
24594
5670
35484
61512
22005
31235
61048
62708
19416
49230
47105
31967
37412
14703
20148
1225
10454
53282
13775
64172
4081
43124
20416
22076
27521
12382
1028
47641
32502
54746
35822
5545
10990
57602
14310
64707
21415
30645
56674
41535
46980
44855
25932
44391
25468
51496
15774
58601
64046
3955
5616
31644
33305
59333
19826
49639
47515
8008
58405
39481
7543
54156
14649
16309
10400
12060
13720
60333
61993
43069
40945
55620
61065
34572
36232
62261
7614
5490
65117
18040
60868
34375
15451
37695
18772
33447
6954
62796
36303
58547
60207
9346
52173
5097
51709
38231
11738
54566
44872
42747
53637
23359
38034
32125
43015
12737
6828
4704
19378
62206
31928
59617
17985
49459
19182
37641
52315
1454
53511
19449
50923
37444
40765
34856
38176
52851
18788
46477
53582
51458
13611
58099
65204
27357
62615
4185
28089
31409
55314
34266
61955
57706
57242
11825
56313
39050
38586
49475
45227
52332
51868
21590
8111
58044
33212
57116
56652
39388
1541
55259
58579
13163
29498
58847
41584
16751
33086
64560
64095
56062
3076
60578
39530
63435
62970
62506
20874
16625
42190
62310
5539
46242
41993
50759
38940
47706
56471
16500
10126
60059
44456
8270
9466
63183
30781
63915
42867
47848
11661
20427
32977
24943
46723
31120
15517
41081
62861
54827
1842
27406
62200
59612
53238
63664
19908
11874
24424
49989
788
59950
3180
43883
7696
50060
43686
52452
46078
22906
3518
62681
63877
3322
25101
43096
6910
45488
55914
12158
9569
48148
21191
13157
46291
7980
46559
36401
214
42578
6391
31955
4998
15424
40988
47629
11442
5069
43648
65428
14102
43451
46308
56733
29776
51556
28384
10656
32436
22278
38613
6210
61588
23277
48842
55483
32310
9138
51501
24544
6817
4228
10869
49448
59873
16117
54696
65122
782
35576
17849
35844
29470
34451
7494
33058
54838
31666
25292
9689
7101
54909
20383
21579
15205
14277
39841
16669
40109
16936
31147
45357
25969
60764
41376
35002
15615
41179
44036
62031
18274
4332
50480
4599
54532
16221
15292
12704
58852
3742
21737
22933
20344
21540
22736
8793
43588
61583
27056
35822
37018
58797
18826
27591
28787
54352
63117
52959
12988
59136
48978
12791
29126
9738
39087
6685
32250
20432
49781
47192
59742
36570
17182
38962
6560
11540
33320
21502
22698
48262
36444
37640
18252
55171
47137
35319
64668
45281
33462
42228
50993
48404
36586
49136
61686
62882
58633
31676
44226
32408
6
36925
4523
45226
40977
57312
13556
42905
6718
2469
18804
31354
51474
37995
9378
46296
42047
62167
9181
46100
8253
5664
29568
8520
32424
28176
44510
32692
7859
65362
64898
64433
22802
35352
51687
51222
5806
63308
62844
49365
7734
63576
25729
49633
8001
15107
59595
38547
21283
48972
20355
19891
10197
13517
33637
33173
64646
19230
26335
12856
40545
2698
30387
33708
65181
2966
26870
62129
3698
20033
34707
645
35903
1841
16516
51774
10142
9678
48721
63396
53702
36438
60343
18711
9017
19907
6428
58486
61806
44543
55433
58753
49060
59949
54040
40562
34653
32528
6035
37509
27815
46274
57164
55040
7963
18853
33528
48202
62877
28814
26690
37580
48470
42561
29082
60556
54646
24369
35259
8766
55378
53254
22976
37651
27957
18263
57306
6445
4320
22780
71
18531
57574
23511
34401
56645
41506
56181
29688
31348
8640
6516
53128
9836
28296
22386
57645
51736
12228
38257
52932
5855
48683
37329
14620
16281
30955
45630
35936
33811
35472
29563
31223
29098
51342
53003
30294
28170
5462
52074
21796
23457
45701
64160
49021
1945
65356
1480
23724
45968
15691
37935
26581
11442
29901
27777
25652
55466
57126
17619
56662
9585
3676
63303
36810
42255
8192
54805
60250
33757
31632
63106
12245
10120
45378
30240
24331
63374
44450
59125
57000
9924
45182
43057
61517
48038
62713
32435
58464
39540
61784
63445
61320
62980
36487
13779
45253
22545
20420
59463
32970
6477
28721
2228
104
14779
29453
51697
21420
19295
41539
35630
29721
51965
29257
47716
639
22883
45127
18634
20295
55553
29060
39950
41610
35701
46591
40682
55356
12064
47323
37629
56088
22026
57284
47590
45466
18973
50447
49982
19705
30595
58284
3637
3173
46001
56891
30398
24489
55962
50053
44144
17651
32326
18847
5369
40627
59086
12010
47268
46804
12741
23631
34521
45411
7564
5440
16330
40234
6171
33860
37181
23702
34592
53052
35788
1726
10491
41965
49070
18793
57836
23773
10295
21185
48874
42964
53854
32806
52926
2065
50337
36859
55318
62423
208
11098
14418
939
32413
31949
35269
59174
4528
56585
11169
10704
34609
2206
54264
33216
47891
26843
2010
46498
1081
53139
39660
26182
29502
885
24789
16755
20076
43980
19147
1884
25788
17755
62243
61779
44515
27252
23003
1955
18290
62778
8132
28252
59725
10524
38213
17165
29715
57404
45586
11523
7275
47978
47514
26466
29786
21752
58671
41408
20360
19896
8077
44
40747
47852
23020
31785
55689
42211
28732
24483
40818
29000
24751
61669
29267
23358
64061
59812
14396
58884
9683
5434
1185
41888
20840
61544
29142
4309
26089
36979
12146
7897
61615
57366
40102
15270
48404
51724
2523
63810
44422
60757
202
50135
49671
470
44958
16340
12091
49010
57775
45957
24909
1737
55454
47421
22588
18339
59042
62363
9377
18142
34477
18874
35209
30960
15357
31692
23658
8055
16821
59184
2414
63701
27514
2681
52614
16428
45777
33958
16695
62843
58594
26192
14374
47508
50828
63379
14177
9928
5680
63182
34565
56344
23942
60861
47382
59932
63253
14052
47186
10999
64717
64252
7482
40616
15783
48917
37099
912
58414
1644
55361
26744
56093
40490
11873
37437
29404
4571
49059
57824
32992
40097
32063
48398
44149
15532
28082
31402
30938
17460
37579
53914
49665
34062
59627
31009
43559
11157
3124
32473
28224
40774
60894
43630
15013
14549
34668
45558
142
53859
53395
52931
3730
31419
6586
26706
22457
14423
55126
9710
42844
1212
9977
30097
1480
58982
62303
16886
44575
57125
32292
65426
16225
56929
60249
44646
44182
43718
63837
18421
21741
45645
45181
37148
16100
23205
60123
63444
51626
39807
59927
63247
55214
62319
20687
10993
55481
2495
46983
46519
53624
53160
174
27863
14385
29059
24810
52499
7083
51571
30523
54427
3566
44269
40020
60140
55891
6690
30594
33914
33450
53570
45536
120
55962
14330
38234
30201
3708
35181
62870
28808
26684
26219
8956
27415
23166
30272
54176
8759
57032
60353
9491
29611
57300
19453
34127
65
31539
27290
17596
333
11222
18328
21648
32538
22844
29949
20256
31145
13882
404
28093
35198
14150
49408
60298
1867
16542
48015
55121
47087
50408
61297
6651
38125
28431
56120
38857
45962
19469
50943
61833
35340
29431
57119
2473
17148
35607
16684
10775
21665
36339
37999
52674
39195
53870
64760
55066
4205
39463
57922
3276
21735
40195
58654
7793
26252
3544
55601
49692
55137
4276
2151
41194
55869
33161
10452
62510
28447
46907
65366
63242
4811
51423
49299
26591
32036
33696
55940
57600
10523
53351
58796
28518
26394
41069
42729
44389
46049
51494
15772
9863
19092
169
42996
3489
50102
10594
36623
10130
56743
17235
2096
52494
57939
18431
65044
38551
23412
62455
22948
32177
9469
31713
53957
10665
40479
13986
15646
13522
39550
16842
63455
20163
25607
64651
41942
23019
49048
30124
56153
65382
9076
35105
19966
1042
2703
49315
9808
60205
58081
59741
20234
63061
27339
4630
51243
39889
24750
54563
35640
65453
46530
51975
33051
62865
43941
21233
26678
52707
9415
14860
20305
46333
10611
44209
53438
17716
6362
60544
453
9682
18912
28142
16787
26017
14663
27677
61275
53706
38567
47797
49457
58687
43548
28409
13270
39299
3576
12806
22036
55634
23696
8557
42155
34586
23232
15662
49260
37906
47136
31997
45012
13074
63471
31533
65131
25624
31069
60882
4576
17590
26820
36050
41494
9557
59954
28016
54045
59490
27552
16198
49796
14073
47671
36317
41762
30408
19054
11484
3915
16929
26159
55972
37049
8896
1326
55508
47939
29015
62613
51259
64274
32336
62149
9628
22642
35656
24302
37317
1594
14608
16269
25498
59096
6575
23374
12020
49402
38048
6110
47278
11555
3986
17000
30015
63613
7306
33335
18196
31211
64809
12287
21517
10163
43761
28622
24837
58435
5914
63880
60096
48742
20588
54187
46617
59632
27694
65076
57507
49938
62952
14215
6646
19660
49473
21320
54918
47349
64148
32210
272
33870
5717
63684
11162
24177
12822
25837
22052
51865
48081
61095
49741
21588
58971
47617
60631
28693
41707
5985
63951
56382
3860
45028
58042
26104
55918
23980
40779
33210
50009
21855
18071
51669
44099
36530
53329
62559
51205
60434
28496
41511
50740
22587
35602
7448
16678
29692
18338
55721
27568
16214
8644
42243
10305
23319
11965
28764
62362
51008
22855
11501
24515
54329
22391
55989
40850
50080
46295
21926
14357
31156
19802
57185
49615
42046
30692
64290
52936
414
54596
5859
43242
60041
31888
44902
54132
1610
14625
48223
16285
4931
17945
51543
2806
36404
25050
62433
30495
22926
11572
48955
17017
30031
39261
52275
20337
33352
29567
63165
35012
27442
19873
29103
62701
6394
39993
53007
4270
17284
26514
63897
15160
48758
54203
1681
59648
23925
8786
1217
55399
2877
15892
4538
17552
51150
19212
52810
17088
9518
63700
11178
12839
42652
31298
3145
16159
8590
42188
14035
47633
36279
556
26585
56398
3877
13106
22336
31566
61379
8857
42456
59255
51685
44116
12178
45776
13838
19283
28513
13374
2020
11249
20479
5340
59522
20015
29245
34690
2752
32565
17426
47240
15302
3948
16962
1823
35421
24067
37082
33297
42527
10589
64771
8464
62646
6340
43723
28584
37813
54612
63842
52488
12981
14641
20086
12516
14177
6607
40205
21282
30512
56540
234
30047
39277
7339
20353
8999
63181
55612
23674
8535
62717
55148
23210
11856
17301
47114
35760
41205
5482
7143
29387
64645
49506
47382
41472
18764
16640
42668
23745
12391
14051
36295
21156
39616
48845
54290
14783
8874
10534
28993
55022
39883
33974
60003
12926
42739
16247
42275
27136
8213
54825
19103
61931
18639
48452
8945
10605
25280
47524
21031
63858
16782
55825
36901
55361
2839
25083
6159
24619
26279
40954
35044
61073
17781
4303
56360
13068
27743
42417
15924
13800
60412
62073
56163
33455
4838
55235
11943
43417
20708
48397
5105
44148
47469
45344
63804
20512
35186
17923
12014
54842
52717
33794
27885
25760
3052
30741
52985
65535
65535
65535
65535
65535
65535
65535
65535
65535
65535
65535
65535
65535
65535
65535
65535
65535
65535
65535
65535
65535
65535
65535
65535
65535
65535
65535
65535
65535
65535
65535
65535
65535
65535
65535
65535
65535
65535
65535
65535
65535
65535
65535
65535
65535
65535
65535
65535
65535
65535
65535
65535
65535
65535
65535
65535
65535
65535
65535
65535
65535
65535
65535
65535
65535
65535
65535
65535
65535
65535
65535
65535
65535
65535
65535
65535
65535
65535
65535
65535
65535
65535
65535
65535
65535
65535
65535
65535
65535
65535
65535
65535
65535
65535
65535
65535
65535
65535
65535
65535
65535
65535
65535
65535
65535
65535
65535
65535
65535
65535
65535
65535
65535
65535
65535
65535
65535
65535
65535
65535
65535
65535
65535
65535
65535
65535
65535
65535
65535
65535
65535
65535
65535
65535
65535
65535
65535
65535
65535
65535
65535
65535
65535
65535
65535
65535
65535
65535
65535
65535
65535
65535
65535
65535
65535
65535
65535
65535
65535
65535
65535
65535
65535
65535
65535
65535
65535
65535
65535
65535
65535
65535
65535
65535
65535
65535
65535
65535
65535
65535
65535
65535
65535
65535
65535
65535
65535
65535
65535
65535
65535
65535
65535
65535
65535
65535
65535
65535
65535
65535
65535
65535
65535
65535
65535
65535
65535
65535
65535
65535
65535
65535
65535
65535
65535
65535
65535
65535
65535
65535
65535
65535
65535
65535
65535
65535
65535
65535
65535
65535
65535
65535
65535
65535
65535
65535
65535
65535
65535
65535
65535
65535
65535
65535
65535
65535
65535
65535
65535
65535
65535
65535
65535
65535
65535
65535
65535
65535
65535
65535
65535
65535
65535
65535
65535
65535
65535
65535
65535
65535
65535
65535
65535
65535
65535
65535
65535
65535
65535
65535
65535
65535
65535
65535
65535
65535
65535
65535
65535
65535
65535
65535
65535
65535
65535
65535
65535
65535
65535
65535
65535
65535
65535
65535
65535
65535
65535
65535
65535
65535
65535
65535
65535
65535
65535
65535
65535
65535
65535
65535
65535
65535
65535
65535
65535
65535
65535
65535
65535
65535
65535
65535
65535
65535
65535
65535
65535
65535
65535
65535
65535
65535
65535
65535
65535
65535
65535
65535
65535
65535
65535
65535
65535
65535
65535
65535
65535
65535
65535
65535
65535
65535
65535
65535
65535
65535
65535
65535
65535
65535
65535
65535
65535
65535
65535
65535
65535
65535
65535
65535
65535
65535
65535
65535
65535
65535
65535
65535
65535
65535
65535
65535
65535
65535
65535
65535
65535
65535
65535
65535
65535
65535
65535
65535
65535
65535
65535
65535
65535
65535
65535
65535
65535
65535
65535
65535
65535
65535
65535
65535
65535
65535
65535
65535
65535
65535
65535
65535
65535
65535
65535
65535
65535
65535
65535
65535
65535
65535
65535
65535
65535
65535
65535
65535
65535
65535
65535
65535
65535
65535
65535
65535
65535
65535
65535
65535
65535
65535
65535
65535
65535
65535
65535
65535
65535
65535
65535
65535
65535
65535
65535
65535
65535
65535
65535
65535
65535
65535
65535
65535
65535
65535
65535
65535
65535
65535
65535
65535
65535
65535
65535
65535
65535
65535
65535
65535
65535
65535
65535
65535
65535
65535
65535
65535
65535
65535
65535
65535
65535
65535
65535
65535
65535
65535
65535
65535
65535
65535
65535
65535
65535
65535
65535
65535
65535
65535
65535
65535
65535
65535
65535
65535
65535
65535
65535
65535
65535
65535
65535
65535
65535
65535
65535
65535
65535
65535
65535
65535
65535
65535
65535
65535
65535
65535
65535
65535
65535
65535
65535
65535
65535
65535
65535
65535
65535
65535
65535
65535
65535
65535
65535
65535
65535
65535
65535
65535
65535
65535
65535
65535
65535
65535
65535
65535
65535
65535
65535
65535
65535
65535
65535
65535
65535
65535
65535
65535
65535
65535
65535
65535
65535
65535
65535
65535
65535
65535
65535
65535
65535
65535
65535
65535
65535
65535
65535
65535
65535
65535
65535
65535
65535
65535
65535
65535
65535
65535
65535
65535
65535
65535
65535
65535
65535
65535
65535
65535
65535
65535
65535
65535
65535
65535
65535
65535
65535
65535
65535
65535
65535
65535
65535
65535
65535
65535
65535
65535
65535
65535
65535
65535
65535
65535
65535
65535
65535
65535
65535
65535
65535
65535
65535
65535
65535
65535
65535
65535
65535
65535
65535
65535
65535
65535
65535
65535
65535
65535
65535
65535
65535
65535
65535
65535
65535
65535
65535
65535
65535
65535
65535
65535
65535
65535
65535
65535
65535
65535
65535
65535
65535
65535
65535
65535
65535
65535
65535
65535
65535
65535
65535
65535
65535
65535
65535
65535
65535
65535
65535
65535
65535
65535
65535
65535
65535
65535
65535
65535
65535
65535
65535
65535
65535
65535
65535
65535
65535
65535
65535
65535
65535
65535
65535
65535
65535
65535
65535
65535
65535
65535
65535
65535
65535
65535
65535
65535
65535
65535
65535
65535
65535
65535
65535
65535
65535
65535
65535
65535
65535
65535
65535
65535
65535
65535
65535
65535
65535
65535
65535
65535
65535
65535
65535
65535
65535
65535
65535
65535
65535
65535
65535
65535
65535
65535
65535
65535
65535
65535
65535
65535
65535
65535
65535
65535
65535
65535
65535
65535
65535
65535
65535
65535
65535
65535
65535
65535
65535
65535
65535
65535
65535
65535
65535
65535
65535
65535
65535
65535
65535
65535
65535
65535
65535
65535
65535
65535
65535
65535
65535
65535
65535
65535
65535
65535
65535
65535
65535
65535
65535
65535
65535
65535
65535
65535
65535
65535
65535
65535
65535
65535
65535
65535
65535
65535
65535
65535
65535
65535
65535
65535
65535
65535
65535
65535
65535
65535
65535
65535
65535
65535
65535
65535
65535
65535
65535
65535
65535
65535
65535
65535
65535
65535
65535
65535
65535
65535
65535
65535
65535
65535
65535
65535
65535
65535
65535
65535
65535
65535
65535
65535
65535
65535
65535
65535
65535
65535
65535
65535
65535
65535
65535
65535
65535
65535
65535
65535
65535
65535
65535
65535
65535
65535
65535
65535
65535
65535
65535
65535
65535
65535
65535
65535
65535
65535
65535
65535
65535
65535
65535
65535
65535
65535
65535
65535
65535
65535
65535
65535
65535
65535
65535
65535
65535
65535
65535
65535
65535
65535
65535
65535
65535
65535
65535
65535
65535
65535
65535
65535
65535
65535
65535
65535
65535
65535
65535
65535
65535
65535
65535
65535
65535
65535
65535
65535
65535
65535
65535
65535
65535
65535
65535
65535
65535
65535
65535
65535
65535
65535
65535
65535
65535
65535
65535
65535
65535
65535
65535
65535
65535
65535
65535
65535
65535
65535
65535
65535
65535
65535
65535
65535
65535
65535
65535
65535
65535
65535
65535
65535
65535
65535
65535
65535
65535
65535
65535
65535
65535
65535
65535
65535
65535
65535
65535
65535
65535
65535
65535
65535
65535
65535
65535
65535
65535
65535
65535
65535
65535
65535
65535
65535
65535
65535
65535
65535
65535
65535
65535
65535
65535
65535
65535
65535
65535
65535
65535
65535
65535
65535
65535
65535
65535
65535
65535
65535
65535
65535
65535
65535
65535
65535
65535
65535
65535
65535
65535
65535
65535
65535
65535
65535
65535
65535
65535
65535
65535
65535
65535
65535
65535
65535
65535
65535
65535
65535
65535
65535
65535
65535
65535
65535
65535
65535
65535
65535
65535
65535
65535
65535
65535
65535
65535
65535
65535
65535
65535
65535
65535
65535
65535
65535
65535
65535
65535
65535
65535
65535
65535
65535
65535
65535
65535
65535
65535
65535
65535
65535
65535
65535
65535
65535
65535
65535
65535
65535
65535
65535
65535
65535
65535
65535
65535
65535
65535
65535
65535
65535
65535
65535
65535
65535
65535
65535
65535
65535
65535
65535
65535
65535
65535
65535
65535
65535
65535
65535
65535
65535
65535
65535
65535
65535
65535
65535
65535
65535
65535
65535
65535
65535
65535
65535
65535
65535
65535
65535
65535
65535
65535
65535
65535
65535
65535
65535
65535
65535
65535
65535
65535
65535
65535
65535
65535
65535
65535
65535
65535
65535
65535
65535
65535
65535
65535
65535
65535
65535
65535
65535
65535
65535
65535
65535
65535
65535
65535
65535
65535
65535
65535
65535
65535
65535
65535
65535
65535
65535
65535
65535
65535
65535
65535
65535
65535
65535
65535
65535
65535
65535
65535
65535
65535
65535
65535
65535
65535
65535
65535
65535
65535
65535
65535
65535
65535
65535
65535
65535
65535
65535
65535
65535
65535
65535
65535
65535
65535
65535
65535
65535
65535
65535
65535
65535
65535
65535
65535
65535
65535
65535
65535
65535
65535
65535
65535
65535
65535
65535
65535
65535
65535
65535
65535
65535
65535
65535
65535
65535
65535
65535
65535
65535
65535
65535
65535
65535
65535
65535
65535
65535
65535
65535
65535
65535
65535
65535
65535
65535
65535
65535
65535
65535
65535
65535
65535
65535
65535
65535
65535
65535
65535
65535
65535
65535
65535
65535
65535
65535
65535
65535
65535
65535
65535
65535
65535
65535
65535
65535
65535
65535
65535
65535
65535
65535
65535
65535
65535
65535
65535
65535
65535
65535
65535
65535
65535
65535
65535
65535
65535
65535
65535
65535
65535
65535
65535
65535
65535
65535
65535
65535
65535
65535
65535
65535
65535
65535
65535
65535
65535
65535
65535
65535
65535
65535
65535
65535
65535
65535
65535
65535
65535
65535
65535
65535
65535
65535
65535
65535
65535
65535
65535
65535
65535
65535
65535
65535
65535
65535
65535
65535
65535
65535
65535
65535
65535
65535
65535
65535
65535
65535
65535
65535
65535
65535
65535
65535
65535
65535
65535
65535
65535
65535
65535
65535
65535
65535
65535
65535
65535
65535
65535
65535
65535
65535
65535
65535
65535
65535
65535
65535
65535
65535
65535
65535
65535
65535
65535
65535
65535
65535
65535
65535
65535
65535
65535
65535
65535
65535
65535
65535
65535
65535
65535
65535
65535
65535
65535
65535
65535
65535
65535
65535
65535
65535
65535
65535
65535
65535
65535
65535
65535
65535
65535
65535
65535
65535
65535
65535
65535
65535
65535
65535
65535
65535
65535
65535
65535
65535
65535
65535
65535
65535
65535
65535
65535
65535
65535
65535
65535
65535
65535
65535
65535
65535
65535
65535
65535
65535
65535
65535
65535
65535
65535
65535
65535
65535
65535
65535
65535
65535
65535
65535
65535
65535
65535
65535
65535
65535
65535
65535
65535
65535
65535
65535
65535
65535
65535
65535
65535
65535
65535
65535
65535
65535
65535
65535
65535
65535
65535
65535
65535
65535
65535
65535
65535
65535
65535
65535
65535
65535
65535
65535
65535
65535
65535
65535
65535
65535
65535
65535
65535
65535
65535
65535
65535
65535
65535
65535
65535
65535
65535
65535
65535
65535
65535
65535
65535
65535
65535
65535
65535
65535
65535
65535
65535
65535
65535
65535
65535
65535
65535
65535
65535
65535
65535
65535
65535
65535
65535
65535
65535
65535
65535
65535
65535
65535
65535
65535
65535
65535
65535
65535
65535
65535
65535
65535
65535
65535
65535
65535
65535
65535
65535
65535
65535
65535
65535
65535
65535
65535
65535
65535
65535
65535
65535
65535
65535
65535
65535
65535
65535
65535
65535
65535
65535
65535
65535
65535
65535
65535
65535
65535
65535
65535
65535
65535
65535
65535
65535
65535
65535
65535
65535
65535
65535
65535
65535
65535
65535
65535
65535
65535
65535
65535
65535
65535
65535
65535
65535
65535
65535
65535
65535
65535
65535
65535
65535
65535
65535
65535
65535
65535
65535
65535
65535
65535
65535
65535
65535
65535
65535
65535
65535
65535
65535
65535
65535
65535
65535
65535
65535
65535
65535
65535
65535
65535
65535
65535
65535
65535
65535
65535
65535
65535
65535
65535
65535
65535
65535
65535
65535
65535
65535
65535
65535
65535
65535
65535
65535
65535
65535
65535
65535
65535
65535
65535
65535
65535
65535
65535
65535
65535
65535
65535
65535
65535
65535
65535
65535
65535
65535
65535
65535
65535
65535
65535
65535
65535
65535
65535
65535
65535
65535
65535
65535
65535
65535
65535
65535
65535
65535
65535
65535
65535
65535
65535
65535
65535
65535
65535
65535
65535
65535
65535
65535
65535
65535
65535
65535
65535
65535
65535
65535
65535
65535
65535
65535
65535
65535
65535
65535
65535
65535
65535
65535
65535
65535
65535
65535
65535
65535
65535
65535
65535
65535
65535
65535
65535
65535
65535
65535
65535
65535
65535
65535
65535
65535
65535
65535
65535
65535
65535
65535
65535
65535
65535
65535
65535
65535
65535
65535
65535
65535
65535
65535
65535
65535
65535
65535
65535
65535
65535
65535
65535
65535
65535
65535
65535
65535
65535
65535
65535
65535
65535
65535
65535
65535
65535
65535
65535
65535
65535
65535
65535
65535
65535
65535
65535
65535
65535
65535
65535
65535
65535
65535
65535
65535
65535
65535
65535
65535
65535
65535
65535
65535
65535
65535
65535
65535
65535
65535
65535
65535
65535
65535
65535
65535
65535
65535
65535
65535
65535
65535
65535
65535
65535
65535
65535
65535
65535
65535
65535
65535
65535
65535
65535
65535
65535
65535
65535
65535
65535
65535
65535
65535
65535
65535
65535
65535
65535
65535
65535
65535
65535
65535
65535
65535
65535
65535
65535
65535
65535
65535
65535
65535
65535
65535
65535
65535
65535
65535
65535
65535
65535
65535
65535
65535
65535
65535
65535
65535
65535
65535
65535
65535
65535
65535
65535
65535
65535
65535
65535
65535
65535
65535
65535
65535
65535
65535
65535
65535
65535
65535
65535
65535
65535
65535
65535
65535
65535
65535
65535
65535
65535
65535
65535
65535
65535
65535
65535
65535
65535
65535
65535
65535
65535
65535
65535
65535
65535
65535
65535
65535
65535
65535
65535
65535
65535
65535
65535
65535
65535
65535
65535
65535
65535
65535
65535
65535
65535
65535
65535
65535
65535
65535
65535
65535
65535
65535
65535
65535
65535
65535
65535
65535
65535
65535
65535
65535
65535
65535
65535
65535
65535
65535
65535
65535
65535
65535
65535
65535
65535
65535
65535
65535
65535
65535
65535
65535
65535
65535
65535
65535
65535
65535
65535
65535
65535
65535
65535
65535
65535
65535
65535
65535
65535
65535
65535
65535
65535
65535
65535
65535
65535
65535
65535
65535
65535
65535
65535
65535
65535
65535
65535
65535
65535
65535
65535
65535
65535
65535
65535
65535
65535
65535
65535
65535
65535
65535
65535
65535
65535
65535
65535
65535
65535
65535
65535
65535
65535
65535
65535
65535
65535
65535
65535
65535
65535
65535
65535
65535
65535
65535
65535
65535
65535
65535
65535
65535
65535
65535
65535
65535
65535
65535
65535
65535
65535
65535
65535
65535
65535
65535
65535
65535
65535
65535
65535
65535
65535
65535
65535
65535
65535
65535
65535
65535
65535
65535
65535
65535
65535
65535
65535
65535
65535
65535
65535
65535
65535
65535
65535
65535
65535
65535
65535
65535
65535
65535
65535
65535
65535
65535
65535
65535
65535
65535
65535
65535
65535
65535
65535
65535
65535
65535
65535
65535
65535
65535
65535
65535
65535
65535
65535
65535
65535
65535
65535
65535
65535
65535
65535
65535
65535
65535
65535
65535
65535
65535
65535
65535
65535
65535
65535
65535
65535
65535
65535
65535
65535
65535
65535
65535
65535
65535
65535
65535
65535
65535
65535
65535
65535
65535
65535
65535
65535
65535
65535
65535
65535
65535
65535
65535
65535
65535
65535
65535
65535
65535
65535
65535
65535
65535
65535
65535
65535
65535
65535
65535
65535
65535
65535
65535
65535
65535
65535
65535
65535
65535
65535
65535
65535
65535
65535
65535
65535
65535
65535
65535
65535
65535
65535
65535
65535
65535
65535
65535
65535
65535
65535
65535
65535
65535
65535
65535
65535
65535
65535
65535
65535
65535
65535
65535
65535
65535
65535
65535
65535
65535
65535
65535
65535
65535
65535
65535
65535
65535
65535
65535
65535
65535
65535
65535
65535
65535
65535
65535
65535
65535
65535
65535
65535
65535
65535
65535
65535
65535
65535
65535
65535
65535
65535
65535
65535
65535
65535
65535
65535
65535
65535
65535
65535
65535
65535
65535
65535
65535
65535
65535
65535
65535
65535
65535
65535
65535
65535
65535
65535
65535
65535
65535
65535
65535
65535
65535
65535
65535
65535
65535
65535
65535
65535
65535
65535
65535
65535
65535
65535
65535
65535
65535
65535
65535
65535
65535
65535
65535
65535
65535
65535
65535
65535
65535
65535
65535
65535
65535
65535
65535
65535
65535
65535
65535
65535
65535
65535
65535
65535
65535
65535
65535
65535
65535
65535
65535
65535
65535
65535
65535
65535
65535
65535
65535
65535
65535
65535
65535
65535
65535
65535
65535
65535
65535
65535
65535
65535
65535
65535
65535
65535
65535
65535
65535
65535
65535
65535
65535
65535
65535
65535
65535
65535
65535
65535
65535
65535
65535
65535
65535
65535
65535
65535
65535
65535
65535
65535
65535
65535
65535
65535
65535
65535
65535
65535
65535
65535
65535
65535
65535
65535
65535
65535
65535
65535
65535
65535
65535
65535
65535
65535
65535
65535
65535
65535
65535
65535
65535
65535
65535
65535
65535
65535
65535
65535
65535
65535
65535
65535
65535
65535
65535
65535
65535
65535
65535
65535
65535
65535
65535
65535
65535
65535
65535
65535
65535
65535
65535
65535
65535
65535
65535
65535
65535
65535
65535
65535
65535
65535
65535
65535
65535
65535
65535
65535
65535
65535
65535
65535
65535
65535
65535
65535
65535
65535
65535
65535
65535
65535
65535
65535
65535
65535
65535
65535
65535
65535
65535
65535
65535
65535
65535
65535
65535
65535
65535
65535
65535
65535
65535
65535
65535
65535
65535
65535
65535
65535
65535
65535
65535
65535
65535
65535
65535
65535
65535
65535
65535
65535
65535
65535
65535
65535
65535
65535
65535
65535
65535
65535
65535
65535
65535
65535
65535
65535
65535
65535
65535
65535
65535
65535
65535
65535
65535
65535
65535
65535
65535
65535
65535
65535
65535
65535
65535
65535
65535
65535
65535
65535
65535
65535
65535
65535
65535
65535
65535
65535
65535
65535
65535
65535
65535
65535
65535
65535
65535
65535
65535
65535
65535
65535
65535
65535
65535
65535
65535
65535
65535
65535
65535
65535
65535
65535
65535
65535
65535
65535
65535
65535
65535
65535
65535
65535
65535
65535
65535
65535
65535
65535
65535
65535
65535
65535
65535
65535
65535
65535
65535
65535
65535
65535
65535
65535
65535
65535
65535
65535
65535
65535
65535
65535
65535
65535
65535
65535
65535
65535
65535
65535
65535
65535
65535
65535
65535
65535
65535
65535
65535
65535
65535
65535
65535
65535
65535
65535
65535
65535
65535
65535
65535
65535
65535
65535
65535
65535
65535
65535
65535
65535
65535
65535
65535
65535
65535
65535
65535
65535
65535
65535
65535
65535
65535
65535
65535
65535
65535
65535
65535
65535
65535
65535
65535
65535
65535
65535
65535
65535
65535
65535
65535
65535
65535
65535
65535
65535
65535
65535
65535
65535
65535
65535
65535
65535
65535
65535
65535
65535
65535
65535
65535
65535
65535
65535
65535
65535
65535
65535
65535
65535
65535
65535
65535
65535
65535
65535
65535
65535
65535
65535
65535
65535
65535
65535
65535
65535
65535
65535
65535
65535
65535
65535
65535
65535
65535
65535
65535
65535
65535
65535
65535
65535
65535
65535
65535
65535
65535
65535
65535
65535
65535
65535
65535
65535
65535
65535
65535
65535
65535
65535
65535
65535
65535
65535
65535
65535
65535
65535
65535
65535
65535
65535
65535
65535
65535
65535
65535
65535
65535
65535
65535
65535
65535
65535
65535
65535
65535
65535
65535
65535
65535
65535
65535
65535
65535
65535
65535
65535
65535
65535
65535
65535
65535
65535
65535
65535
65535
65535
65535
65535
65535
65535
65535
65535
65535
65535
65535
65535
65535
65535
65535
65535
65535
65535
65535
65535
65535
65535
65535
65535
65535
65535
65535
65535
65535
65535
65535
65535
65535
65535
65535
65535
65535
65535
65535
65535
65535
65535
65535
65535
65535
65535
65535
65535
65535
65535
65535
65535
65535
65535
65535
65535
65535
65535
65535
65535
65535
65535
65535
65535
65535
65535
65535
65535
65535
65535
65535
65535
65535
65535
65535
65535
65535
65535
65535
65535
65535
65535
65535
65535
65535
65535
65535
65535
65535
65535
65535
65535
65535
65535
65535
65535
65535
65535
65535
65535
65535
65535
65535
65535
65535
65535
65535
65535
65535
65535
65535
65535
65535
65535
65535
65535
65535
65535
65535
65535
65535
65535
65535
65535
65535
65535
65535
65535
65535
65535
65535
65535
65535
65535
65535
65535
65535
65535
65535
65535
65535
65535
65535
65535
65535
65535
65535
65535
65535
65535
65535
65535
65535
65535
65535
65535
65535
65535
65535
65535
65535
65535
65535
65535
65535
65535
65535
65535
65535
65535
65535
65535
65535
65535
65535
65535
65535
65535
65535
65535
65535
65535
65535
65535
65535
65535
65535
65535
65535
65535
65535
65535
65535
65535
65535
65535
65535
65535
65535
65535
65535
65535
65535
65535
65535
65535
65535
65535
65535
65535
65535
65535
65535
65535
65535
65535
65535
65535
65535
65535
65535
65535
65535
65535
65535
65535
65535
65535
65535
65535
65535
65535
65535
65535
65535
65535
65535
65535
65535
65535
65535
65535
65535
65535
65535
65535
65535
65535
65535
65535
65535
65535
65535
65535
65535
65535
65535
65535
65535
65535
65535
65535
65535
65535
65535
65535
65535
65535
65535
65535
65535
65535
65535
65535
65535
65535
65535
65535
65535
65535
65535
65535
65535
65535
65535
65535
65535
65535
65535
65535
65535
65535
65535
65535
65535
65535
65535
65535
65535
65535
65535
65535
65535
65535
65535
65535
65535
65535
65535
65535
65535
65535
65535
65535
65535
65535
65535
65535
65535
65535
65535
65535
65535
65535
65535
65535
65535
65535
65535
65535
65535
65535
65535
65535
65535
65535
65535
65535
65535
65535
65535
65535
65535
65535
65535
65535
65535
65535
65535
65535
65535
65535
65535
65535
65535
65535
65535
65535
65535
65535
65535
65535
65535
65535
65535
65535
65535
65535
65535
65535
65535
65535
65535
65535
65535
65535
65535
65535
65535
65535
65535
65535
65535
65535
65535
65535
65535
65535
65535
65535
65535
65535
65535
65535
65535
65535
65535
65535
65535
65535
65535
65535
65535
65535
65535
65535
65535
65535
65535
65535
65535
65535
65535
65535
65535
65535
65535
65535
65535
65535
65535
65535
65535
65535
65535
65535
65535
65535
65535
65535
65535
65535
65535
65535
65535
65535
65535
65535
65535
65535
65535
65535
65535
65535
65535
65535
65535
65535
65535
65535
65535
65535
65535
65535
65535
65535
65535
65535
65535
65535
65535
65535
65535
65535
65535
65535
65535
65535
65535
65535
65535
65535
65535
65535
65535
65535
65535
65535
65535
65535
65535
65535
65535
65535
65535
65535
65535
65535
65535
65535
65535
65535
65535
65535
65535
65535
65535
65535
65535
65535
65535
65535
65535
65535
65535
65535
65535
65535
65535
65535
65535
65535
65535
65535
65535
65535
65535
65535
65535
65535
65535
65535
65535
65535
65535
65535
65535
65535
65535
65535
65535
65535
65535
65535
65535
65535
65535
65535
65535
65535
65535
65535
65535
65535
65535
65535
65535
65535
65535
65535
65535
65535
65535
65535
65535
65535
65535
65535
65535
65535
65535
65535
65535
65535
65535
65535
65535
65535
65535
65535
65535
65535
65535
65535
65535
65535
65535
65535
65535
65535
65535
65535
65535
65535
65535
65535
65535
65535
65535
65535
65535
65535
65535
65535
65535
65535
65535
65535
65535
65535
65535
65535
65535
65535
65535
65535
65535
65535
65535
65535
65535
65535
65535
65535
65535
65535
65535
65535
65535
65535
65535
65535
65535
65535
65535
65535
65535
65535
65535
65535
65535
65535
65535
65535
65535
65535
65535
65535
65535
65535
65535
65535
65535
65535
65535
65535
65535
65535
65535
65535
65535
65535
65535
65535
65535
65535
65535
65535
65535
65535
65535
65535
65535
65535
65535
65535
65535
65535
65535
65535
65535
65535
65535
65535
65535
65535
65535
65535
65535
65535
65535
65535
65535
65535
65535
65535
65535
65535
65535
65535
65535
65535
65535
65535
65535
65535
65535
65535
65535
65535
65535
65535
65535
65535
65535
65535
65535
65535
65535
65535
65535
65535
65535
65535
65535
65535
65535
65535
65535
65535
65535
65535
65535
65535
65535
65535
65535
65535
65535
65535
65535
65535
65535
65535
65535
65535
65535
65535
65535
65535
65535
65535
65535
65535
65535
65535
65535
65535
65535
65535
65535
65535
65535
65535
65535
65535
65535
65535
65535
65535
65535
65535
65535
65535
65535
65535
65535
65535
65535
65535
65535
65535
65535
65535
65535
65535
65535
65535
65535
65535
65535
65535
65535
65535
65535
65535
65535
65535
65535
65535
65535
65535
65535
65535
65535
65535
65535
65535
65535
65535
65535
65535
65535
65535
65535
65535
65535
65535
65535
65535
65535
65535
65535
65535
65535
65535
65535
65535
65535
65535
65535
65535
65535
65535
65535
65535
65535
65535
65535
65535
65535
65535
65535
65535
65535
65535
65535
65535
65535
65535
65535
65535
65535
65535
65535
65535
65535
65535
65535
65535
65535
65535
65535
65535
65535
65535
65535
65535
65535
65535
65535
65535
65535
65535
65535
65535
65535
65535
65535
65535
65535
65535
65535
65535
65535
65535
65535
65535
65535
65535
65535
65535
65535
65535
65535
65535
65535
65535
65535
65535
65535
65535
65535
65535
65535
65535
65535
65535
65535
65535
65535
65535
65535
65535
65535
65535
65535
65535
65535
65535
65535
65535
65535
65535
65535
65535
65535
65535
65535
65535
65535
65535
65535
65535
65535
65535
65535
65535
65535
65535
65535
65535
65535
65535
65535
65535
65535
65535
65535
65535
65535
65535
65535
65535
65535
65535
65535
65535
65535
65535
65535
65535
65535
65535
65535
65535
65535
65535
65535
65535
65535
65535
65535
65535
65535
65535
65535
65535
65535
65535
65535
65535
65535
65535
65535
65535
65535
65535
65535
65535
65535
65535
65535
65535
65535
65535
65535
65535
65535
65535
65535
65535
65535
65535
65535
65535
65535
65535
65535
65535
65535
65535
65535
65535
65535
65535
65535
65535
65535
65535
65535
65535
65535
65535
65535
65535
65535
65535
65535
65535
65535
65535
65535
65535
65535
65535
65535
65535
65535
65535
65535
65535
65535
65535
65535
65535
65535
65535
65535
65535
65535
