0
0
0
0
0
0
0
0
0
0
0
0
0
0
0
0
0
0
0
0
0
0
0
0
0
0
0
0
0
0
0
0
0
0
0
0
0
0
0
0
0
0
0
0
0
0
0
0
0
0
0
0
0
0
0
0
0
0
0
0
0
0
0
0
0
0
0
0
0
0
0
0
0
0
0
0
0
0
0
0
0
0
0
0
0
0
0
0
0
0
0
0
0
0
0
0
0
0
0
0
0
0
0
0
0
0
0
0
0
0
0
0
0
0
0
0
0
0
0
0
0
0
0
0
0
0
0
0
0
0
0
0
0
0
0
0
0
0
0
0
0
0
0
0
0
0
0
0
0
0
0
0
0
0
0
0
0
0
0
0
0
0
0
0
0
0
0
0
0
0
0
0
0
0
0
0
0
0
0
0
0
0
0
0
0
0
0
0
0
0
0
0
0
0
0
0
0
0
0
0
0
0
0
0
0
0
0
0
0
0
0
0
0
0
0
0
0
0
0
0
0
0
0
0
0
0
0
0
0
0
0
0
0
0
0
0
0
0
0
0
0
0
0
0
0
0
0
0
0
0
0
0
0
0
0
0
0
0
0
0
0
0
0
0
0
0
0
0
0
0
0
0
0
0
0
0
0
0
0
0
0
0
0
0
0
0
0
0
0
0
0
0
0
0
0
0
0
0
0
0
0
0
0
0
0
0
0
0
0
0
0
0
0
0
0
0
0
0
0
0
0
0
0
0
0
0
0
0
0
0
0
0
0
0
0
0
0
0
0
0
0
0
0
0
0
0
0
0
0
0
0
0
0
0
0
0
0
0
0
0
0
0
0
0
0
0
0
0
0
0
0
0
0
0
0
0
0
0
0
0
0
0
0
0
0
0
0
0
0
0
0
0
0
0
0
0
0
0
0
0
0
0
0
0
2
3
5
6
8
9
10
13
15
17
20
22
23
25
26
27
28
30
32
32
36
38
40
41
43
45
47
50
51
54
56
58
59
62
65
67
69
70
72
75
77
79
81
84
85
87
89
90
92
95
98
99
101
103
105
107
108
111
113
116
120
121
125
127
130
133
135
139
140
142
145
147
149
151
154
157
159
162
164
166
167
170
173
175
178
181
183
185
188
191
193
194
197
198
201
202
205
207
209
212
213
215
217
218
222
225
228
231
234
235
237
239
243
244
247
249
251
254
257
260
262
264
266
269
272
273
276
277
278
280
283
285
286
291
294
295
297
299
301
303
306
308
309
310
313
316
319
321
322
324
327
328
331
333
336
337
340
342
344
346
348
349
351
355
357
360
361
362
364
365
367
369
373
375
378
380
380
383
386
387
389
391
393
395
397
400
402
404
407
409
410
412
414
415
417
420
422
424
427
430
434
438
441
443
446
449
451
452
453
456
459
461
463
465
468
470
472
476
477
480
483
486
487
489
491
492
494
497
498
503
506
510
512
516
519
521
522
525
528
529
532
536
541
543
548
551
552
555
558
562
566
570
573
576
578
580
582
584
588
591
593
597
600
603
607
609
614
615
619
623
625
626
630
633
635
638
640
642
646
650
652
656
659
663
667
671
674
677
682
685
690
695
699
702
706
709
712
716
717
723
727
730
733
738
741
744
749
753
756
761
764
768
774
778
781
786
791
795
799
804
808
812
815
822
825
832
837
842
844
847
849
855
859
861
865
872
878
881
887
890
894
897
901
906
910
917
921
924
932
937
942
947
953
961
966
973
978
982
987
993
997
1005
1012
1016
1022
1027
1033
1038
1043
1047
1053
1062
1069
1076
1083
1089
1095
1100
1110
1115
1121
1127
1133
1137
1147
1154
1159
1166
1173
1180
1184
1191
1196
1202
1207
1212
1219
1226
1231
1237
1245
1254
1260
1265
1272
1280
1286
1293
1299
1304
1310
1319
1329
1337
1343
1352
1359
1368
1375
1379
1387
1397
1405
1413
1422
1428
1435
1444
1456
1462
1472
1479
1487
1496
1504
1516
1525
1534
1543
1550
1558
1565
1575
1583
1590
1595
1604
1610
1620
1630
1638
1645
1653
1664
1673
1680
1688
1698
1708
1716
1724
1733
1740
1750
1763
1772
1782
1792
1801
1811
1821
1834
1843
1854
1861
1871
1878
1884
1892
1899
1909
1918
1927
1939
1951
1959
1967
1975
1982
1994
2003
2015
2026
2036
2044
2054
2064
2075
2083
2093
2104
2115
2128
2136
2144
2155
2164
2173
2183
2192
2198
2208
2216
2224
2233
2244
2255
2266
2275
2285
2294
2305
2312
2318
2327
2334
2340
2349
2357
2369
2375
2383
2392
2400
2408
2417
2429
2438
2445
2453
2463
2469
2479
2488
2496
2504
2517
2528
2541
2550
2556
2563
2568
2577
2583
2592
2601
2612
2619
2626
2633
2640
2649
2657
2664
2673
2680
2686
2691
2697
2704
2713
2720
2727
2734
2741
2746
2756
2763
2767
2774
2782
2787
2792
2801
2807
2814
2821
2829
2839
2844
2851
2857
2863
2870
2874
2881
2888
2894
2899
2905
2910
2918
2926
2931
2936
2942
2947
2951
2958
2964
2973
2979
2984
2987
2992
3000
3008
3013
3021
3026
3030
3036
3041
3045
3051
3055
3059
3066
3072
3078
3081
3089
3095
3102
3104
3110
3114
3119
3127
3131
3137
3144
3148
3152
3156
3160
3165
3170
3176
3180
3185
3190
3193
3198
3201
3204
3210
3214
3217
3220
3225
3228
3233
3236
3243
3246
3250
3255
3259
3263
3266
3271
3278
3281
3286
3290
3294
3297
3301
3304
3307
3311
3315
3320
3323
3325
3330
3334
3337
3341
3346
3348
3351
3356
3361
3364
3369
3372
3377
3381
3383
3384
3387
3390
3393
3398
3401
3404
3407
3410
3415
3419
3423
3425
3429
3431
3434
3436
3440
3444
3447
3450
3453
3456
3460
3465
3467
3471
3475
3478
3481
3483
3486
3489
3493
3495
3498
3502
3505
3508
3512
3514
3517
3522
3524
3528
3532
3535
3539
3543
3544
3548
3550
3554
3557
3561
3564
3567
3569
3572
3577
3581
3584
3587
3590
3592
3594
3598
3602
3605
3608
3611
3613
3616
3619
3623
3626
3629
3631
3634
3636
3639
3642
3644
3646
3648
3650
3652
3655
3657
3660
3662
3665
3668
3671
3674
3677
3680
3681
3684
3687
3689
3691
3694
3698
3700
3703
3705
3709
3713
3715
3720
3724
3725
3730
3732
3735
3737
3741
3744
3746
3747
3750
3752
3753
3755
3757
3760
3762
3764
3767
3769
3772
3774
3778
3779
3782
3784
3785
3788
3790
3792
3795
3798
3799
3800
3801
3803
3805
3806
3807
3809
3811
3812
3813
3815
3817
3820
3822
3824
3826
3827
3828
3831
3833
3834
3835
3837
3839
3840
3841
3843
3844
3846
3847
3849
3850
3852
3853
3853
3855
3856
3859
3860
3861
3862
3863
3865
3867
3869
3870
3871
3872
3873
3874
3875
3876
3878
3880
3882
3883
3885
3887
3888
3888
3891
3892
3894
3895
3896
3897
3899
3901
3902
3904
3905
3907
3908
3910
3912
3913
3915
3918
3920
3921
3923
3925
3926
3928
3930
3932
3932
3934
3936
3937
3938
3939
3941
3942
3944
3946
3948
3949
3951
3953
3954
3955
3957
3959
3959
3959
3961
3962
3963
3965
3967
3969
3970
3972
3972
3974
3976
3977
3979
3979
3982
3984
3986
3988
3990
3991
3992
3994
3995
3996
3998
4000
4002
4003
4004
4007
4008
4009
4011
4012
4013
4016
4018
4019
4020
4022
4024
4025
4027
4028
4030
4033
4034
4036
4038
4040
4041
4042
4044
4045
4046
4049
4050
4052
4055
4056
4058
4060
4062
4064
4066
4067
4067
4070
4072
4073
4074
4076
4077
4079
4080
4081
4082
4083
4084
4085
4086
4087
4088
4089
4090
4092
4094
4096
4097
4099
4100
4101
4103
4104
4106
4106
4108
4110
4112
4114
4115
4116
4117
4118
4120
4122
4123
4126
4127
4129
4130
4133
4134
4136
4138
4140
4141
4143
4144
4145
4145
4147
4149
4152
4153
4155
4158
4159
4161
4163
4165
4166
4168
4171
4172
4174
4176
4177
4179
4182
4185
4187
4190
4192
4194
4196
4198
4198
4201
4203
4205
4207
4210
4213
4214
4218
4221
4224
4225
4227
4230
4233
4234
4236
4237
4240
4243
4244
4247
4249
4250
4252
4253
4254
4256
4258
4261
4262
4264
4265
4267
4269
4271
4273
4276
4279
4282
4285
4288
4291
4293
4294
4298
4301
4304
4305
4308
4310
4312
4314
4317
4320
4323
4326
4328
4330
4333
4337
4340
4342
4345
4348
4350
4353
4355
4357
4360
4363
4365
4369
4373
4376
4379
4382
4385
4388
4391
4395
4399
4402
4405
4409
4413
4416
4419
4421
4426
4429
4434
4437
4440
4443
4447
4453
4456
4460
4463
4465
4469
4472
4475
4481
4487
4491
4494
4497
4501
4505
4509
4513
4517
4523
4526
4528
4533
4538
4543
4548
4553
4558
4563
4568
4574
4579
4583
4588
4593
4597
4602
4607
4613
4618
4621
4626
4630
4637
4644
4651
4656
4662
4666
4673
4680
4687
4694
4699
4704
4710
4717
4729
4735
4741
4747
4752
4759
4767
4774
4784
4790
4797
4803
4811
4820
4829
4840
4850
4858
4870
4879
4887
4897
4905
4916
4925
4934
4945
4959
4967
4977
4986
4999
5011
5024
5033
5046
5057
5069
5083
5096
5108
5120
5135
5151
5165
5178
5193
5208
5224
5236
5248
5264
5280
5296
5310
5327
5345
5358
5376
5397
5412
5430
5446
5465
5482
5501
5518
5535
5557
5578
5601
5625
5647
5667
5690
5710
5730
5757
5781
5810
5835
5858
5881
5903
5929
5957
5982
6010
6038
6066
6095
6124
6154
6184
6215
6244
6278
6312
6341
6377
6408
6441
6479
6517
6554
6590
6625
6654
6689
6726
6765
6803
6844
6889
6930
6969
7015
7063
7105
7150
7191
7231
7276
7320
7365
7415
7467
7522
7570
7625
7678
7728
7781
7841
7894
7950
8010
8068
8125
8186
8246
8306
8363
8421
8486
8548
8605
8668
8734
8801
8866
8930
8998
9065
9134
9200
9268
9341
9411
9484
9557
9627
9706
9781
9857
9931
10005
10082
10162
10239
10323
10405
10491
10572
10654
10740
10832
10920
11002
11089
11181
11265
11357
11447
11539
11627
11723
11819
11912
12008
12115
12209
12309
12400
12502
12598
12701
12799
12902
13013
13121
13221
13336
13445
13555
13648
13759
13874
13990
14105
14219
14337
14453
14570
14683
14802
14926
15049
15173
15287
15402
15523
15642
15753
15874
16000
16126
16248
16374
16514
16648
16780
16912
17050
17189
17329
17452
17591
17721
17860
18001
18137
18269
18406
18545
18690
18825
18953
19091
19231
19368
19510
19649
19787
19936
20085
20226
20369
20517
20659
20810
20951
21101
21246
21394
21542
21688
21837
21991
22139
22297
22453
22610
22770
22931
23087
23239
23390
23549
23700
23865
24022
24169
24313
24469
24620
24774
24933
25080
25236
25387
25542
25692
25856
26003
26151
26299
26443
26602
26758
26917
27077
27226
27378
27538
27693
27845
27995
28147
28300
28453
28606
28754
28907
29054
29202
29343
29492
29645
29797
29960
30117
30269
30418
30564
30712
30860
31016
31165
31314
31462
31607
31745
31903
32047
32188
32335
32481
32625
32764
32900
33043
33189
33330
33471
33608
33746
33895
34028
34159
34290
34425
34550
34685
34821
34952
35078
35217
35345
35483
35610
35742
35869
35998
36132
36256
36384
36506
36635
36775
36895
37019
37140
37263
37384
37505
37619
37733
37865
37979
38090
38206
38325
38435
38555
38679
38796
38918
39024
39142
39260
39373
39478
39595
39703
39810
39922
40034
40134
40244
40346
40454
40564
40664
40764
40868
40980
41076
41183
41282
41383
41487
41585
41681
41781
41876
41969
42060
42152
42248
42336
42427
42519
42606
42694
42775
42867
42956
43049
43136
43219
43307
43393
43471
43542
43623
43709
43786
43865
43939
44015
44097
44177
44247
44327
44398
44479
44550
44625
44696
44772
44840
44907
44979
45048
45124
45195
45263
45333
45408
45473
45537
45608
45672
45736
45803
45865
45923
45983
46045
46103
46161
46224
46284
46346
46398
46454
46511
46569
46634
46690
46749
46806
46859
46915
46968
47019
47073
47126
47181
47233
47286
47334
47387
47443
47492
47538
47584
47634
47679
47724
47771
47823
47866
47912
47952
47996
48035
48077
48120
48167
48206
48248
48292
48332
48369
48410
48449
48489
48527
48569
48606
48638
48671
48708
48741
48775
48810
48846
48881
48917
48950
48984
49015
49048
49084
49116
49143
49173
49202
49228
49260
49291
49323
49355
49384
49414
49446
49481
49511
49546
49575
49602
49626
49651
49679
49707
49734
49763
49790
49815
49840
49864
49890
49917
49945
49969
49994
50018
50037
50060
50082
50109
50132
50158
50179
50199
50223
50250
50270
50292
50313
50335
50358
50377
50400
50422
50446
50470
50487
50509
50525
50541
50560
50578
50600
50617
50633
50650
50665
50683
50703
50719
50738
50753
50773
50792
50812
50828
50843
50857
50873
50889
50904
50921
50935
50953
50969
50982
50999
51012
51025
51038
51051
51066
51080
51096
51109
51121
51131
51146
51159
51170
51182
51193
51204
51219
51232
51245
51258
51270
51281
51295
51306
51316
51327
51339
51349
51359
51368
51378
51388
51397
51406
51413
51422
51431
51444
51453
51463
51472
51481
51489
51496
51505
51515
51525
51535
51547
51556
51562
51572
51579
51588
51598
51605
51611
51617
51624
51629
51638
51646
51653
51660
51667
51674
51683
51692
51699
51705
51711
51717
51723
51729
51735
51739
51745
51750
51758
51765
51771
51778
51784
51790
51795
51800
51806
51810
51812
51816
51820
51827
51833
51839
51843
51849
51854
51859
51866
51871
51877
51881
51886
51892
51899
51906
51911
51916
51923
51927
51933
51938
51944
51948
51954
51957
51962
51966
51971
51977
51981
51986
51993
51995
52002
52007
52013
52016
52024
52029
52033
52036
52040
52044
52047
52052
52057
52060
52065
52069
52073
52079
52083
52086
52091
52094
52096
52100
52103
52106
52109
52114
52117
52122
52126
52130
52135
52140
52143
52146
52150
52155
52159
52163
52170
52175
52180
52183
52188
52191
52195
52200
52203
52206
52211
52217
52220
52226
52230
52234
52240
52244
52249
52252
52257
52262
52265
52270
52276
52282
52287
52291
52295
52298
52302
52306
52311
52316
52324
52328
52332
52338
52341
52347
52350
52354
52358
52362
52368
52373
52379
52384
52388
52392
52397
52401
52406
52411
52415
52420
52424
52429
52432
52438
52443
52446
52451
52454
52458
52463
52468
52475
52480
52485
52489
52494
52499
52505
52512
52516
52523
52528
52532
52541
52547
52553
52560
52565
52572
52577
52582
52587
52594
52601
52608
52615
52620
52625
52633
52638
52645
52649
52658
52665
52670
52678
52684
52692
52700
52707
52714
52722
52730
52737
52743
52750
52755
52763
52772
52783
52791
52799
52805
52812
52820
52828
52837
52845
52854
52864
52871
52881
52888
52897
52906
52915
52921
52931
52941
52950
52960
52967
52977
52987
52997
53007
53018
53027
53039
53050
53062
53072
53082
53093
53101
53113
53122
53133
53141
53150
53164
53176
53186
53197
53207
53217
53230
53240
53252
53264
53278
53288
53300
53312
53320
53331
53344
53358
53370
53381
53391
53402
53413
53424
53436
53451
53462
53477
53488
53500
53514
53528
53542
53556
53572
53590
53604
53619
53634
53650
53663
53677
53690
53701
53716
53731
53745
53758
53771
53787
53802
53817
53832
53848
53861
53875
53890
53908
53925
53943
53962
53979
53992
54005
54020
54033
54050
54065
54076
54091
54107
54125
54139
54157
54174
54190
54207
54223
54239
54255
54272
54287
54304
54323
54340
54357
54374
54392
54405
54418
54439
54456
54475
54490
54506
54521
54536
54554
54573
54588
54608
54623
54641
54658
54674
54693
54707
54728
54747
54765
54781
54798
54819
54835
54854
54866
54880
54898
54919
54934
54954
54971
54988
55004
55022
55043
55060
55080
55097
55116
55133
55150
55169
55186
55204
55225
55242
55260
55275
55293
55308
55324
55341
55359
55374
55391
55411
55431
55447
55465
55487
55502
55519
55540
55557
55575
55593
55609
55627
55643
55661
55677
55692
55713
55730
55747
55767
55782
55805
55819
55840
55862
55879
55894
55914
55931
55947
55964
55980
55996
56016
56034
56051
56071
56085
56101
56117
56133
56147
56163
56178
56192
56211
56227
56242
56261
56276
56288
56304
56318
56332
56347
56361
56375
56392
56405
56422
56438
56454
56468
56483
56499
56513
56529
56544
56558
56574
56590
56602
56615
56629
56643
56659
56673
56687
56701
56718
56732
56745
56758
56774
56786
56804
56817
56831
56845
56857
56871
56882
56894
56906
56923
56937
56952
56964
56976
56989
57000
57009
57022
57034
57046
57057
57071
57083
57093
57110
57120
57131
57141
57153
57165
57179
57191
57203
57214
57225
57236
57249
57261
57272
57284
57296
57307
57316
57327
57334
57344
57354
57365
57374
57384
57395
57405
57414
57427
57438
57446
57456
57467
57478
57486
57498
57507
57516
57525
57535
57544
57554
57562
57573
57583
57590
57600
57612
57619
57628
57635
57644
57651
57658
57669
57680
57686
57693
57701
57711
57721
57732
57740
57748
57757
57765
57775
57785
57793
57803
57811
57819
57826
57835
57842
57848
57855
57863
57871
57877
57885
57891
57898
57906
57913
57920
57927
57936
57942
57950
57958
57965
57974
57982
57989
57997
58005
58012
58016
58022
58030
58037
58045
58053
58059
58067
58073
58079
58085
58091
58097
58106
58114
58119
58123
58130
58137
58142
58148
58154
58158
58164
58170
58177
58184
58191
58196
58200
58207
58214
58219
58222
58228
58233
58240
58247
58255
58261
58266
58273
58278
58284
58289
58294
58300
58306
58312
58316
58324
58329
58334
58340
58344
58351
58356
58362
58367
58372
58380
58385
58388
58392
58398
58404
58410
58413
58418
58423
58429
58436
58443
58449
58456
58460
58469
58473
58477
58484
58490
58498
58506
58512
58519
58523
58530
58536
58541
58548
58554
58561
58568
58574
58580
58589
58596
58604
58608
58613
58618
58623
58629
58634
58641
58647
58655
58661
58667
58673
58680
58687
58692
58699
58705
58712
58719
58724
58732
58738
58743
58750
58757
58762
58768
58774
58781
58786
58791
58798
58803
58810
58817
58825
58830
58837
58845
58852
58859
58865
58872
58880
58886
58895
58902
58910
58916
58923
58931
58942
58950
58958
58967
58976
58987
58992
59000
59007
59014
59022
59029
59036
59043
59050
59059
59068
59075
59081
59088
59095
59106
59115
59123
59131
59139
59149
59155
59163
59173
59182
59191
59201
59210
59218
59224
59234
59243
59257
59265
59274
59282
59288
59297
59306
59314
59323
59330
59338
59349
59360
59368
59377
59386
59392
59401
59412
59420
59430
59439
59447
59458
59468
59478
59487
59495
59507
59518
59528
59542
59550
59561
59568
59579
59591
59601
59613
59621
59630
59639
59649
59662
59672
59685
59695
59705
59717
59727
59737
59750
59760
59771
59781
59791
59803
59814
59826
59836
59845
59856
59864
59877
59886
59897
59910
59919
59933
59942
59954
59965
59976
59987
59997
60010
60022
60032
60043
60054
60068
60081
60092
60101
60113
60127
60137
60146
60155
60167
60179
60193
60205
60217
60231
60238
60249
60261
60273
60283
60296
60308
60320
60331
60342
60353
60367
60379
60395
60403
60415
60427
60440
60452
60462
60474
60487
60497
60510
60521
60537
60549
60565
60579
60590
60603
60613
60626
60638
60650
60664
60678
60689
60706
60719
60732
60744
60756
60767
60777
60791
60805
60817
60832
60844
60856
60871
60883
60896
60911
60925
60941
60956
60967
60982
60994
61008
61023
61037
61051
61061
61076
61088
61102
61116
61129
61139
61152
61165
61177
61189
61201
61214
61230
61244
61256
61265
61278
61288
61301
61314
61329
61342
61353
61368
61381
61393
61406
61420
61435
61447
61462
61475
61488
61502
61517
61530
61545
61558
61570
61580
61594
61606
61615
61628
61640
61652
61665
61678
61688
61699
61708
61719
61731
61743
61758
61773
61786
61799
61813
61826
61840
61852
61865
61876
61886
61899
61910
61921
61929
61941
61954
61965
61976
61989
61998
62010
62021
62033
62046
62057
62069
62082
62093
62107
62118
62131
62143
62153
62165
62174
62187
62199
62212
62225
62236
62246
62261
62272
62283
62294
62306
62316
62326
62337
62350
62361
62370
62382
62392
62406
62420
62431
62441
62454
62463
62474
62482
62492
62506
62516
62527
62536
62547
62561
62570
62579
62586
62598
62607
62619
62629
62640
62650
62658
62669
62681
62692
62704
62717
62727
62737
62748
62759
62772
62784
62791
62802
62812
62825
62832
62840
62849
62858
62864
62875
62885
62891
62903
62912
62922
62934
62943
62953
62961
62972
62981
62991
62998
63007
63015
63027
63035
63045
63053
63062
63072
63080
63088
63097
63105
63113
63123
63132
63141
63150
63161
63168
63176
63186
63193
63201
63210
63223
63233
63241
63250
63258
63266
63275
63285
63294
63301
63309
63317
63324
63331
63340
63349
63356
63362
63367
63374
63382
63389
63394
63401
63410
63417
63425
63433
63441
63448
63454
63463
63469
63475
63481
63489
63495
63501
63509
63516
63520
63528
63534
63540
63547
63553
63559
63567
63576
63582
63588
63594
63604
63608
63614
63620
63624
63629
63634
63639
63646
63651
63655
63663
63669
63676
63681
63686
63691
63695
63699
63706
63709
63714
63719
63724
63728
63733
63737
63744
63748
63753
63757
63760
63764
63769
63773
63780
63784
63790
63795
63798
63804
63809
63814
63820
63823
63830
63835
63841
63845
63851
63855
63861
63865
63871
63877
63882
63886
63891
63895
63898
63902
63906
63910
63915
63920
63924
63929
63932
63938
63943
63948
63953
63957
63963
63967
63970
63974
63977
63982
63985
63990
63994
63999
64002
64007
64013
64017
64021
64027
64031
64035
64039
64043
64045
64048
64052
64055
64057
64062
64065
64068
64071
64074
64077
64080
64082
64084
64086
64090
64093
64098
64101
64105
64109
64113
64117
64121
64124
64127
64129
64132
64136
64138
64140
64143
64145
64147
64150
64153
64157
64159
64162
64165
64168
64170
64175
64179
64182
64186
64188
64191
64194
64198
64201
64204
64207
64211
64215
64218
64221
64223
64227
64229
64232
64236
64239
64242
64244
64246
64248
64251
64254
64259
64261
64263
64265
64267
64272
64274
64277
64279
64282
64285
64288
64290
64292
64295
64297
64301
64303
64308
64311
64313
64316
64317
64320
64321
64324
64327
64327
64331
64333
64335
64337
64339
64343
64347
64351
64353
64355
64358
64361
64364
64366
64370
64371
64373
64376
64377
64378
64381
64383
64385
64387
64389
64392
64393
64395
64397
64399
64401
64403
64405
64408
64410
64412
64414
64415
64418
64421
64423
64425
64426
64429
64431
64434
64436
64437
64440
64441
64443
64446
64448
64449
64452
64454
64457
64459
64463
64464
64466
64469
64469
64471
64474
64477
64480
64481
64483
64484
64486
64487
64489
64491
64493
64494
64497
64500
64503
64506
64508
64511
64513
64515
64517
64520
64522
64525
64526
64528
64531
64533
64535
64538
64540
64543
64544
64546
64549
64551
64554
64556
64559
64562
64564
64568
64571
64572
64573
64575
64576
64579
64580
64582
64584
64587
64589
64592
64595
64597
64599
64600
64601
64603
64605
64608
64611
64613
64615
64618
64621
64623
64625
64627
64629
64632
64633
64636
64638
64641
64642
64645
64647
64650
64652
64655
64657
64658
64660
64662
64664
64666
64669
64671
64675
64677
64679
64681
64683
64686
64687
64689
64691
64695
64698
64699
64703
64707
64709
64711
64714
64716
64719
64721
64723
64726
64728
64732
64734
64736
64739
64744
64747
64750
64752
64754
64756
64758
64760
64762
64765
64769
64773
64776
64779
64782
64785
64788
64791
64794
64796
64797
64799
64801
64804
64806
64809
64813
64816
64820
64823
64826
64829
64833
64835
64840
64843
64847
64850
64853
64857
64860
64863
64866
64868
64872
64874
64877
64879
64880
64883
64886
64888
64892
64894
64898
64899
64903
64906
64907
64910
64913
64918
64923
64927
64929
64934
64936
64938
64943
64946
64950
64954
64957
64960
64963
64965
64968
64970
64972
64975
64979
64981
64983
64986
64989
64993
64996
64999
65003
65007
65012
65017
65024
65028
65034
65041
65047
65053
65057
65062
65065
65070
65075
65079
65085
65088
65092
65097
65104
65109
65115
65119
65123
65130
65134
65141
65144
65151
65155
65159
65164
65168
65172
65177
65183
65186
65191
65196
65203
65208
65215
65220
65227
65233
65238
65244
65247
65252
65257
65263
65268
65275
65282
65286
65292
65301
65309
65315
65322
65329
65336
65342
65346
65351
65358
65364
65377
65380
65386
65394
65400
65409
65415
65421
65431
65437
65443
65449
65456
65466
65473
65478
65484
65489
65496
65502
65508
65517
65522
65535
65535
65535
65535
65535
65535
65535
65535
65535
65535
65535
65535
65535
65535
65535
65535
65535
65535
65535
65535
65535
65535
65535
65535
65535
65535
65535
65535
65535
65535
65535
65535
65535
65535
65535
65535
65535
65535
65535
65535
65535
65535
65535
65535
65535
65535
65535
65535
65535
65535
65535
65535
65535
65535
65535
65535
65535
65535
65535
65535
65535
65535
65535
65535
65535
65535
65535
65535
65535
65535
65535
65535
65535
65535
65535
65535
65535
65535
65535
65535
65535
65535
65535
65535
65535
65535
65535
65535
65535
65535
65535
65535
65535
65535
65535
65535
65535
65535
65535
65535
65535
65535
65535
65535
65535
65535
65535
65535
65535
65535
65535
65535
65535
65535
65535
65535
65535
65535
65535
65535
65535
65535
65535
65535
65535
65535
65535
65535
65535
65535
65535
65535
65535
65535
65535
65535
65535
65535
65535
65535
65535
65535
65535
65535
65535
65535
65535
65535
65535
65535
65535
65535
65535
65535
65535
65535
65535
65535
65535
65535
65535
65535
65535
65535
65535
65535
65535
65535
65535
65535
65535
65535
65535
65535
65535
65535
65535
65535
65535
65535
65535
65535
65535
65535
65535
65535
65535
65535
65535
65535
65535
65535
65535
65535
65535
65535
65535
65535
65535
65535
65535
65535
65535
65535
65535
65535
65535
65535
65535
65535
65535
65535
65535
65535
65535
65535
65535
65535
65535
65535
65535
65535
65535
65535
65535
65535
65535
65535
65535
65535
65535
65535
65535
65535
65535
65535
65535
65535
65535
65535
65535
65535
65535
65535
65535
65535
65535
65535
65535
65535
65535
65535
65535
65535
65535
65535
65535
65535
65535
65535
65535
65535
65535
65535
65535
65535
65535
65535
65535
65535
65535
65535
65535
65535
65535
65535
65535
65535
65535
65535
65535
65535
65535
65535
65535
65535
65535
65535
65535
65535
65535
65535
65535
65535
65535
65535
65535
65535
65535
65535
65535
65535
65535
65535
65535
65535
65535
65535
65535
65535
65535
65535
65535
65535
65535
65535
65535
65535
65535
65535
65535
65535
65535
65535
65535
65535
65535
65535
65535
65535
65535
65535
65535
65535
65535
65535
65535
65535
65535
65535
65535
65535
65535
65535
65535
65535
65535
65535
65535
65535
65535
65535
65535
65535
65535
65535
65535
65535
65535
65535
65535
65535
65535
65535
65535
65535
65535
65535
65535
65535
65535
65535
65535
65535
65535
65535
65535
65535
65535
65535
65535
65535
65535
65535
65535
65535
65535
65535
65535
65535
65535
65535
65535
65535
65535
65535
65535
65535
65535
65535
65535
65535
65535
65535
65535
65535
65535
65535
65535
65535
65535
65535
65535
65535
65535
65535
65535
65535
65535
65535
65535
65535
65535
65535
65535
65535
65535
65535
65535
65535
65535
65535
65535
65535
65535
65535
65535
65535
65535
65535
65535
65535
65535
65535
65535
65535
65535
65535
65535
65535
65535
65535
65535
65535
65535
65535
65535
65535
65535
65535
65535
65535
65535
65535
65535
65535
65535
65535
65535
65535
65535
65535
65535
65535
65535
65535
65535
65535
65535
65535
65535
65535
65535
65535
65535
65535
65535
65535
65535
65535
65535
65535
65535
65535
65535
65535
65535
65535
65535
65535
65535
65535
65535
65535
65535
65535
65535
65535
65535
65535
65535
65535
65535
65535
65535
65535
65535
65535
65535
65535
65535
65535
65535
65535
65535
65535
65535
65535
65535
65535
65535
65535
65535
65535
65535
65535
65535
65535
65535
65535
65535
65535
65535
65535
65535
65535
65535
65535
65535
65535
65535
65535
65535
65535
65535
65535
65535
65535
65535
65535
65535
65535
65535
65535
65535
65535
65535
65535
65535
65535
65535
65535
65535
65535
65535
65535
65535
65535
65535
65535
65535
65535
65535
65535
65535
65535
65535
65535
65535
65535
65535
65535
65535
65535
65535
65535
65535
65535
65535
65535
65535
65535
65535
65535
65535
65535
65535
65535
65535
65535
65535
65535
65535
65535
65535
65535
65535
65535
65535
65535
65535
65535
65535
65535
65535
65535
65535
65535
65535
65535
65535
65535
65535
65535
65535
65535
65535
65535
65535
65535
65535
65535
65535
65535
65535
65535
65535
65535
65535
65535
65535
65535
65535
65535
65535
65535
65535
65535
65535
65535
65535
65535
65535
65535
65535
65535
65535
65535
65535
65535
65535
65535
65535
65535
65535
65535
65535
65535
65535
65535
65535
65535
65535
65535
65535
65535
65535
65535
65535
65535
65535
65535
65535
65535
65535
65535
65535
65535
65535
65535
65535
65535
65535
65535
65535
65535
65535
65535
65535
65535
65535
65535
65535
65535
65535
65535
65535
65535
65535
65535
65535
65535
65535
65535
65535
65535
65535
65535
65535
65535
65535
65535
65535
65535
65535
65535
65535
65535
65535
65535
65535
65535
65535
65535
65535
65535
65535
65535
65535
65535
65535
65535
65535
65535
65535
65535
65535
65535
65535
65535
65535
65535
65535
65535
65535
65535
65535
65535
65535
65535
65535
65535
65535
65535
65535
65535
65535
65535
65535
65535
65535
65535
65535
65535
65535
65535
65535
65535
65535
65535
65535
65535
65535
65535
65535
65535
65535
65535
65535
65535
65535
65535
65535
65535
65535
65535
65535
65535
65535
65535
65535
65535
65535
65535
65535
65535
65535
65535
65535
65535
65535
65535
65535
65535
65535
65535
65535
65535
65535
65535
65535
65535
65535
65535
65535
65535
65535
65535
65535
65535
65535
65535
65535
65535
65535
65535
65535
65535
65535
65535
65535
65535
65535
65535
65535
65535
65535
65535
65535
65535
65535
65535
65535
65535
65535
65535
65535
65535
65535
65535
65535
65535
65535
65535
65535
65535
65535
65535
65535
65535
65535
65535
65535
65535
65535
65535
65535
65535
65535
65535
65535
65535
65535
65535
65535
65535
65535
65535
65535
65535
65535
65535
65535
65535
65535
65535
65535
65535
65535
65535
65535
65535
65535
65535
65535
65535
65535
65535
65535
65535
65535
65535
65535
65535
65535
65535
65535
65535
65535
65535
65535
65535
65535
65535
65535
65535
65535
65535
65535
65535
65535
65535
65535
65535
65535
65535
65535
65535
65535
65535
65535
65535
65535
65535
65535
65535
65535
65535
65535
65535
65535
65535
65535
65535
65535
65535
65535
65535
65535
65535
65535
65535
65535
65535
65535
65535
65535
65535
65535
65535
65535
65535
65535
65535
65535
65535
65535
65535
65535
65535
65535
65535
65535
65535
65535
65535
65535
65535
65535
65535
65535
65535
65535
65535
65535
65535
65535
65535
65535
65535
65535
65535
65535
65535
65535
65535
65535
65535
65535
65535
65535
65535
65535
65535
65535
65535
65535
65535
65535
65535
65535
65535
65535
65535
65535
65535
65535
65535
65535
65535
65535
65535
65535
65535
65535
65535
65535
65535
65535
65535
65535
65535
65535
65535
65535
65535
65535
65535
65535
65535
65535
65535
65535
65535
65535
65535
65535
65535
65535
65535
65535
65535
65535
65535
65535
65535
65535
65535
65535
65535
65535
65535
65535
65535
65535
65535
65535
65535
65535
65535
65535
65535
65535
65535
65535
65535
65535
65535
65535
65535
65535
65535
65535
65535
65535
65535
65535
65535
65535
65535
65535
65535
65535
65535
65535
65535
65535
65535
65535
65535
65535
65535
65535
65535
65535
65535
65535
65535
65535
65535
65535
65535
65535
65535
65535
65535
65535
65535
65535
65535
65535
65535
65535
65535
65535
65535
65535
65535
65535
65535
65535
65535
65535
65535
65535
65535
65535
65535
65535
65535
65535
65535
65535
65535
65535
65535
65535
65535
65535
65535
65535
65535
65535
65535
65535
65535
65535
65535
65535
65535
65535
65535
65535
65535
65535
65535
65535
65535
65535
65535
65535
65535
65535
65535
65535
65535
65535
65535
65535
65535
65535
65535
65535
65535
65535
65535
65535
65535
65535
65535
65535
65535
65535
65535
65535
65535
65535
65535
65535
65535
65535
65535
65535
65535
65535
65535
65535
65535
65535
65535
65535
65535
65535
65535
65535
65535
65535
65535
65535
65535
65535
65535
65535
65535
65535
65535
65535
65535
65535
65535
65535
65535
65535
65535
65535
65535
65535
65535
65535
65535
65535
65535
65535
65535
65535
65535
65535
65535
65535
65535
65535
65535
65535
65535
65535
65535
65535
65535
65535
65535
65535
65535
65535
65535
65535
65535
65535
65535
65535
65535
65535
65535
65535
65535
65535
65535
65535
65535
65535
65535
65535
65535
65535
65535
65535
65535
65535
65535
65535
65535
65535
65535
65535
65535
65535
65535
65535
65535
65535
65535
65535
65535
65535
65535
65535
65535
65535
65535
65535
65535
65535
65535
65535
65535
65535
65535
65535
65535
65535
65535
65535
65535
65535
65535
65535
65535
65535
65535
65535
65535
65535
65535
65535
65535
65535
65535
65535
65535
65535
65535
65535
65535
65535
65535
65535
65535
65535
65535
65535
65535
65535
65535
65535
65535
65535
65535
65535
65535
65535
65535
65535
65535
65535
65535
65535
65535
65535
65535
65535
65535
65535
65535
65535
65535
65535
65535
65535
65535
65535
65535
65535
65535
65535
65535
65535
65535
65535
65535
65535
65535
65535
65535
65535
65535
65535
65535
65535
65535
65535
65535
65535
65535
65535
65535
65535
65535
65535
65535
65535
65535
65535
65535
65535
65535
65535
65535
65535
65535
65535
65535
65535
65535
65535
65535
65535
65535
65535
65535
65535
65535
65535
65535
65535
65535
65535
65535
65535
65535
65535
65535
65535
65535
65535
65535
65535
65535
65535
65535
65535
65535
65535
65535
65535
65535
65535
65535
65535
65535
65535
65535
65535
65535
65535
65535
65535
65535
65535
65535
65535
65535
65535
65535
65535
65535
65535
65535
65535
65535
65535
65535
65535
65535
65535
65535
65535
65535
65535
65535
65535
65535
65535
65535
65535
65535
65535
65535
65535
65535
65535
65535
65535
65535
65535
65535
65535
65535
65535
65535
65535
65535
65535
65535
65535
65535
65535
65535
65535
65535
65535
65535
65535
65535
65535
65535
65535
65535
65535
65535
65535
65535
65535
65535
65535
65535
65535
65535
65535
65535
65535
65535
65535
65535
65535
65535
65535
65535
65535
65535
65535
65535
65535
65535
65535
65535
65535
65535
65535
65535
65535
65535
65535
65535
65535
65535
65535
65535
65535
65535
65535
65535
65535
65535
65535
65535
65535
65535
65535
65535
65535
65535
65535
65535
65535
65535
65535
65535
65535
65535
65535
65535
65535
65535
65535
65535
65535
65535
65535
65535
65535
65535
65535
65535
65535
65535
65535
65535
65535
65535
65535
65535
65535
65535
65535
65535
65535
65535
65535
65535
65535
65535
65535
65535
65535
65535
65535
65535
65535
65535
65535
65535
65535
65535
65535
65535
65535
65535
65535
65535
65535
65535
65535
65535
65535
65535
65535
65535
65535
65535
65535
65535
65535
65535
65535
65535
65535
65535
65535
65535
65535
65535
65535
65535
65535
65535
65535
65535
65535
65535
65535
65535
65535
65535
65535
65535
65535
65535
65535
65535
65535
65535
65535
65535
65535
65535
65535
65535
65535
65535
65535
65535
65535
65535
65535
65535
65535
65535
65535
65535
65535
65535
65535
65535
65535
65535
65535
65535
65535
65535
65535
65535
65535
65535
65535
65535
65535
65535
65535
65535
65535
65535
65535
65535
65535
65535
65535
65535
65535
65535
65535
65535
65535
65535
65535
65535
65535
65535
65535
65535
65535
65535
65535
65535
65535
65535
65535
65535
65535
65535
65535
65535
65535
65535
65535
65535
65535
65535
65535
65535
65535
65535
65535
65535
65535
65535
65535
65535
65535
65535
65535
65535
65535
65535
65535
65535
65535
65535
65535
65535
65535
65535
65535
65535
65535
65535
65535
65535
65535
65535
65535
65535
65535
65535
65535
65535
65535
65535
65535
65535
65535
65535
65535
65535
65535
65535
65535
65535
65535
65535
65535
65535
65535
65535
65535
65535
65535
65535
65535
65535
65535
65535
65535
65535
65535
65535
65535
65535
65535
65535
65535
65535
65535
65535
65535
65535
65535
65535
65535
65535
65535
65535
65535
65535
65535
65535
65535
65535
65535
65535
65535
65535
65535
65535
65535
65535
65535
65535
65535
65535
65535
65535
65535
65535
65535
65535
65535
65535
65535
65535
65535
65535
65535
65535
65535
65535
65535
65535
65535
65535
65535
65535
65535
65535
65535
65535
65535
65535
65535
65535
65535
65535
65535
65535
65535
65535
65535
65535
65535
65535
65535
65535
65535
65535
65535
65535
65535
65535
65535
65535
65535
65535
65535
65535
65535
65535
65535
65535
65535
65535
65535
65535
65535
65535
65535
65535
65535
65535
65535
65535
65535
65535
65535
65535
65535
65535
65535
65535
65535
65535
65535
65535
65535
65535
65535
65535
65535
65535
65535
65535
65535
65535
65535
65535
65535
65535
65535
65535
65535
65535
65535
65535
65535
65535
65535
65535
65535
65535
65535
65535
65535
65535
65535
65535
65535
65535
65535
65535
65535
65535
65535
65535
65535
65535
65535
65535
65535
65535
65535
65535
65535
65535
65535
65535
65535
65535
65535
65535
65535
65535
65535
65535
65535
65535
65535
65535
65535
65535
65535
65535
65535
65535
65535
65535
65535
65535
65535
65535
65535
65535
65535
65535
65535
65535
65535
65535
65535
65535
65535
65535
65535
65535
65535
65535
65535
65535
65535
65535
65535
65535
65535
65535
65535
65535
65535
65535
65535
65535
65535
65535
65535
65535
65535
65535
65535
65535
65535
65535
65535
65535
65535
65535
65535
65535
65535
65535
65535
65535
65535
65535
65535
65535
65535
65535
65535
65535
65535
65535
65535
65535
65535
65535
65535
65535
65535
65535
65535
65535
65535
65535
65535
65535
65535
65535
65535
65535
65535
65535
65535
65535
65535
65535
65535
65535
65535
65535
65535
65535
65535
65535
65535
65535
65535
65535
65535
65535
65535
65535
65535
65535
65535
65535
65535
65535
65535
65535
65535
65535
65535
65535
65535
65535
65535
65535
65535
65535
65535
65535
65535
65535
65535
65535
65535
65535
65535
65535
65535
65535
65535
65535
65535
65535
65535
65535
65535
65535
65535
65535
65535
65535
65535
65535
65535
65535
65535
65535
65535
65535
65535
65535
65535
65535
65535
65535
65535
65535
65535
65535
65535
65535
65535
65535
65535
65535
65535
65535
65535
65535
65535
65535
65535
65535
65535
65535
65535
65535
65535
65535
65535
65535
65535
65535
65535
65535
65535
65535
65535
65535
65535
65535
65535
65535
65535
65535
65535
65535
65535
65535
65535
65535
65535
65535
65535
65535
65535
65535
65535
65535
65535
65535
65535
65535
65535
65535
65535
65535
65535
65535
65535
65535
65535
65535
65535
65535
65535
65535
65535
65535
65535
65535
65535
65535
65535
65535
65535
65535
65535
65535
65535
65535
65535
65535
65535
65535
65535
65535
65535
65535
65535
65535
65535
65535
65535
65535
65535
65535
65535
65535
65535
65535
65535
65535
65535
65535
65535
65535
65535
65535
65535
65535
65535
65535
65535
65535
65535
65535
65535
65535
65535
65535
65535
65535
65535
65535
65535
65535
65535
65535
65535
65535
65535
65535
65535
65535
65535
65535
65535
65535
65535
65535
65535
65535
65535
65535
65535
65535
65535
65535
65535
65535
65535
65535
65535
65535
65535
65535
65535
65535
65535
65535
65535
65535
65535
65535
65535
65535
65535
65535
65535
65535
65535
65535
65535
65535
65535
65535
65535
65535
65535
65535
65535
65535
65535
65535
65535
65535
65535
65535
65535
65535
65535
65535
65535
65535
65535
65535
65535
65535
65535
65535
65535
65535
65535
65535
65535
65535
65535
65535
65535
65535
65535
65535
65535
65535
65535
65535
65535
65535
65535
65535
65535
65535
65535
65535
65535
65535
65535
65535
65535
65535
65535
65535
65535
65535
65535
65535
65535
65535
65535
65535
65535
65535
65535
65535
65535
65535
65535
65535
65535
65535
65535
65535
65535
65535
65535
65535
65535
65535
65535
65535
65535
65535
65535
65535
65535
65535
65535
65535
65535
65535
65535
65535
65535
65535
65535
65535
65535
65535
65535
65535
65535
65535
65535
65535
65535
65535
65535
65535
65535
65535
65535
65535
65535
65535
65535
65535
65535
65535
65535
65535
65535
65535
65535
65535
65535
65535
65535
65535
65535
65535
65535
65535
65535
65535
65535
65535
65535
65535
65535
65535
65535
65535
65535
65535
65535
65535
65535
65535
65535
65535
65535
65535
65535
65535
65535
65535
65535
65535
65535
65535
65535
65535
65535
65535
65535
65535
65535
65535
65535
65535
65535
65535
65535
65535
65535
65535
65535
65535
65535
65535
65535
65535
65535
65535
65535
65535
65535
65535
65535
65535
65535
65535
65535
65535
65535
65535
65535
65535
65535
65535
65535
65535
65535
65535
65535
65535
65535
65535
65535
65535
65535
65535
65535
65535
65535
65535
65535
65535
65535
65535
65535
65535
65535
65535
65535
65535
65535
65535
65535
65535
65535
65535
65535
65535
65535
65535
65535
65535
65535
65535
65535
65535
65535
65535
65535
65535
65535
65535
65535
65535
65535
65535
65535
65535
65535
65535
65535
65535
65535
65535
65535
65535
65535
65535
65535
65535
65535
65535
65535
65535
65535
65535
65535
65535
65535
65535
65535
65535
65535
65535
65535
65535
65535
65535
65535
65535
65535
65535
65535
65535
65535
65535
65535
65535
65535
65535
65535
65535
65535
65535
65535
65535
65535
65535
65535
65535
65535
65535
65535
65535
65535
65535
65535
65535
65535
65535
65535
65535
65535
65535
65535
65535
65535
65535
65535
65535
65535
65535
65535
65535
65535
65535
65535
65535
65535
65535
65535
65535
65535
65535
65535
65535
65535
65535
65535
65535
65535
65535
65535
65535
65535
65535
65535
65535
65535
65535
65535
65535
65535
65535
65535
65535
65535
65535
65535
65535
65535
65535
65535
65535
65535
65535
65535
65535
65535
65535
65535
65535
65535
65535
65535
65535
65535
65535
65535
65535
65535
65535
65535
65535
65535
65535
65535
65535
65535
65535
65535
65535
65535
65535
65535
65535
65535
65535
65535
65535
65535
65535
65535
65535
65535
65535
65535
65535
65535
65535
65535
65535
65535
65535
65535
65535
65535
65535
65535
65535
65535
65535
65535
65535
65535
65535
65535
65535
65535
65535
65535
65535
65535
65535
65535
65535
65535
65535
65535
65535
65535
65535
65535
65535
65535
65535
65535
65535
65535
65535
65535
65535
65535
65535
65535
65535
65535
65535
65535
65535
65535
65535
65535
65535
65535
65535
65535
65535
65535
65535
65535
65535
65535
65535
65535
65535
65535
65535
65535
65535
65535
65535
65535
65535
65535
65535
65535
65535
65535
65535
65535
65535
65535
65535
65535
65535
65535
65535
65535
65535
65535
65535
65535
65535
65535
65535
65535
65535
65535
65535
65535
65535
65535
65535
65535
65535
65535
65535
65535
65535
65535
65535
65535
65535
65535
65535
65535
65535
65535
65535
65535
65535
65535
65535
65535
65535
65535
65535
65535
65535
65535
65535
65535
65535
65535
65535
65535
65535
65535
65535
65535
65535
65535
65535
65535
65535
65535
65535
65535
65535
65535
65535
65535
65535
65535
65535
65535
65535
65535
65535
65535
65535
65535
65535
65535
65535
65535
65535
65535
65535
65535
65535
65535
65535
65535
65535
65535
65535
65535
65535
65535
65535
65535
65535
65535
65535
65535
65535
65535
65535
65535
65535
65535
65535
65535
65535
65535
65535
65535
65535
65535
65535
65535
65535
65535
65535
65535
65535
65535
65535
65535
65535
65535
65535
65535
65535
65535
65535
65535
65535
65535
65535
65535
65535
65535
65535
65535
65535
65535
65535
65535
65535
65535
65535
65535
65535
65535
65535
65535
65535
65535
65535
65535
65535
65535
65535
65535
65535
65535
65535
65535
65535
65535
65535
65535
65535
65535
65535
65535
65535
65535
65535
65535
65535
65535
65535
65535
65535
65535
65535
65535
65535
65535
65535
65535
65535
65535
65535
65535
65535
65535
65535
65535
65535
65535
65535
65535
65535
65535
65535
65535
65535
65535
65535
65535
65535
65535
65535
65535
65535
65535
65535
65535
65535
65535
65535
65535
65535
65535
65535
65535
65535
65535
65535
65535
65535
65535
65535
65535
65535
65535
65535
65535
65535
65535
65535
65535
65535
65535
65535
65535
65535
65535
65535
65535
65535
65535
65535
65535
65535
65535
65535
65535
65535
65535
65535
65535
65535
65535
65535
65535
65535
65535
65535
65535
65535
65535
65535
65535
65535
65535
65535
65535
65535
65535
65535
65535
65535
65535
65535
65535
65535
65535
65535
65535
65535
65535
65535
65535
65535
65535
65535
65535
65535
65535
65535
65535
65535
65535
65535
65535
65535
65535
65535
65535
65535
65535
65535
65535
65535
65535
65535
65535
65535
65535
65535
65535
65535
65535
65535
65535
65535
65535
65535
65535
65535
65535
65535
65535
65535
65535
65535
65535
65535
65535
65535
65535
65535
65535
65535
65535
65535
65535
65535
65535
65535
65535
65535
65535
65535
65535
65535
65535
65535
65535
65535
65535
65535
65535
65535
65535
65535
65535
65535
65535
65535
65535
65535
65535
65535
65535
65535
65535
65535
65535
65535
65535
65535
65535
65535
65535
65535
65535
65535
65535
65535
65535
65535
65535
65535
65535
65535
65535
65535
65535
65535
65535
65535
65535
65535
65535
65535
65535
65535
65535
65535
65535
65535
65535
65535
65535
65535
65535
65535
65535
65535
65535
65535
65535
65535
65535
65535
65535
65535
65535
65535
65535
65535
65535
65535
65535
65535
65535
65535
65535
65535
65535
65535
65535
65535
65535
65535
65535
65535
65535
65535
65535
65535
65535
65535
65535
65535
65535
65535
65535
65535
65535
65535
65535
65535
65535
65535
65535
65535
65535
65535
65535
65535
65535
65535
65535
65535
65535
65535
65535
65535
65535
65535
65535
65535
65535
65535
65535
65535
65535
65535
65535
65535
65535
65535
65535
65535
65535
65535
65535
65535
65535
65535
65535
65535
65535
65535
65535
65535
65535
65535
65535
65535
65535
65535
65535
65535
65535
65535
65535
65535
65535
65535
65535
65535
65535
65535
65535
65535
65535
65535
65535
65535
65535
65535
65535
65535
65535
65535
65535
65535
65535
65535
65535
65535
65535
65535
65535
65535
65535
65535
65535
65535
65535
65535
65535
65535
65535
65535
65535
65535
65535
65535
65535
65535
65535
65535
65535
65535
65535
65535
65535
65535
65535
65535
65535
65535
65535
65535
65535
65535
65535
65535
65535
65535
65535
65535
65535
65535
65535
65535
65535
65535
65535
65535
65535
65535
65535
65535
65535
65535
65535
65535
65535
65535
65535
65535
65535
65535
65535
65535
65535
65535
65535
65535
65535
65535
65535
65535
65535
65535
65535
65535
65535
65535
65535
65535
65535
65535
65535
65535
65535
65535
65535
65535
65535
65535
65535
65535
65535
65535
65535
65535
65535
65535
65535
65535
65535
65535
65535
65535
65535
65535
65535
65535
65535
65535
65535
65535
65535
65535
65535
65535
65535
65535
65535
65535
65535
65535
65535
65535
65535
65535
65535
65535
65535
65535
65535
65535
65535
65535
65535
65535
65535
65535
65535
65535
65535
65535
65535
65535
65535
65535
65535
65535
65535
65535
65535
65535
65535
65535
65535
65535
65535
65535
65535
65535
65535
65535
65535
65535
65535
65535
65535
65535
65535
65535
65535
65535
65535
65535
65535
65535
65535
65535
65535
65535
65535
65535
65535
65535
65535
65535
65535
65535
65535
65535
65535
65535
65535
65535
65535
65535
65535
65535
65535
65535
65535
65535
65535
65535
65535
65535
65535
65535
65535
65535
65535
65535
65535
65535
65535
65535
65535
65535
65535
65535
65535
65535
65535
65535
65535
65535
65535
65535
65535
65535
65535
65535
65535
65535
65535
65535
65535
65535
65535
65535
65535
65535
65535
65535
65535
65535
65535
65535
65535
65535
65535
65535
65535
65535
65535
65535
65535
65535
65535
65535
65535
65535
65535
65535
65535
65535
65535
65535
65535
65535
65535
65535
65535
65535
65535
65535
65535
65535
65535
65535
65535
65535
65535
65535
65535
65535
65535
65535
65535
65535
65535
65535
65535
65535
65535
65535
65535
65535
65535
65535
65535
65535
65535
65535
65535
65535
65535
65535
65535
65535
65535
65535
65535
65535
65535
65535
65535
65535
65535
65535
65535
65535
65535
65535
65535
65535
65535
65535
65535
65535
65535
65535
65535
65535
65535
65535
65535
65535
65535
65535
65535
65535
65535
65535
65535
65535
65535
65535
65535
65535
65535
65535
65535
65535
65535
65535
65535
65535
65535
65535
65535
65535
65535
65535
65535
65535
65535
65535
65535
65535
65535
65535
65535
65535
65535
65535
65535
65535
65535
65535
65535
65535
65535
65535
65535
65535
65535
65535
65535
65535
65535
65535
65535
65535
65535
65535
65535
65535
65535
65535
65535
65535
65535
65535
65535
65535
65535
65535
65535
65535
65535
65535
65535
65535
65535
65535
65535
65535
65535
65535
65535
65535
65535
65535
65535
65535
65535
65535
65535
65535
65535
65535
65535
65535
65535
65535
65535
65535
65535
65535
65535
65535
65535
65535
65535
65535
65535
65535
65535
65535
65535
65535
65535
65535
65535
65535
65535
65535
65535
65535
65535
65535
65535
65535
65535
65535
65535
65535
65535
65535
65535
65535
65535
65535
65535
65535
65535
65535
65535
65535
65535
65535
65535
65535
65535
65535
65535
65535
65535
65535
65535
65535
65535
65535
65535
65535
65535
65535
65535
65535
65535
65535
65535
65535
65535
65535
65535
65535
65535
65535
65535
65535
65535
65535
65535
65535
65535
65535
65535
65535
65535
65535
65535
65535
65535
65535
65535
65535
65535
65535
65535
65535
65535
65535
65535
65535
65535
65535
65535
65535
65535
65535
65535
65535
65535
65535
65535
65535
65535
65535
65535
65535
65535
65535
65535
65535
65535
65535
65535
65535
65535
65535
65535
65535
65535
65535
65535
65535
65535
65535
65535
65535
65535
65535
65535
65535
65535
65535
65535
65535
65535
65535
65535
65535
65535
65535
65535
65535
65535
65535
65535
65535
65535
65535
65535
65535
65535
65535
65535
65535
65535
65535
65535
65535
65535
65535
65535
65535
65535
65535
65535
65535
65535
65535
65535
65535
65535
65535
65535
65535
65535
65535
65535
65535
65535
65535
65535
65535
65535
65535
65535
65535
65535
65535
65535
65535
65535
65535
65535
65535
65535
65535
65535
65535
65535
65535
65535
65535
65535
65535
65535
65535
65535
65535
65535
65535
65535
65535
65535
65535
65535
65535
65535
65535
65535
65535
65535
65535
65535
65535
65535
65535
65535
