0
0
0
0
0
0
0
0
0
0
0
0
0
0
0
0
0
0
0
0
0
0
0
0
0
0
0
0
0
0
0
0
0
0
0
0
0
0
0
0
0
0
0
0
0
0
0
0
0
0
0
0
0
0
0
0
0
0
0
0
0
0
0
0
0
0
0
0
0
0
0
0
0
0
0
0
0
0
0
0
0
0
0
0
0
0
0
0
0
0
0
0
0
0
0
0
0
0
0
0
0
0
0
0
0
0
0
0
0
0
0
0
0
0
0
0
0
0
0
0
0
0
0
0
0
0
0
0
0
0
0
0
0
0
0
0
0
0
0
0
0
0
0
0
0
0
0
0
0
0
0
0
0
0
0
0
0
0
0
0
0
0
0
0
0
0
0
0
0
0
0
0
0
0
0
0
0
0
0
0
0
0
0
0
0
0
0
0
0
0
0
0
0
0
0
0
0
0
0
0
0
0
0
0
0
0
0
0
0
0
0
0
0
0
0
0
0
0
0
0
0
0
0
0
0
0
0
0
0
0
0
0
0
0
0
0
0
0
0
0
0
0
0
0
0
0
0
0
0
0
0
0
0
0
0
0
0
0
0
0
0
0
0
0
0
0
0
0
0
0
0
0
0
0
0
0
0
0
0
0
0
0
0
0
0
0
0
0
0
0
0
0
0
0
0
0
0
0
0
0
0
0
0
0
0
0
0
0
0
0
0
0
0
0
0
0
0
0
0
0
0
0
0
0
0
0
0
0
0
0
0
0
0
0
0
0
0
0
0
0
0
0
0
0
0
0
0
0
0
0
0
0
0
0
0
0
0
0
0
0
0
0
0
0
0
0
0
0
0
0
0
0
0
0
0
0
0
0
0
0
0
0
0
0
0
0
0
0
0
0
0
0
0
0
0
0
0
0
0
0
0
0
0
62065
22136
7815
33422
37330
15630
37766
23444
27352
31259
64245
49924
64682
50360
17810
36039
58175
62083
47761
33440
29969
8269
30405
8705
52541
45598
13048
35185
31713
35621
21299
36057
36
25643
22172
26079
22608
33894
48651
63409
56466
31295
16974
46488
28696
3525
18282
40418
55176
51704
15683
63427
30877
34784
56920
49978
35656
57792
14392
47379
47815
15265
943
63008
12230
26987
49123
5723
2252
42617
46524
21353
14410
7468
29604
22661
15719
1397
12684
63898
20498
24406
20934
6613
3142
54357
47414
4014
7922
37436
33965
56101
49159
53066
13137
64352
10102
61317
57846
25296
58282
43961
58718
62625
48304
63062
52648
49176
31384
64370
50049
35727
50485
54392
3614
43978
18807
19243
23151
1451
5358
63952
31402
64388
39217
24895
3195
28803
54410
14481
47468
43996
29675
51811
37490
59626
16226
56591
20570
64406
13627
64842
32292
17971
29257
22314
37071
30129
44886
23186
56172
60080
53137
2359
42723
57481
64860
57917
65296
50974
47503
62261
58789
62697
48375
15825
30583
56190
23640
20169
24076
57063
21041
6720
3249
36235
32764
33200
18878
33636
59243
52301
27129
31037
27566
13244
64459
2830
24967
47103
32781
231
4139
62732
8482
5011
27147
9355
42341
53627
10227
6756
10663
36270
3720
249
51464
47993
22821
5029
63622
60151
24130
6337
10245
61459
47138
40196
25874
29782
30218
23275
8954
31090
42376
46284
2884
54099
47156
21985
58878
15478
55843
34143
45429
56715
60623
6373
50209
61495
7245
11153
25910
48046
22875
63240
34597
27655
49791
21148
43284
18113
25928
8135
1193
12479
63694
56751
5972
57187
61095
54152
65438
58496
62403
44610
37668
52425
45483
64147
49826
61112
28562
39849
51135
15113
19021
4700
1228
12514
16422
20329
6008
17294
50280
3409
14695
11224
62439
8189
19475
19911
23818
9497
64619
54205
47263
14713
25999
11678
30343
63329
56386
60293
53351
57258
21237
3445
51188
7788
846
22982
63346
19946
49461
31669
6498
65091
18220
32977
29506
15185
15621
26907
12586
34722
64236
28215
42973
65109
39938
9
29524
44281
44717
23017
63382
45589
53404
57312
3062
65127
47334
29541
59056
12185
52550
1771
5679
46043
39101
13930
36066
29123
62109
47788
15238
917
23053
8732
30868
53004
35211
28269
32176
17855
58220
25670
498
22635
26542
41299
8749
12657
53022
20472
24379
17436
21344
43480
18309
33066
7895
952
23088
19617
26996
12675
45661
20489
24397
57383
3133
54348
40027
18327
33084
36991
4441
55656
52185
1406
60000
9221
42207
56965
13565
64779
53929
32229
17908
3587
54802
4023
55238
4459
63053
30503
34410
38318
5768
35282
39190
64797
17490
50476
36155
3605
36591
58727
37027
33556
48313
4913
8821
60035
38335
5785
9693
6222
31829
28358
35736
21415
7094
43551
21851
51366
37045
51802
48331
44860
59617
45296
23596
56582
60489
9711
60925
39225
35754
21433
32719
21869
58326
36626
40534
18834
44441
11891
37499
23177
8856
52692
12764
27521
42278
2350
27957
42715
21015
46622
24922
39679
28829
14508
50965
18416
40552
623
15380
11909
55745
23195
1495
5403
20160
60525
38825
38825
46204
24504
2804
46640
43168
39697
47076
14526
58362
36662
33191
29719
8020
22777
55763
4984
12363
19742
16270
23649
41878
38407
45785
42314
49693
53600
31900
17579
14108
10636
25394
222
33209
58816
55345
44495
51873
59252
37552
34081
5002
8910
23667
31046
38424
34953
60560
53618
28447
43204
21504
7183
51019
40169
18469
4148
40605
37134
62741
59270
26720
48856
34535
31063
5892
38878
35407
39314
35843
14143
28901
61887
40187
44094
33244
58852
37152
51909
1130
15888
59724
38024
34553
38460
16760
31517
46275
24575
50182
46711
25011
32390
21540
18068
14597
47583
44112
33262
55398
44548
41077
1148
34134
48892
52799
38478
35007
2457
28064
61050
10271
54107
32407
47165
14615
29372
25901
40658
730
26337
4637
45002
23302
1602
8981
5510
12888
56724
27646
49782
38932
6382
31989
46747
32425
58033
36333
14633
18540
15069
58905
8126
26355
41112
8562
15941
23320
19849
63685
2056
56742
16813
42421
57178
24628
61086
2928
46764
61522
21593
10743
18122
3801
40258
36787
15087
48073
55451
33752
41130
1202
52416
48945
63702
12924
64139
42439
57196
53725
13796
17704
32461
47218
14668
11197
7726
22483
11633
26391
41148
55905
8598
19884
27263
16413
31170
9470
53306
13378
28135
24664
32043
28571
35950
43329
29007
32915
47672
44201
22501
801
62866
52016
37695
15995
48981
45509
60267
9488
64174
42474
20774
64610
24682
13832
10360
43346
3418
10797
7325
14704
58540
25990
33369
29897
8198
52034
30334
37712
52470
48998
56377
42056
20356
56813
13413
28171
53778
32078
39457
28607
6907
29043
25572
32950
58558
18629
4308
19065
44673
41201
8651
34259
19938
34695
49452
45981
24281
57267
17339
53796
50325
10396
46853
3453
65518
32968
22118
44254
22554
8233
12141
55977
52505
30805
16484
31241
56849
64228
53378
49906
28206
6506
50342
65100
43400
39929
54686
22136
55122
40801
55558
15630
26916
5216
1745
16502
49488
64245
20845
17374
61210
57739
36039
25189
21718
36475
40383
454
15211
890
15647
48634
16084
49070
9141
52977
20427
16956
31713
17392
42999
57757
25207
39964
62100
40400
55158
33458
908
62973
12194
45180
12630
38237
52995
49524
20445
46052
49960
28260
17410
13938
21317
17846
14375
58211
53
54739
51268
47797
18718
7868
33476
30004
8304
44762
4833
48669
8740
16119
30877
45634
42163
56920
16991
60827
39128
64735
53885
32185
3106
46942
7014
14392
40000
43907
40436
507
62572
4415
48251
37401
15701
30458
56066
16137
41744
49123
63880
23952
13102
20481
64317
24388
20917
28295
6595
32203
57810
54339
50868
10939
18318
54775
22225
29604
26132
51740
19190
26569
23097
27005
34383
41762
38291
34820
23970
31348
38727
35256
42634
20934
64771
53921
24842
57828
54357
61735
40035
47414
25714
4014
7922
4450
19208
26586
33965
41344
8794
5323
49159
56537
5759
56973
35274
60881
64788
61317
3160
65224
14446
58282
54811
62189
22261
18789
15318
22697
48304
44833
33983
30512
63498
23569
38326
24005
49613
46141
60899
2741
17499
14027
28785
61771
40071
54828
62207
11428
62643
59172
19243
4922
48758
27058
12737
27494
24023
31402
46159
31838
28367
53974
50503
17953
7103
61789
58317
54846
62225
47904
15354
11882
8411
23169
37926
63533
23605
9283
60498
49648
17098
50084
64842
43142
21442
65278
43578
40107
51393
37071
59208
8429
41415
63551
23622
1923
16680
38816
24495
10173
24931
39688
36217
50974
40124
14953
11482
8011
40997
55754
4975
37962
23640
1940
45776
60534
27984
13663
46649
21477
61842
214
14971
55336
62714
59243
37543
30601
8901
41887
9337
34944
49702
24530
28438
43195
54481
40160
14989
29746
15425
11954
8482
41468
37997
41905
27583
49719
24548
10227
61442
47120
61878
249
62314
11535
62750
1121
12408
45394
31072
27601
13280
53645
21095
6773
28909
32817
54953
40632
15461
8518
59733
23711
45848
38905
53662
28491
39777
61913
29363
62350
37178
22857
8536
1593
5501
56715
20694
2902
25038
36324
58460
15060
37196
55861
41540
16368
56733
20712
13769
54134
47192
54570
29399
62385
37214
4664
26800
38086
41994
16822
28108
50245
43302
51117
62403
11624
30289
30725
23783
42447
9898
42884
32470
43756
36813
58949
4700
23364
16422
38558
60694
24673
14259
62002
44210
810
41175
5153
63747
38576
31633
24691
54205
54641
40320
33378
4735
63329
19929
60293
49880
21237
61602
62038
7788
22545
4753
16039
5625
31669
13876
32541
40356
40792
48607
59893
13022
13458
13894
25180
7388
44281
881
16075
63818
27797
53840
17819
21727
14784
26070
26506
8714
45607
38665
20872
3080
21744
51259
4388
59510
30868
60382
6133
46497
10476
47370
40427
935
63435
13093
24379
17436
17873
62145
7895
37410
26996
56511
27868
24833
36119
47405
29613
59127
12256
49150
9657
39172
46987
47423
552
19217
30503
45696
35282
17490
28776
32683
14891
59163
30521
38335
2314
2750
32265
7094
43987
18816
11874
23160
27067
20124
31411
31847
43133
17962
169
55291
26649
45314
27521
57036
10165
3222
11037
37080
19288
12345
23631
42296
60961
14090
32755
22341
44477
55763
8892
9328
13235
64450
10200
50565
14544
25830
47966
11945
30610
38424
13253
64468
46675
39733
51019
51455
22812
52327
5456
24121
17178
57543
57979
3729
44094
44530
8509
1566
56689
9817
39332
43240
57997
51054
44112
26319
1148
19813
56706
2457
42821
17650
10708
43694
54980
29808
59323
45002
19831
12888
35024
57160
42839
46747
28954
32861
44148
29826
33734
15941
19849
52835
27663
24192
35478
57614
61522
54579
329
40694
51980
55888
59795
5545
64139
13360
53725
57632
6853
36368
22047
44183
48091
44619
1219
5127
45492
12942
16849
57214
42893
65029
29007
11215
15122
44637
22937
55923
30752
16431
31188
45945
13396
64610
39439
50725
36404
18611
51597
26426
30334
26862
23391
56377
60285
35113
28171
24699
10378
43364
10814
43800
58558
26008
40765
55523
12123
63337
30788
16466
20374
6052
57267
42946
46853
3453
18211
51197
418
26026
22554
55540
59448
8669
59884
56413
31241
27770
60756
35585
3035
28642
43400
10850
36457
14757
436
33422
37330
62937
1308
5216
56431
34731
2181
53395
2617
35603
3053
36039
10868
54704
40383
36911
22590
37347
59483
56012
52541
38220
63827
23898
20427
53413
2635
35621
3071
46907
54285
3507
36
14793
29550
33458
908
33894
48651
52559
27387
5687
2216
60810
20881
6560
39546
61682
58211
62118
22189
55175
4397
55612
4833
8740
5269
9177
23934
38691
16991
13520
35656
3106
36092
43471
71
51286
26115
30022
55629
12230
8758
23516
38273
5723
64317
13538
24824
39581
46960
43489
58246
14846
47832
33511
37419
23097
19626
34383
1833
34820
31348
9648
6177
2706
64770
57828
43507
36564
51321
7922
30058
26586
30494
23551
27459
42216
46123
13574
53938
28767
61753
21824
18353
40489
44397
40925
55683
23133
37890
30948
34855
2305
6213
2741
53956
57864
25314
10992
51357
47886
40943
63079
8829
23587
38344
13173
13609
57445
21424
36181
3631
25768
40525
15354
30111
41397
16226
27512
42269
64406
13627
28384
61370
7121
50957
18407
58771
15371
30129
63115
30565
37944
41851
56609
20587
13645
35781
17988
32746
44032
58789
4539
8447
48811
49248
64005
2376
53591
46649
39706
25385
58371
44050
18878
4557
52301
56208
23658
9337
31473
17152
50138
17588
32345
65331
21931
36689
40596
62732
22804
44940
56226
12826
38869
13698
6756
28892
51028
54935
58843
41050
59715
27165
56680
31508
35416
10245
28909
40196
4174
26310
19368
41504
16333
38469
38905
6355
43249
18077
21985
33271
55407
48464
59750
49337
53244
20694
13752
61495
61931
36760
11589
55861
38068
31126
5955
6391
14205
54570
36778
58914
33743
63257
38086
38522
13351
17258
28545
21602
3809
4246
44610
45046
38104
38540
38976
39412
50698
61985
25963
22928
23364
34650
64165
28144
2973
65474
15131
52025
52461
5590
35104
13841
54205
62020
15149
62892
52479
23836
31651
3008
21673
29488
59003
52060
41646
49461
13440
32105
21691
29506
863
26907
45572
53386
13894
14330
22145
40810
23017
52532
2189
2626
28669
27
36920
8278
63400
63836
24343
64708
14366
3952
55603
16110
2225
57347
32612
22198
4406
44771
41735
56929
53894
25251
43916
19181
26996
38282
35247
3133
58255
29613
63035
60000
2279
39172
46987
62180
11838
19653
45696
24432
3169
40062
40498
11856
12292
30957
38771
46586
7094
29666
8402
12746
17089
32283
169
55291
63106
30992
27957
35772
21887
29702
15816
31010
57054
57490
10618
62269
22777
19742
13235
46657
7165
4130
37552
56653
6311
39733
51455
48420
1549
49292
57107
61450
258
33680
59724
49310
53653
47147
51491
33698
1584
35006
10271
3765
48037
5073
45874
35460
39804
25919
12034
12906
35478
58050
51544
37659
5545
24646
10761
55033
22919
38113
38985
61557
58522
33787
19902
24245
17739
47690
26426
27298
57249
35986
40329
837
41637
64210
28625
58576
12140
23863
24735
54686
11722
23444
2617
43418
29532
26497
59920
6106
54285
26079
63409
64281
28696
22189
926
45634
17428
29150
11793
49123
6159
40018
37419
49141
46106
17899
11393
12265
46123
17917
62189
4904
53084
24877
18371
55701
63952
53974
47467
63097
45741
39234
40107
30129
16680
6702
7574
55754
45776
35799
40578
63587
6302
7174
8046
34526
64913
29328
26729
1994
54081
15024
34125
53226
39777
18950
52808
13752
58460
12461
24619
14642
8571
53280
65438
8153
52861
17712
19021
19893
46373
40302
16003
39012
65491
22964
2572
25581
30360
20383
25162
22563
9114
21273
62510
63818
6533
11313
56457
54294
26524
49532
25233
59092
2243
3551
44788
35247
62163
19635
50022
43952
8803
57418
43969
30957
21415
52238
6239
44005
30992
57908
15380
31446
205
31028
39715
5002
10218
62741
13271
3729
2003
32826
59742
28500
45002
10289
41112
2928
37223
53725
4254
38985
33351
42038
14704
1691
10814
12559
7361
56849
26043
42545
51669
3071
5251
14375
23498
50850
31330
40890
32220
41344
54374
9684
51793
57445
12318
25785
20587
4539
43177
48829
8046
24984
5901
55825
43248
27200
15060
10298
45901
15968
58513
57659
60276
19056
32959
21255
31250
33867
11313
10458
38682
30885
44788
33084
65215
24432
12728
55709
51384
10601
17561
64450
12817
48856
62759
58433
14615
64975
31571
31589
31606
6017
60284
5616
60320
9123
12612
23480
12212
15701
30040
7921
37018
33564
59190
55736
52719
45358
1976
64058
28491
32416
43720
7717
52007
1682
6043
3026
3480
11749
41718
10058
7040
11402
44842
56582
39243
641
49274
32372
58869
23738
17686
58940
5581
46835
854
13030
58629
1798
50867
23115
61335
55718
24931
26257
34526
267
34579
40685
2519
22946
46844
8242
10004
51259
42171
54784
34846
44859
35772
16270
40169
31517
4201
24628
41148
29461
28188
12594
11321
36092
42634
48304
11010
57917
1958
62750
32835
61513
17276
9933
16039
4352
480
80
61308
17071
27521
9328
45385
30227
8126
15104
51597
47725
22154
29568
22225
11410
4067
22768
33653
33253
62367
55024
29452
15167
26488
37810
5732
38753
42260
34917
2403
28482
10289
17267
31624
6488
17810
10903
22225
29639
29675
58789
667
25874
8117
41575
16439
3026
36048
62127
18762
52220
4948
34063
63613
6364
18558
48544
23845
60774
14374
19190
12719
53555
39270
25856
51935
5100
20329
50315
21272
44
3987
33974
12745
38825
64904
7654
18976
63720
53342
24735
54721
14392
11829
52229
37943
41886
9372
28509
22038
37267
13004
42554
61254
58255
44405
62670
19305
38442
24592
25500
7743
7779
52523
27387
39145
36582
40961
45340
13698
4192
12042
26399
44663
5643
16964
39572
54801
15344
26666
31045
16760
13760
61975
818
22554
19554
49541
6613
65242
11028
4557
27165
5500
31143
31615
57694
13894
35193
63871
20507
13164
38807
31464
56670
2020
5963
56777
1691
37311
36911
22189
36110
50467
9701
8865
18878
58842
58442
28962
57204
9497
56403
26488
480
65180
13564
56564
26648
3676
53617
41495
29372
6835
60685
37712
15175
17810
20444
943
43506
17062
34018
7138
1522
29764
2447
48482
10752
42029
827
13876
9132
43880
56929
47841
60889
27067
43586
34499
3711
60159
65393
19412
57196
55487
35549
55540
20845
47342
5269
32202
4886
20533
36617
56172
13662
58388
15442
23275
42830
46755
47645
22492
34232
42500
10404
25616
55584
9167
10057
3569
11401
23141
20124
49657
47075
14543
26283
56252
38913
53689
21593
55033
15558
62883
41201
16047
19973
60355
35202
43034
36546
36564
29639
4485
51811
48357
4539
8028
62732
8064
40631
37178
54988
11170
43738
7298
3845
47262
14294
3026
20836
38646
5242
8731
4405
18744
3569
21815
14454
53965
16653
45313
22759
40569
40151
54054
57106
12852
52362
15051
54561
28535
35059
38112
62865
29461
39456
9087
52069
36893
28660
60355
23043
58646
21334
5723
8339
54356
46123
34419
51793
14481
53555
37943
22331
46648
27565
26274
61877
49737
37596
7663
21130
63675
62385
57623
31161
11642
6880
5589
55513
39901
31232
37320
58166
13039
62527
50386
20017
55184
35665
26995
51312
42643
34410
25740
27921
37916
44005
24485
52273
7583
17142
44930
51018
42349
51908
32389
60177
15051
31552
63248
47200
5545
36804
35513
26844
36403
6034
15593
61610
13012
29950
28660
63826
33457
50395
59955
33057
17009
44797
46977
5758
44396
24877
52665
29674
35762
60079
33181
6719
52736
18896
39305
12407
18931
61477
34579
15496
32870
17258
63275
58513
13822
53333
8642
29487
57276
23435
19109
61655
28250
1788
4405
36101
13110
8348
3586
28339
45713
26630
25776
21450
13653
8891
62723
61868
10235
20667
34134
37187
32861
58050
28553
31606
23809
45090
44672
36875
11285
39946
53849
2652
63862
45215
37418
4450
25731
61770
24895
28384
24930
46212
38415
19768
15442
7645
65384
35887
64984
31579
2082
49407
45954
35122
49897
60765
35175
42572
27832
13092
27431
60435
46132
49621
38353
2349
64432
6292
39296
6764
46710
14614
25918
15522
37240
19465
63319
30787
56848
53395
20863
53866
43470
25696
54792
29639
22714
44868
52264
12790
9772
24984
7645
58878
55860
45464
27689
57222
35976
47280
40355
37338
49078
2225
57801
43497
43951
19234
45295
42714
7147
51873
49292
13724
29372
55869
24209
7307
11668
55958
56412
61210
35
19154
45651
57827
47431
15771
30983
9737
54463
667
37578
64512
39794
44592
60239
65037
827
38174
53822
18691
38246
32193
18762
60017
21414
59634
64868
44058
8927
42803
4200
1619
6417
15558
64191
47725
4779
42999
3960
41308
10084
22260
16207
27948
631
20186
39741
55825
43266
33742
32033
22073
23399
42954
55566
39100
14819
23960
29194
48749
43132
30137
57071
55362
5909
61922
58904
45473
35949
26862
57703
19536
53849
47796
64316
58263
27476
10573
7992
8882
10208
51463
27182
46737
59785
6862
22509
49443
51205
59910
61236
15691
39153
33101
5349
35753
8437
20613
240
15887
39349
40676
45909
3835
48562
42945
33421
46034
33039
20044
21370
30075
63951
44013
1503
31908
40613
41939
47173
48063
49389
18166
33813
60747
18673
31285
53875
22652
35264
36154
29665
49220
43604
37551
12834
61468
33715
64120
25081
15122
59848
20373
13884
453
33893
1797
32202
44378
9247
42687
54863
51846
4992
27583
6773
61913
62803
9007
9897
3408
3862
48152
34721
17382
39536
43898
22652
4877
60017
60471
20996
7129
40569
4565
27155
5909
17213
58468
4672
15976
27280
12976
60302
45998
42981
40400
55175
943
27004
49158
46140
2758
43141
17988
14534
62295
37142
7645
29363
3773
54569
50680
32905
25980
11241
51187
51205
21272
61218
46915
33048
47823
33083
36572
3604
25322
40097
25793
25811
14543
14125
17614
9817
27627
56287
59340
22465
44182
47671
25989
51178
43381
24734
38637
26933
23043
37382
59100
33510
29185
57845
64369
49193
59625
26221
195
10627
6301
60569
27164
11988
22420
39794
57605
9443
45046
7734
14258
9932
5607
48588
51205
20836
23453
22598
61672
17418
53021
23088
47840
32665
42660
56127
11437
28811
27956
34044
204
31899
56216
18904
10235
34552
22411
57578
38495
44147
32006
45037
43746
9469
800
25117
16884
12122
65081
52504
29514
31695
59483
58192
30858
7431
60390
47814
64316
51739
10084
37436
46559
8375
47013
49193
36617
20133
50956
60079
36652
45775
18441
53172
47538
13261
15006
1993
54516
45411
47155
56278
54552
20275
32869
45464
43737
1646
25090
63292
39429
62874
20782
25998
12985
36430
23417
10404
1299
57293
40809
9567
47333
37792
46479
40844
27395
40426
20035
32629
63016
46096
47404
45241
32229
44823
64360
36590
63506
17943
8401
46167
47476
19705
31864
54872
1494
13653
40569
45348
28428
62286
45366
57524
55362
41913
32371
11543
56252
21103
7654
8962
2892
51508
45437
53688
29389
45019
42420
36350
59358
53288
6853
782
23791
28570
364
48544
60266
46817
58975
45526
13849
55086
63337
42509
50760
33403
41654
39055
10849
26479
31258
57738
40382
41254
20426
39527
11321
4814
20444
10466
18717
4832
42162
61263
3978
48686
17008
65188
36982
34383
64333
39598
22242
59572
60444
53937
36581
19225
24004
50484
25749
34000
27493
10137
14481
59189
41832
42705
36198
55299
23185
5829
21023
36216
631
19732
42304
50555
25820
55771
60115
13679
36252
667
59696
64040
17605
51027
1121
63621
38886
61459
266
62767
38032
34997
17640
21984
37177
52371
31107
6372
28944
738
52389
45882
46755
54569
44156
8570
5535
64565
50680
11187
33759
38103
5989
39411
11205
19020
55913
52878
57222
28579
22073
62874
5153
64182
50297
3426
25998
59420
27306
20800
6915
7351
51623
55967
52932
17347
29069
22562
30377
45571
49914
17800
14765
59038
56002
63817
42553
17818
29541
52113
52985
31721
54293
40408
26523
49095
16982
6568
47369
55184
15691
1806
64307
61272
14400
26123
23088
5295
2260
53911
32647
58690
37427
27013
13128
50021
14000
32665
37008
15744
49167
49603
2732
17925
14890
4476
37898
27484
20978
36172
11436
55709
52674
46167
28811
168
26212
4948
5384
2349
10164
65286
22322
26666
31009
57053
17560
32754
58797
1076
5420
31463
35807
58379
51872
56216
27573
42767
50582
54925
59269
45384
2420
43221
21957
33679
56252
34988
10253
61904
4182
1147
16341
5927
2892
36314
51508
12015
27209
53252
13760
47182
25918
62811
52398
20284
53706
21592
47636
4672
59794
27680
35495
17703
22046
11632
37676
5562
13377
21192
29006
7743
33786
41601
23808
13395
28588
43782
51597
22954
23826
39020
57685
58557
29914
8651
60301
60738
32095
3453
58575
48161
26897
42091
64663
54249
3906
37329
41672
20408
46452
65117
51232
889
34311
42126
64698
17827
62099
48214
8722
31294
57337
46924
36510
15246
4832
27404
16991
32184
29149
40871
8757
16572
6158
32202
40017
18753
4868
23533
56955
64770
43506
33092
30057
45250
23986
13573
21387
124
44396
4903
27476
17062
43105
58299
55264
52228
23586
16643
13608
57880
47467
37053
12318
1904
17097
61369
177
15371
15807
12772
13208
54009
58352
55317
23203
9318
64440
39705
33199
1085
60114
9772
57515
7173
58824
19331
16296
53190
10226
25419
25856
15442
52335
23693
2429
35851
14587
29781
1138
16332
5918
31962
25019
58441
8099
41521
9407
35451
25037
22002
37195
45010
38067
16804
21147
58041
40248
48063
19420
27235
42429
28544
28980
337
33759
23346
5553
20747
61547
22055
791
30742
16857
2972
47244
7752
37266
41610
56803
39011
35976
54641
29905
26870
16456
60729
17765
54658
26016
22981
38174
9532
20818
6933
11276
15620
27342
2607
3479
44280
26924
53403
57747
33012
52113
52985
13929
51258
12202
42153
6568
43897
8312
1806
16999
17872
18744
34374
42625
32647
48277
56527
28321
50893
40916
63488
31810
21832
19233
9256
13599
11000
59180
41823
64832
47475
1040
9291
31864
58343
33608
23630
35353
58361
1076
27556
54035
51436
30609
38860
47111
4147
1548
38877
50600
37151
38023
53653
51054
22847
35006
65393
48036
56287
24609
40239
37640
16812
64992
44164
5108
24209
61539
55468
42019
39420
44200
34222
60702
54195
818
1690
42927
51178
19500
35130
50760
33403
41654
65535
65535
65535
65535
65535
65535
65535
65535
65535
65535
65535
65535
65535
65535
65535
65535
65535
65535
65535
65535
65535
65535
65535
65535
65535
65535
65535
65535
65535
65535
65535
65535
65535
65535
65535
65535
65535
65535
65535
65535
65535
65535
65535
65535
65535
65535
65535
65535
65535
65535
65535
65535
65535
65535
65535
65535
65535
65535
65535
65535
65535
65535
65535
65535
65535
65535
65535
65535
65535
65535
65535
65535
65535
65535
65535
65535
65535
65535
65535
65535
65535
65535
65535
65535
65535
65535
65535
65535
65535
65535
65535
65535
65535
65535
65535
65535
65535
65535
65535
65535
65535
65535
65535
65535
65535
65535
65535
65535
65535
65535
65535
65535
65535
65535
65535
65535
65535
65535
65535
65535
65535
65535
65535
65535
65535
65535
65535
65535
65535
65535
65535
65535
65535
65535
65535
65535
65535
65535
65535
65535
65535
65535
65535
65535
65535
65535
65535
65535
65535
65535
65535
65535
65535
65535
65535
65535
65535
65535
65535
65535
65535
65535
65535
65535
65535
65535
65535
65535
65535
65535
65535
65535
65535
65535
65535
65535
65535
65535
65535
65535
65535
65535
65535
65535
65535
65535
65535
65535
65535
65535
65535
65535
65535
65535
65535
65535
65535
65535
65535
65535
65535
65535
65535
65535
65535
65535
65535
65535
65535
65535
65535
65535
65535
65535
65535
65535
65535
65535
65535
65535
65535
65535
65535
65535
65535
65535
65535
65535
65535
65535
65535
65535
65535
65535
65535
65535
65535
65535
65535
65535
65535
65535
65535
65535
65535
65535
65535
65535
65535
65535
65535
65535
65535
65535
65535
65535
65535
65535
65535
65535
65535
65535
65535
65535
65535
65535
65535
65535
65535
65535
65535
65535
65535
65535
65535
65535
65535
65535
65535
65535
65535
65535
65535
65535
65535
65535
65535
65535
65535
65535
65535
65535
65535
65535
65535
65535
65535
65535
65535
65535
65535
65535
65535
65535
65535
65535
65535
65535
65535
65535
65535
65535
65535
65535
65535
65535
65535
65535
65535
65535
65535
65535
65535
65535
65535
65535
65535
65535
65535
65535
65535
65535
65535
65535
65535
65535
65535
65535
65535
65535
65535
65535
65535
65535
65535
65535
65535
65535
65535
65535
65535
65535
65535
65535
65535
65535
65535
65535
65535
65535
65535
65535
65535
65535
65535
65535
65535
65535
65535
65535
65535
65535
65535
65535
65535
65535
65535
65535
65535
65535
65535
65535
65535
65535
65535
65535
65535
65535
65535
65535
65535
65535
65535
65535
65535
65535
65535
65535
65535
65535
65535
65535
65535
65535
65535
65535
65535
65535
65535
65535
65535
65535
65535
65535
65535
65535
65535
65535
65535
65535
65535
65535
65535
65535
65535
65535
65535
65535
65535
65535
65535
65535
65535
65535
65535
65535
65535
65535
65535
65535
65535
65535
65535
65535
65535
65535
65535
65535
65535
65535
65535
65535
65535
65535
65535
65535
65535
65535
65535
65535
65535
65535
65535
65535
65535
65535
65535
65535
65535
65535
65535
65535
65535
65535
65535
65535
65535
65535
65535
65535
65535
65535
65535
65535
65535
65535
65535
65535
65535
65535
65535
65535
65535
65535
65535
65535
65535
65535
65535
65535
65535
65535
65535
65535
65535
65535
65535
65535
65535
65535
65535
65535
65535
65535
65535
65535
65535
65535
65535
65535
65535
65535
65535
65535
65535
65535
65535
65535
65535
65535
65535
65535
65535
65535
65535
65535
65535
65535
65535
65535
65535
65535
65535
65535
65535
65535
65535
65535
65535
65535
65535
65535
65535
65535
65535
65535
65535
65535
65535
65535
65535
65535
65535
65535
65535
65535
65535
65535
65535
65535
65535
65535
65535
65535
65535
65535
65535
65535
65535
65535
65535
65535
65535
65535
65535
65535
65535
65535
65535
65535
65535
65535
65535
65535
65535
65535
65535
65535
65535
65535
65535
65535
65535
65535
65535
65535
65535
65535
65535
65535
65535
65535
65535
65535
65535
65535
65535
65535
65535
65535
65535
65535
65535
65535
65535
65535
65535
65535
65535
65535
65535
65535
65535
65535
65535
65535
65535
65535
65535
65535
65535
65535
65535
65535
65535
65535
65535
65535
65535
65535
65535
65535
65535
65535
65535
65535
65535
65535
65535
65535
65535
65535
65535
65535
65535
65535
65535
65535
65535
65535
65535
65535
65535
65535
65535
65535
65535
65535
65535
65535
65535
65535
65535
65535
65535
65535
65535
65535
65535
65535
65535
65535
65535
65535
65535
65535
65535
65535
65535
65535
65535
65535
65535
65535
65535
65535
65535
65535
65535
65535
65535
65535
65535
65535
65535
65535
65535
65535
65535
65535
65535
65535
65535
65535
65535
65535
65535
65535
65535
65535
65535
65535
65535
65535
65535
65535
65535
65535
65535
65535
65535
65535
65535
65535
65535
65535
65535
65535
65535
65535
65535
65535
65535
65535
65535
65535
65535
65535
65535
65535
65535
65535
65535
65535
65535
65535
65535
65535
65535
65535
65535
65535
65535
65535
65535
65535
65535
65535
65535
65535
65535
65535
65535
65535
65535
65535
65535
65535
65535
65535
65535
65535
65535
65535
65535
65535
65535
65535
65535
65535
65535
65535
65535
65535
65535
65535
65535
65535
65535
65535
65535
65535
65535
65535
65535
65535
65535
65535
65535
65535
65535
65535
65535
65535
65535
65535
65535
65535
65535
65535
65535
65535
65535
65535
65535
65535
65535
65535
65535
65535
65535
65535
65535
65535
65535
65535
65535
65535
65535
65535
65535
65535
65535
65535
65535
65535
65535
65535
65535
65535
65535
65535
65535
65535
65535
65535
65535
65535
65535
65535
65535
65535
65535
65535
65535
65535
65535
65535
65535
65535
65535
65535
65535
65535
65535
65535
65535
65535
65535
65535
65535
65535
65535
65535
65535
65535
65535
65535
65535
65535
65535
65535
65535
65535
65535
65535
65535
65535
65535
65535
65535
65535
65535
65535
65535
65535
65535
65535
65535
65535
65535
65535
65535
65535
65535
65535
65535
65535
65535
65535
65535
65535
65535
65535
65535
65535
65535
65535
65535
65535
65535
65535
65535
65535
65535
65535
65535
65535
65535
65535
65535
65535
65535
65535
65535
65535
65535
65535
65535
65535
65535
65535
65535
65535
65535
65535
65535
65535
65535
65535
65535
65535
65535
65535
65535
65535
65535
65535
65535
65535
65535
65535
65535
65535
65535
65535
65535
65535
65535
65535
65535
65535
65535
65535
65535
65535
65535
65535
65535
65535
65535
65535
65535
65535
65535
65535
65535
65535
65535
65535
65535
65535
65535
65535
65535
65535
65535
65535
65535
65535
65535
65535
65535
65535
65535
65535
65535
65535
65535
65535
65535
65535
65535
65535
65535
65535
65535
65535
65535
65535
65535
65535
65535
65535
65535
65535
65535
65535
65535
65535
65535
65535
65535
65535
65535
65535
65535
65535
65535
65535
65535
65535
65535
65535
65535
65535
65535
65535
65535
65535
65535
65535
65535
65535
65535
65535
65535
65535
65535
65535
65535
65535
65535
65535
65535
65535
65535
65535
65535
65535
65535
65535
65535
65535
65535
65535
65535
65535
65535
65535
65535
65535
65535
65535
65535
65535
65535
65535
65535
65535
65535
65535
65535
65535
65535
65535
65535
65535
65535
65535
65535
65535
65535
65535
65535
65535
65535
65535
65535
65535
65535
65535
65535
65535
65535
65535
65535
65535
65535
65535
65535
65535
65535
65535
65535
65535
65535
65535
65535
65535
65535
65535
65535
65535
65535
65535
65535
65535
65535
65535
65535
65535
65535
65535
65535
65535
65535
65535
65535
65535
65535
65535
65535
65535
65535
65535
65535
65535
65535
65535
65535
65535
65535
65535
65535
65535
65535
65535
65535
65535
65535
65535
65535
65535
65535
65535
65535
65535
65535
65535
65535
65535
65535
65535
65535
65535
65535
65535
65535
65535
65535
65535
65535
65535
65535
65535
65535
65535
65535
65535
65535
65535
65535
65535
65535
65535
65535
65535
65535
65535
65535
65535
65535
65535
65535
65535
65535
65535
65535
65535
65535
65535
65535
65535
65535
65535
65535
65535
65535
65535
65535
65535
65535
65535
65535
65535
65535
65535
65535
65535
65535
65535
65535
65535
65535
65535
65535
65535
65535
65535
65535
65535
65535
65535
65535
65535
65535
65535
65535
65535
65535
65535
65535
65535
65535
65535
65535
65535
65535
65535
65535
65535
65535
65535
65535
65535
65535
65535
65535
65535
65535
65535
65535
65535
65535
65535
65535
65535
65535
65535
65535
65535
65535
65535
65535
65535
65535
65535
65535
65535
65535
65535
65535
65535
65535
65535
65535
65535
65535
65535
65535
65535
65535
65535
65535
65535
65535
65535
65535
65535
65535
65535
65535
65535
65535
65535
65535
65535
65535
65535
65535
65535
65535
65535
65535
65535
65535
65535
65535
65535
65535
65535
65535
65535
65535
65535
65535
65535
65535
65535
65535
65535
65535
65535
65535
65535
65535
65535
65535
65535
65535
65535
65535
65535
65535
65535
65535
65535
65535
65535
65535
65535
65535
65535
65535
65535
65535
65535
65535
65535
65535
65535
65535
65535
65535
65535
65535
65535
65535
65535
65535
65535
65535
65535
65535
65535
65535
65535
65535
65535
65535
65535
65535
65535
65535
65535
65535
65535
65535
65535
65535
65535
65535
65535
65535
65535
65535
65535
65535
65535
65535
65535
65535
65535
65535
65535
65535
65535
65535
65535
65535
65535
65535
65535
65535
65535
65535
65535
65535
65535
65535
65535
65535
65535
65535
65535
65535
65535
65535
65535
65535
65535
65535
65535
65535
65535
65535
65535
65535
65535
65535
65535
65535
65535
65535
65535
65535
65535
65535
65535
65535
65535
65535
65535
65535
65535
65535
65535
65535
65535
65535
65535
65535
65535
65535
65535
65535
65535
65535
65535
65535
65535
65535
65535
65535
65535
65535
65535
65535
65535
65535
65535
65535
65535
65535
65535
65535
65535
65535
65535
65535
65535
65535
65535
65535
65535
65535
65535
65535
65535
65535
65535
65535
65535
65535
65535
65535
65535
65535
65535
65535
65535
65535
65535
65535
65535
65535
65535
65535
65535
65535
65535
65535
65535
65535
65535
65535
65535
65535
65535
65535
65535
65535
65535
65535
65535
65535
65535
65535
65535
65535
65535
65535
65535
65535
65535
65535
65535
65535
65535
65535
65535
65535
65535
65535
65535
65535
65535
65535
65535
65535
65535
65535
65535
65535
65535
65535
65535
65535
65535
65535
65535
65535
65535
65535
65535
65535
65535
65535
65535
65535
65535
65535
65535
65535
65535
65535
65535
65535
65535
65535
65535
65535
65535
65535
65535
65535
65535
65535
65535
65535
65535
65535
65535
65535
65535
65535
65535
65535
65535
65535
65535
65535
65535
65535
65535
65535
65535
65535
65535
65535
65535
65535
65535
65535
65535
65535
65535
65535
65535
65535
65535
65535
65535
65535
65535
65535
65535
65535
65535
65535
65535
65535
65535
65535
65535
65535
65535
65535
65535
65535
65535
65535
65535
65535
65535
65535
65535
65535
65535
65535
65535
65535
65535
65535
65535
65535
65535
65535
65535
65535
65535
65535
65535
65535
65535
65535
65535
65535
65535
65535
65535
65535
65535
65535
65535
65535
65535
65535
65535
65535
65535
65535
65535
65535
65535
65535
65535
65535
65535
65535
65535
65535
65535
65535
65535
65535
65535
65535
65535
65535
65535
65535
65535
65535
65535
65535
65535
65535
65535
65535
65535
65535
65535
65535
65535
65535
65535
65535
65535
65535
65535
65535
65535
65535
65535
65535
65535
65535
65535
65535
65535
65535
65535
65535
65535
65535
65535
65535
65535
65535
65535
65535
65535
65535
65535
65535
65535
65535
65535
65535
65535
65535
65535
65535
65535
65535
65535
65535
65535
65535
65535
65535
65535
65535
65535
65535
65535
65535
65535
65535
65535
65535
65535
65535
65535
65535
65535
65535
65535
65535
65535
65535
65535
65535
65535
65535
65535
65535
65535
65535
65535
65535
65535
65535
65535
65535
65535
65535
65535
65535
65535
65535
65535
65535
65535
65535
65535
65535
65535
65535
65535
65535
65535
65535
65535
65535
65535
65535
65535
65535
65535
65535
65535
65535
65535
65535
65535
65535
65535
65535
65535
65535
65535
65535
65535
65535
65535
65535
65535
65535
65535
65535
65535
65535
65535
65535
65535
65535
65535
65535
65535
65535
65535
65535
65535
65535
65535
65535
65535
65535
65535
65535
65535
65535
65535
65535
65535
65535
65535
65535
65535
65535
65535
65535
65535
65535
65535
65535
65535
65535
65535
65535
65535
65535
65535
65535
65535
65535
65535
65535
65535
65535
65535
65535
65535
65535
65535
65535
65535
65535
65535
65535
65535
65535
65535
65535
65535
65535
65535
65535
65535
65535
65535
65535
65535
65535
65535
65535
65535
65535
65535
65535
65535
65535
65535
65535
65535
65535
65535
65535
65535
65535
65535
65535
65535
65535
65535
65535
65535
65535
65535
65535
65535
65535
65535
65535
65535
65535
65535
65535
65535
65535
65535
65535
65535
65535
65535
65535
65535
65535
65535
65535
65535
65535
65535
65535
65535
65535
65535
65535
65535
65535
65535
65535
65535
65535
65535
65535
65535
65535
65535
65535
65535
65535
65535
65535
65535
65535
65535
65535
65535
65535
65535
65535
65535
65535
65535
65535
65535
65535
65535
65535
65535
65535
65535
65535
65535
65535
65535
65535
65535
65535
65535
65535
65535
65535
65535
65535
65535
65535
65535
65535
65535
65535
65535
65535
65535
65535
65535
65535
65535
65535
65535
65535
65535
65535
65535
65535
65535
65535
65535
65535
65535
65535
65535
65535
65535
65535
65535
65535
65535
65535
65535
65535
65535
65535
65535
65535
65535
65535
65535
65535
65535
65535
65535
65535
65535
65535
65535
65535
65535
65535
65535
65535
65535
65535
65535
65535
65535
65535
65535
65535
65535
65535
65535
65535
65535
65535
65535
65535
65535
65535
65535
65535
65535
65535
65535
65535
65535
65535
65535
65535
65535
65535
65535
65535
65535
65535
65535
65535
65535
65535
65535
65535
65535
65535
65535
65535
65535
65535
65535
65535
65535
65535
65535
65535
65535
65535
65535
65535
65535
65535
65535
65535
65535
65535
65535
65535
65535
65535
65535
65535
65535
65535
65535
65535
65535
65535
65535
65535
65535
65535
65535
65535
65535
65535
65535
65535
65535
65535
65535
65535
65535
65535
65535
65535
65535
65535
65535
65535
65535
65535
65535
65535
65535
65535
65535
65535
65535
65535
65535
65535
65535
65535
65535
65535
65535
65535
65535
65535
65535
65535
65535
65535
65535
65535
65535
65535
65535
65535
65535
65535
65535
65535
65535
65535
65535
65535
65535
65535
65535
65535
65535
65535
65535
65535
65535
65535
65535
65535
65535
65535
65535
65535
65535
65535
65535
65535
65535
65535
65535
65535
65535
65535
65535
65535
65535
65535
65535
65535
65535
65535
65535
65535
65535
65535
65535
65535
65535
65535
65535
65535
65535
65535
65535
65535
65535
65535
65535
65535
65535
65535
65535
65535
65535
65535
65535
65535
65535
65535
65535
65535
65535
65535
65535
65535
65535
65535
65535
65535
65535
65535
65535
65535
65535
65535
65535
65535
65535
65535
65535
65535
65535
65535
65535
65535
65535
65535
65535
65535
65535
65535
65535
65535
65535
65535
65535
65535
65535
65535
65535
65535
65535
65535
65535
65535
65535
65535
65535
65535
65535
65535
65535
65535
65535
65535
65535
65535
65535
65535
65535
65535
65535
65535
65535
65535
65535
65535
65535
65535
65535
65535
65535
65535
65535
65535
65535
65535
65535
65535
65535
65535
65535
65535
65535
65535
65535
65535
65535
65535
65535
65535
65535
65535
65535
65535
65535
65535
65535
65535
65535
65535
65535
65535
65535
65535
65535
65535
65535
65535
65535
65535
65535
65535
65535
65535
65535
65535
65535
65535
65535
65535
65535
65535
65535
65535
65535
65535
65535
65535
65535
65535
65535
65535
65535
65535
65535
65535
65535
65535
65535
65535
65535
65535
65535
65535
65535
65535
65535
65535
65535
65535
65535
65535
65535
65535
65535
65535
65535
65535
65535
65535
65535
65535
65535
65535
65535
65535
65535
65535
65535
65535
65535
65535
65535
65535
65535
65535
65535
65535
65535
65535
65535
65535
65535
65535
65535
65535
65535
65535
65535
65535
65535
65535
65535
65535
65535
65535
65535
65535
65535
65535
65535
65535
65535
65535
65535
65535
65535
65535
65535
65535
65535
65535
65535
65535
65535
65535
65535
65535
65535
65535
65535
65535
65535
65535
65535
65535
65535
65535
65535
65535
65535
65535
65535
65535
65535
65535
65535
65535
65535
65535
65535
65535
65535
65535
65535
65535
65535
65535
65535
65535
65535
65535
65535
65535
65535
65535
65535
65535
65535
65535
65535
65535
65535
65535
65535
65535
65535
65535
65535
65535
65535
65535
65535
65535
65535
65535
65535
65535
65535
65535
65535
65535
65535
65535
65535
65535
65535
65535
65535
65535
65535
65535
65535
65535
65535
65535
65535
65535
65535
65535
65535
65535
65535
65535
65535
65535
65535
65535
65535
65535
65535
65535
65535
65535
65535
65535
65535
65535
65535
65535
65535
65535
65535
65535
65535
65535
65535
65535
65535
65535
65535
65535
65535
65535
65535
65535
65535
65535
65535
65535
65535
65535
65535
65535
65535
65535
65535
65535
65535
65535
65535
65535
65535
65535
65535
65535
65535
65535
65535
65535
65535
65535
65535
65535
65535
65535
65535
65535
65535
65535
65535
65535
65535
65535
65535
65535
65535
65535
65535
65535
65535
65535
65535
65535
65535
65535
65535
65535
65535
65535
65535
65535
65535
65535
65535
65535
65535
65535
65535
65535
65535
65535
65535
65535
65535
65535
65535
65535
65535
65535
65535
65535
65535
65535
65535
65535
65535
65535
65535
65535
65535
65535
65535
65535
65535
65535
65535
65535
65535
65535
65535
65535
65535
65535
65535
65535
65535
65535
65535
65535
65535
65535
65535
65535
65535
65535
65535
65535
65535
65535
65535
65535
65535
65535
65535
65535
65535
65535
65535
65535
65535
65535
65535
65535
65535
65535
65535
65535
65535
65535
65535
65535
65535
65535
65535
65535
65535
65535
65535
65535
65535
65535
65535
65535
65535
65535
65535
65535
65535
65535
65535
65535
65535
65535
65535
65535
65535
65535
65535
65535
65535
65535
65535
65535
65535
65535
65535
65535
65535
65535
65535
65535
65535
65535
65535
65535
65535
65535
65535
65535
65535
65535
65535
65535
65535
65535
65535
65535
65535
65535
65535
65535
65535
65535
65535
65535
65535
65535
65535
65535
65535
65535
65535
65535
65535
65535
65535
65535
65535
65535
65535
65535
65535
65535
65535
65535
65535
65535
65535
65535
65535
65535
65535
65535
65535
65535
65535
65535
65535
65535
65535
65535
65535
65535
65535
65535
65535
65535
65535
65535
65535
65535
65535
65535
65535
65535
65535
65535
65535
65535
65535
65535
65535
65535
65535
65535
65535
65535
65535
65535
65535
65535
65535
65535
65535
65535
65535
65535
65535
65535
65535
65535
65535
65535
65535
65535
65535
65535
65535
65535
65535
65535
65535
65535
65535
65535
65535
65535
65535
65535
65535
65535
65535
65535
65535
65535
65535
65535
65535
65535
65535
65535
65535
65535
65535
65535
65535
65535
65535
65535
65535
65535
65535
65535
65535
65535
65535
65535
65535
65535
65535
65535
65535
65535
65535
65535
65535
65535
65535
65535
65535
65535
65535
65535
65535
65535
65535
65535
65535
65535
65535
65535
65535
65535
65535
65535
65535
65535
65535
65535
65535
65535
65535
65535
65535
65535
65535
65535
65535
65535
65535
65535
65535
65535
65535
65535
65535
65535
65535
65535
65535
65535
65535
65535
65535
65535
65535
65535
65535
65535
65535
65535
65535
65535
65535
65535
65535
65535
65535
65535
65535
65535
65535
65535
65535
65535
65535
65535
65535
65535
65535
65535
65535
65535
65535
65535
65535
65535
65535
65535
65535
65535
65535
65535
65535
65535
65535
65535
65535
65535
65535
65535
65535
65535
65535
65535
65535
65535
65535
65535
65535
65535
65535
65535
65535
65535
65535
65535
65535
65535
65535
65535
65535
65535
65535
65535
65535
65535
65535
65535
65535
65535
65535
65535
65535
65535
65535
65535
65535
65535
65535
65535
65535
65535
65535
65535
65535
65535
65535
65535
65535
65535
65535
65535
65535
65535
65535
65535
65535
65535
65535
65535
65535
65535
65535
65535
65535
65535
65535
65535
65535
65535
65535
65535
65535
65535
65535
65535
65535
65535
65535
65535
65535
65535
65535
65535
65535
65535
65535
65535
65535
65535
65535
65535
65535
65535
65535
65535
65535
65535
65535
65535
65535
65535
65535
65535
65535
65535
65535
65535
65535
65535
65535
65535
65535
65535
65535
65535
65535
65535
65535
65535
65535
65535
65535
65535
65535
65535
65535
65535
65535
65535
65535
65535
65535
65535
65535
65535
65535
65535
65535
65535
65535
65535
65535
65535
65535
65535
65535
65535
65535
65535
65535
65535
65535
65535
65535
65535
65535
65535
65535
65535
65535
65535
65535
65535
65535
65535
65535
65535
65535
65535
65535
65535
65535
65535
65535
65535
65535
65535
65535
65535
65535
65535
65535
65535
65535
65535
65535
65535
65535
65535
65535
65535
65535
65535
65535
65535
65535
65535
65535
65535
65535
65535
65535
65535
65535
65535
65535
65535
65535
65535
65535
65535
65535
65535
65535
65535
65535
65535
65535
65535
65535
65535
65535
65535
65535
65535
65535
65535
65535
65535
65535
65535
65535
65535
65535
65535
65535
65535
65535
65535
65535
65535
65535
65535
65535
65535
65535
65535
65535
65535
65535
65535
65535
65535
65535
65535
65535
65535
65535
65535
65535
65535
65535
65535
65535
65535
65535
65535
65535
65535
65535
65535
65535
65535
65535
65535
65535
65535
65535
65535
65535
65535
65535
65535
65535
65535
65535
65535
65535
65535
65535
65535
65535
65535
65535
65535
65535
65535
65535
65535
65535
65535
65535
65535
65535
65535
65535
65535
65535
65535
65535
65535
65535
65535
65535
65535
65535
65535
65535
65535
65535
65535
65535
65535
65535
65535
65535
65535
65535
65535
65535
65535
65535
65535
65535
65535
65535
65535
65535
65535
65535
65535
65535
65535
65535
65535
65535
65535
65535
65535
65535
65535
65535
65535
65535
65535
65535
65535
65535
65535
65535
65535
65535
65535
65535
65535
65535
65535
65535
65535
65535
65535
65535
65535
65535
65535
65535
65535
65535
65535
65535
65535
65535
65535
65535
65535
65535
65535
65535
65535
65535
65535
65535
65535
65535
65535
65535
65535
65535
65535
65535
65535
65535
65535
65535
65535
65535
65535
65535
65535
65535
65535
65535
65535
65535
65535
65535
65535
65535
65535
65535
65535
65535
65535
65535
65535
65535
65535
65535
65535
65535
65535
65535
65535
65535
65535
65535
65535
65535
65535
65535
65535
65535
65535
65535
65535
65535
65535
65535
65535
65535
65535
65535
65535
65535
65535
65535
65535
65535
65535
65535
65535
65535
65535
65535
65535
65535
65535
65535
65535
65535
65535
65535
65535
65535
65535
65535
65535
65535
65535
65535
65535
65535
65535
65535
65535
65535
65535
65535
65535
65535
65535
65535
65535
65535
65535
65535
65535
65535
65535
65535
65535
65535
65535
65535
65535
65535
65535
65535
65535
65535
65535
65535
65535
65535
65535
65535
65535
65535
65535
65535
65535
65535
65535
65535
65535
65535
65535
65535
65535
65535
65535
65535
65535
65535
65535
65535
65535
65535
65535
65535
65535
65535
65535
65535
65535
65535
65535
65535
65535
65535
65535
65535
65535
65535
65535
65535
65535
65535
65535
65535
65535
65535
65535
65535
65535
65535
65535
65535
65535
65535
65535
65535
65535
65535
65535
65535
65535
65535
65535
65535
65535
65535
65535
65535
65535
65535
65535
65535
65535
65535
65535
65535
65535
65535
65535
65535
65535
65535
65535
65535
65535
65535
65535
65535
65535
65535
65535
65535
65535
65535
65535
65535
65535
65535
65535
65535
65535
65535
65535
65535
65535
65535
65535
65535
65535
65535
65535
65535
65535
65535
65535
65535
65535
65535
65535
65535
65535
65535
65535
65535
65535
65535
65535
65535
65535
65535
65535
65535
65535
65535
65535
65535
65535
65535
65535
65535
65535
65535
65535
65535
65535
65535
65535
65535
65535
65535
65535
65535
65535
65535
65535
65535
65535
65535
65535
65535
65535
65535
65535
65535
65535
65535
65535
65535
65535
65535
65535
65535
65535
65535
65535
65535
65535
65535
65535
65535
65535
65535
65535
65535
65535
65535
65535
65535
65535
65535
65535
65535
65535
65535
65535
65535
65535
65535
65535
65535
65535
65535
65535
65535
65535
65535
65535
65535
65535
65535
65535
65535
65535
65535
65535
65535
65535
65535
65535
65535
65535
65535
65535
65535
65535
65535
65535
65535
65535
65535
65535
65535
65535
65535
65535
65535
65535
65535
65535
65535
65535
65535
65535
65535
65535
65535
65535
65535
65535
65535
65535
65535
65535
65535
65535
65535
65535
65535
65535
65535
65535
65535
65535
65535
65535
65535
65535
65535
65535
65535
65535
65535
65535
65535
65535
65535
65535
65535
65535
65535
65535
65535
65535
65535
65535
65535
65535
65535
65535
65535
65535
65535
65535
65535
65535
65535
65535
65535
65535
65535
65535
65535
65535
65535
65535
65535
65535
65535
65535
65535
65535
65535
65535
65535
65535
65535
65535
65535
65535
65535
65535
65535
65535
65535
65535
65535
65535
65535
65535
65535
65535
65535
65535
65535
65535
65535
65535
65535
65535
65535
65535
65535
65535
65535
65535
65535
65535
65535
65535
65535
65535
65535
65535
65535
65535
65535
65535
65535
65535
65535
65535
65535
65535
65535
65535
65535
65535
65535
65535
65535
65535
65535
65535
65535
65535
65535
65535
65535
65535
65535
65535
65535
65535
65535
65535
65535
65535
65535
65535
65535
65535
65535
65535
65535
65535
65535
65535
65535
65535
65535
65535
65535
65535
65535
65535
65535
65535
65535
65535
65535
65535
65535
65535
65535
65535
65535
65535
65535
65535
65535
65535
65535
65535
65535
65535
65535
65535
65535
65535
65535
65535
65535
65535
65535
65535
65535
65535
65535
65535
65535
65535
65535
65535
65535
65535
65535
65535
65535
65535
65535
65535
65535
65535
65535
65535
65535
65535
65535
65535
65535
65535
65535
65535
65535
65535
65535
65535
65535
65535
65535
65535
65535
65535
65535
65535
65535
65535
65535
65535
65535
65535
65535
65535
65535
65535
65535
65535
65535
65535
65535
65535
65535
65535
65535
65535
65535
65535
