0
0
0
0
0
0
0
0
0
0
0
0
0
0
0
0
0
0
0
0
0
0
0
0
0
0
0
0
0
0
0
0
0
0
0
0
0
0
0
0
0
0
0
0
0
0
0
0
0
0
0
0
0
0
0
0
0
0
0
0
0
0
0
0
0
0
0
0
0
0
0
0
0
0
0
0
0
0
0
0
0
0
0
0
0
0
0
0
0
0
0
0
0
0
0
0
0
0
0
0
0
0
0
0
0
0
0
0
0
0
0
0
0
0
0
0
0
0
0
0
0
0
0
0
0
0
0
0
0
0
0
0
0
0
0
0
0
0
0
0
0
0
0
0
0
0
0
0
0
0
0
0
0
0
0
0
0
0
0
0
0
0
0
0
0
0
0
0
0
0
0
0
0
0
0
0
0
0
0
0
0
0
0
0
0
0
0
0
0
0
0
0
0
0
0
0
0
0
0
0
0
0
0
0
0
0
0
0
0
0
0
0
0
0
0
0
0
0
0
0
0
0
0
0
0
0
0
0
0
0
0
0
0
0
0
0
0
0
0
0
0
0
0
0
0
0
0
0
0
0
0
0
0
0
0
0
0
0
0
0
0
0
0
0
0
0
0
0
0
0
0
0
0
0
0
0
0
0
0
0
0
0
0
0
0
0
0
0
0
0
0
0
0
0
0
0
0
0
0
0
0
0
0
0
0
0
0
0
0
0
0
0
0
0
0
0
0
0
0
0
0
0
0
0
0
0
0
0
0
0
0
0
0
0
0
0
0
0
0
0
0
0
0
0
0
0
0
0
0
0
0
0
0
0
0
0
0
0
0
0
0
0
0
0
0
0
0
0
0
0
0
0
0
0
0
0
0
0
0
0
0
0
0
0
0
0
0
0
0
0
0
0
0
0
0
0
0
0
0
0
0
0
0
1
3
6
7
10
12
15
18
21
24
26
29
31
34
37
37
40
43
46
49
51
53
56
58
59
63
66
69
71
74
77
79
84
85
87
90
92
96
98
100
104
108
111
115
120
124
126
129
131
133
138
142
145
148
151
155
158
161
165
167
172
175
178
179
182
184
187
191
193
196
199
203
207
211
214
218
222
225
229
231
235
238
240
243
245
247
251
255
258
262
264
267
271
274
276
278
283
285
287
290
292
295
297
300
303
305
311
313
318
320
323
326
328
331
334
337
341
346
349
351
354
357
360
362
366
369
371
372
373
375
377
379
382
385
388
391
395
398
403
404
407
409
412
415
419
423
425
429
431
433
435
438
442
445
448
450
451
455
456
459
461
463
465
468
471
474
476
477
480
482
485
487
492
495
497
499
501
506
509
511
512
516
520
523
525
528
530
534
537
540
543
546
549
552
557
559
562
567
569
573
577
579
582
583
586
588
590
592
596
601
604
606
611
616
619
621
624
628
631
634
639
643
646
649
653
656
660
662
666
670
675
679
682
684
688
692
695
700
701
705
710
713
715
718
722
725
731
735
738
744
747
751
757
762
766
770
772
776
779
781
784
788
792
796
799
804
808
810
814
819
822
826
829
833
837
842
845
848
850
854
857
860
863
867
869
875
879
881
883
888
892
897
900
903
908
914
918
921
925
928
933
935
939
942
946
949
954
959
963
967
971
974
977
981
985
990
994
997
1003
1005
1007
1010
1015
1019
1022
1025
1029
1034
1036
1039
1043
1045
1049
1051
1056
1058
1061
1066
1072
1075
1080
1081
1086
1091
1095
1101
1104
1107
1110
1113
1117
1121
1124
1128
1130
1133
1136
1139
1142
1145
1148
1151
1156
1160
1163
1166
1169
1172
1176
1179
1182
1184
1187
1190
1193
1196
1199
1203
1206
1209
1213
1215
1219
1223
1226
1228
1229
1232
1234
1238
1241
1243
1248
1250
1253
1255
1257
1260
1263
1265
1267
1270
1273
1276
1278
1280
1284
1286
1287
1289
1292
1295
1297
1300
1302
1305
1308
1311
1314
1317
1320
1324
1327
1328
1329
1331
1334
1337
1339
1342
1344
1346
1348
1352
1355
1357
1359
1362
1365
1367
1368
1370
1371
1374
1377
1377
1379
1383
1386
1388
1390
1392
1394
1397
1399
1401
1404
1407
1409
1411
1413
1416
1420
1421
1421
1423
1426
1428
1429
1432
1433
1436
1439
1440
1442
1444
1446
1448
1449
1451
1453
1454
1456
1458
1459
1462
1462
1465
1468
1470
1472
1474
1475
1478
1480
1483
1485
1488
1490
1490
1491
1493
1495
1496
1498
1500
1501
1504
1505
1507
1509
1511
1513
1515
1517
1520
1521
1522
1524
1525
1525
1527
1528
1530
1531
1534
1536
1539
1541
1543
1545
1549
1551
1552
1554
1555
1556
1557
1559
1561
1562
1565
1567
1568
1569
1571
1572
1576
1580
1582
1584
1587
1588
1589
1591
1594
1594
1596
1597
1599
1602
1605
1608
1610
1614
1616
1618
1621
1623
1625
1627
1629
1631
1634
1635
1636
1638
1640
1643
1645
1646
1648
1650
1653
1655
1657
1659
1661
1662
1664
1666
1667
1668
1670
1672
1674
1676
1677
1680
1681
1683
1685
1687
1689
1692
1695
1697
1700
1701
1703
1706
1707
1709
1711
1714
1716
1718
1720
1722
1723
1725
1728
1730
1732
1733
1735
1736
1737
1738
1741
1742
1745
1746
1748
1751
1752
1754
1756
1759
1761
1762
1765
1765
1767
1770
1771
1772
1774
1775
1779
1779
1781
1782
1784
1787
1787
1789
1790
1792
1794
1795
1796
1799
1799
1801
1803
1805
1806
1808
1809
1811
1813
1815
1817
1820
1822
1824
1826
1828
1830
1833
1835
1837
1840
1842
1844
1846
1847
1849
1851
1853
1854
1858
1859
1860
1862
1864
1865
1867
1869
1871
1872
1874
1875
1876
1879
1882
1884
1886
1888
1890
1891
1892
1895
1897
1899
1901
1903
1906
1906
1908
1910
1911
1913
1914
1916
1918
1920
1921
1923
1924
1925
1928
1929
1931
1933
1934
1936
1937
1939
1941
1942
1945
1947
1947
1951
1953
1954
1956
1957
1958
1960
1963
1965
1966
1967
1969
1972
1974
1975
1977
1980
1981
1984
1986
1988
1990
1992
1994
1996
1996
1998
2000
2000
2004
2005
2008
2009
2012
2014
2017
2020
2021
2023
2025
2028
2030
2031
2032
2033
2035
2037
2039
2040
2042
2044
2046
2048
2051
2053
2056
2058
2060
2064
2066
2068
2070
2072
2074
2078
2080
2081
2083
2085
2086
2088
2090
2093
2095
2097
2100
2102
2104
2107
2109
2111
2112
2115
2117
2119
2122
2123
2125
2128
2130
2133
2135
2137
2139
2142
2143
2146
2148
2151
2152
2154
2156
2157
2158
2161
2163
2164
2166
2167
2169
2171
2172
2174
2174
2176
2178
2179
2180
2181
2183
2185
2185
2187
2188
2190
2191
2193
2195
2197
2199
2201
2202
2204
2205
2206
2208
2209
2210
2212
2213
2214
2217
2219
2221
2222
2224
2225
2226
2228
2230
2231
2233
2234
2235
2237
2239
2240
2241
2242
2244
2246
2247
2249
2250
2251
2253
2255
2257
2258
2258
2261
2262
2264
2265
2268
2269
2271
2274
2275
2276
2278
2280
2281
2282
2283
2285
2286
2288
2289
2290
2291
2293
2295
2296
2298
2299
2301
2303
2306
2308
2310
2311
2312
2313
2316
2318
2319
2320
2323
2325
2327
2328
2331
2333
2335
2336
2339
2340
2342
2343
2345
2347
2349
2350
2351
2353
2354
2356
2358
2360
2362
2365
2366
2368
2370
2372
2374
2376
2378
2380
2382
2384
2385
2388
2390
2392
2394
2397
2398
2400
2403
2405
2407
2408
2410
2413
2415
2416
2418
2421
2422
2422
2424
2426
2427
2430
2433
2435
2437
2439
2441
2442
2444
2447
2449
2450
2453
2455
2457
2459
2461
2462
2464
2466
2470
2473
2476
2479
2481
2484
2486
2488
2490
2493
2496
2499
2501
2503
2505
2507
2508
2512
2514
2516
2518
2520
2523
2525
2528
2530
2531
2533
2536
2539
2541
2545
2548
2552
2554
2557
2558
2560
2562
2566
2568
2570
2573
2574
2576
2580
2583
2585
2589
2592
2596
2598
2601
2603
2605
2607
2609
2612
2615
2618
2622
2625
2627
2630
2632
2636
2637
2640
2642
2646
2650
2652
2655
2657
2660
2663
2666
2669
2672
2675
2678
2681
2685
2689
2691
2696
2699
2703
2705
2709
2713
2716
2719
2721
2725
2728
2731
2735
2738
2740
2745
2750
2753
2757
2760
2764
2767
2772
2775
2779
2782
2787
2791
2794
2798
2799
2803
2805
2809
2812
2815
2819
2822
2826
2830
2833
2837
2843
2847
2850
2855
2860
2864
2869
2872
2874
2880
2884
2888
2891
2896
2901
2905
2908
2911
2916
2922
2926
2931
2935
2938
2943
2946
2950
2954
2958
2962
2967
2970
2974
2980
2983
2987
2990
2996
3002
3005
3010
3015
3017
3022
3026
3032
3038
3043
3048
3054
3059
3065
3069
3075
3080
3085
3089
3094
3099
3103
3110
3114
3119
3125
3130
3133
3137
3141
3146
3151
3156
3160
3165
3170
3175
3179
3185
3190
3196
3200
3205
3208
3213
3218
3222
3229
3235
3243
3247
3251
3256
3262
3267
3271
3277
3281
3287
3294
3298
3302
3307
3311
3317
3322
3329
3333
3339
3344
3350
3355
3359
3366
3372
3377
3381
3384
3389
3395
3401
3407
3412
3417
3421
3425
3430
3434
3438
3442
3445
3449
3453
3458
3462
3466
3471
3476
3482
3487
3492
3496
3502
3506
3512
3518
3523
3527
3531
3536
3541
3547
3552
3558
3561
3565
3571
3576
3579
3581
3586
3589
3594
3598
3601
3606
3611
3617
3621
3623
3628
3632
3636
3641
3647
3651
3657
3662
3666
3669
3674
3679
3682
3687
3692
3696
3701
3707
3711
3714
3716
3720
3724
3729
3733
3738
3743
3748
3751
3755
3759
3761
3765
3769
3773
3776
3780
3784
3787
3790
3793
3796
3801
3804
3808
3811
3814
3819
3822
3824
3828
3830
3834
3837
3840
3844
3849
3852
3856
3859
3862
3867
3870
3873
3876
3879
3882
3886
3889
3892
3895
3897
3901
3904
3907
3910
3913
3916
3919
3922
3927
3932
3935
3939
3941
3943
3947
3950
3952
3954
3957
3959
3963
3967
3970
3975
3977
3981
3984
3986
3988
3990
3993
3997
4001
4003
4006
4008
4011
4013
4015
4018
4020
4022
4026
4028
4031
4034
4037
4040
4042
4045
4048
4052
4054
4056
4059
4060
4062
4064
4067
4070
4072
4074
4078
4080
4082
4086
4089
4090
4092
4095
4096
4098
4101
4103
4106
4107
4111
4114
4116
4118
4121
4123
4126
4128
4131
4133
4137
4138
4141
4143
4146
4148
4151
4153
4155
4158
4159
4161
4163
4165
4168
4170
4173
4174
4175
4178
4180
4182
4184
4187
4190
4192
4194
4197
4201
4203
4205
4208
4210
4213
4215
4218
4220
4223
4225
4227
4230
4232
4235
4238
4240
4243
4245
4247
4249
4251
4254
4257
4259
4260
4264
4266
4270
4273
4274
4278
4280
4282
4284
4287
4290
4293
4297
4299
4300
4302
4304
4308
4310
4313
4316
4319
4321
4323
4326
4328
4330
4332
4334
4336
4337
4341
4344
4348
4350
4354
4357
4359
4362
4366
4369
4371
4374
4377
4380
4384
4386
4388
4390
4393
4396
4398
4400
4403
4405
4409
4412
4415
4418
4420
4422
4425
4428
4431
4434
4436
4440
4443
4448
4450
4452
4456
4461
4462
4467
4469
4472
4475
4477
4481
4483
4487
4491
4495
4497
4500
4503
4505
4507
4512
4513
4516
4519
4523
4525
4527
4530
4531
4534
4536
4541
4545
4548
4553
4555
4559
4561
4566
4569
4572
4577
4579
4583
4585
4589
4593
4596
4598
4601
4605
4608
4612
4615
4618
4621
4624
4627
4629
4632
4634
4636
4640
4642
4645
4648
4650
4653
4657
4661
4667
4671
4675
4678
4681
4684
4687
4692
4697
4700
4704
4708
4711
4715
4720
4724
4729
4732
4736
4739
4743
4746
4751
4754
4759
4763
4766
4770
4773
4777
4781
4787
4790
4793
4797
4801
4806
4810
4814
4820
4825
4829
4833
4838
4844
4847
4852
4855
4859
4863
4867
4872
4876
4879
4883
4887
4892
4897
4900
4905
4909
4914
4919
4924
4928
4932
4937
4944
4949
4953
4957
4962
4966
4972
4980
4985
4990
4996
5000
5007
5010
5016
5022
5026
5032
5038
5044
5050
5055
5061
5065
5069
5075
5081
5086
5091
5097
5103
5109
5115
5120
5126
5133
5138
5144
5149
5154
5158
5166
5171
5177
5183
5188
5194
5199
5204
5211
5214
5222
5228
5235
5242
5250
5255
5264
5270
5275
5278
5285
5292
5299
5305
5310
5319
5325
5329
5336
5344
5349
5355
5362
5369
5376
5381
5387
5394
5402
5408
5414
5421
5428
5433
5438
5444
5449
5454
5460
5466
5473
5481
5488
5496
5504
5511
5519
5524
5530
5538
5545
5551
5559
5565
5573
5580
5586
5591
5597
5604
5611
5618
5627
5634
5641
5648
5655
5665
5673
5680
5689
5696
5702
5706
5712
5720
5729
5736
5742
5748
5756
5765
5773
5778
5786
5793
5802
5811
5817
5826
5834
5840
5848
5856
5864
5874
5882
5890
5899
5907
5915
5925
5933
5939
5947
5954
5964
5972
5979
5988
5996
6004
6013
6022
6029
6039
6048
6055
6063
6070
6078
6086
6096
6105
6116
6125
6135
6144
6153
6162
6174
6182
6190
6197
6204
6214
6223
6234
6244
6254
6264
6273
6280
6291
6302
6311
6321
6331
6340
6352
6364
6373
6380
6391
6400
6410
6422
6433
6439
6451
6460
6471
6480
6490
6501
6512
6521
6533
6543
6552
6562
6573
6586
6597
6607
6616
6627
6638
6651
6664
6676
6686
6696
6707
6721
6731
6743
6752
6764
6776
6786
6796
6809
6821
6833
6845
6856
6872
6886
6897
6911
6922
6936
6948
6959
6974
6989
6999
7010
7024
7038
7051
7062
7076
7093
7106
7119
7130
7143
7155
7168
7182
7195
7210
7222
7235
7251
7268
7284
7297
7311
7323
7340
7355
7368
7384
7400
7414
7428
7442
7457
7471
7484
7502
7518
7537
7553
7568
7586
7602
7616
7633
7651
7670
7686
7706
7724
7741
7759
7775
7797
7816
7832
7850
7872
7892
7911
7933
7950
7972
7990
8012
8031
8047
8068
8086
8107
8127
8151
8175
8198
8220
8241
8269
8294
8315
8336
8357
8384
8410
8436
8457
8481
8512
8535
8558
8584
8613
8637
8662
8687
8710
8744
8771
8803
8832
8855
8880
8908
8937
8969
9002
9030
9062
9092
9121
9155
9188
9219
9249
9283
9315
9346
9382
9416
9449
9483
9517
9550
9583
9617
9651
9689
9725
9760
9797
9831
9865
9906
9940
9975
10017
10059
10100
10137
10179
10221
10261
10301
10342
10380
10420
10459
10498
10539
10583
10626
10670
10719
10760
10806
10849
10901
10946
10992
11039
11087
11137
11187
11236
11283
11336
11387
11442
11491
11541
11590
11641
11693
11752
11808
11865
11918
11975
12031
12086
12143
12198
12256
12312
12375
12434
12495
12553
12615
12676
12741
12798
12851
12918
12977
13047
13111
13178
13243
13302
13364
13419
13482
13543
13607
13680
13743
13812
13877
13945
14008
14075
14139
14214
14283
14355
14424
14499
14574
14639
14713
14791
14860
14930
15005
15083
15161
15244
15314
15389
15470
15549
15624
15702
15780
15864
15943
16020
16101
16181
16265
16346
16429
16514
16597
16682
16765
16854
16937
17016
17099
17182
17265
17352
17440
17528
17620
17706
17788
17871
17958
18048
18132
18212
18293
18381
18469
18557
18645
18730
18814
18897
18983
19063
19152
19243
19331
19428
19514
19604
19692
19783
19868
19951
20039
20135
20233
20326
20419
20508
20603
20700
20793
20885
20972
21069
21159
21249
21340
21433
21518
21609
21696
21789
21880
21970
22060
22156
22244
22339
22429
22519
22612
22693
22789
22876
22963
23050
23137
23231
23324
23415
23513
23601
23690
23781
23873
23957
24045
24139
24231
24325
24414
24498
24593
24681
24774
24870
24962
25054
25151
25251
25341
25422
25506
25602
25690
25782
25873
25964
26052
26144
26231
26322
26415
26508
26590
26681
26774
26867
26954
27043
27136
27228
27314
27399
27488
27578
27661
27738
27816
27904
27987
28072
28155
28235
28319
28406
28487
28566
28640
28719
28801
28877
28958
29034
29108
29181
29263
29342
29422
29495
29575
29653
29728
29806
29879
29956
30031
30106
30177
30248
30318
30388
30464
30538
30609
30685
30757
30829
30898
30968
31041
31110
31178
31239
31312
31375
31443
31512
31578
31649
31715
31786
31850
31916
31979
32045
32117
32181
32244
32309
32371
32431
32489
32546
32610
32674
32736
32798
32851
32912
32970
33033
33087
33146
33203
33259
33312
33363
33411
33468
33513
33565
33611
33662
33715
33765
33814
33865
33918
33970
34021
34069
34120
34169
34215
34269
34314
34365
34416
34468
34512
34562
34611
34660
34701
34745
34791
34836
34881
34927
34975
35026
35068
35114
35160
35201
35245
35286
35326
35368
35410
35449
35493
35530
35571
35610
35652
35696
35734
35774
35812
35849
35886
35921
35961
35995
36034
36069
36111
36152
36187
36219
36255
36289
36326
36363
36397
36432
36468
36503
36535
36570
36606
36639
36674
36707
36742
36773
36801
36834
36869
36900
36929
36961
36993
37025
37055
37085
37111
37142
37175
37207
37239
37269
37299
37329
37357
37389
37416
37448
37476
37504
37537
37566
37594
37621
37650
37681
37708
37737
37764
37793
37823
37849
37877
37907
37933
37957
37985
38013
38040
38067
38093
38121
38147
38178
38204
38229
38260
38288
38315
38341
38372
38398
38424
38452
38478
38504
38531
38557
38583
38605
38634
38659
38683
38707
38734
38760
38786
38814
38840
38866
38894
38921
38948
38975
39003
39030
39056
39082
39107
39133
39158
39187
39212
39239
39265
39294
39322
39350
39376
39407
39433
39463
39488
39514
39547
39575
39601
39633
39665
39695
39721
39750
39781
39816
39847
39877
39903
39933
39967
39995
40030
40061
40091
40120
40149
40178
40207
40240
40272
40304
40336
40370
40406
40435
40467
40499
40534
40570
40599
40634
40668
40706
40744
40779
40815
40850
40887
40923
40964
41000
41034
41074
41107
41144
41180
41220
41255
41292
41329
41369
41413
41448
41484
41521
41555
41591
41626
41664
41705
41740
41778
41819
41863
41906
41950
41991
42032
42075
42115
42155
42194
42238
42283
42323
42361
42408
42451
42495
42539
42584
42624
42674
42720
42768
42808
42855
42898
42943
42991
43035
43080
43124
43172
43219
43260
43306
43352
43397
43440
43489
43538
43587
43639
43683
43732
43780
43827
43873
43922
43968
44014
44063
44114
44162
44214
44259
44306
44357
44405
44459
44511
44564
44618
44670
44724
44777
44832
44889
44939
44987
45034
45089
45140
45192
45245
45301
45349
45404
45453
45502
45555
45607
45654
45712
45763
45818
45872
45927
45985
46037
46091
46148
46205
46261
46316
46371
46430
46492
46552
46606
46663
46717
46776
46830
46885
46948
47004
47066
47117
47179
47233
47285
47345
47401
47457
47508
47571
47628
47685
47744
47809
47867
47931
47984
48041
48098
48159
48221
48277
48340
48400
48457
48518
48578
48636
48700
48760
48817
48866
48921
48979
49042
49103
49167
49226
49282
49346
49402
49467
49524
49578
49630
49687
49742
49798
49855
49921
49983
50037
50095
50157
50215
50272
50335
50395
50451
50509
50565
50628
50684
50743
50797
50857
50914
50974
51035
51088
51149
51207
51268
51328
51388
51445
51503
51557
51621
51677
51733
51791
51848
51908
51960
52017
52077
52131
52189
52250
52311
52361
52421
52482
52534
52585
52642
52703
52759
52810
52866
52924
52980
53034
53087
53140
53189
53240
53295
53344
53394
53450
53506
53563
53612
53668
53717
53765
53815
53869
53916
53968
54020
54072
54123
54170
54218
54273
54325
54370
54420
54469
54516
54563
54610
54659
54709
54758
54805
54855
54904
54950
55005
55057
55103
55149
55194
55235
55280
55329
55383
55427
55474
55522
55567
55616
55662
55707
55753
55797
55843
55889
55927
55967
56008
56047
56086
56133
56179
56219
56259
56301
56334
56374
56419
56469
56513
56553
56593
56633
56673
56717
56762
56804
56842
56879
56919
56955
56992
57028
57063
57100
57140
57180
57224
57262
57298
57335
57369
57402
57441
57480
57520
57561
57595
57631
57664
57699
57735
57770
57806
57842
57876
57913
57948
57983
58019
58051
58088
58121
58153
58185
58218
58252
58286
58319
58349
58377
58407
58439
58469
58505
58537
58570
58603
58638
58669
58698
58729
58761
58793
58821
58851
58880
58908
58940
58966
58994
59022
59049
59081
59104
59132
59156
59183
59208
59234
59262
59293
59322
59344
59367
59396
59421
59447
59474
59495
59519
59541
59564
59586
59609
59633
59654
59675
59697
59722
59747
59770
59790
59809
59830
59854
59875
59896
59918
59937
59962
59982
60000
60017
60038
60058
60079
60101
60126
60145
60164
60186
60205
60223
60243
60262
60280
60299
60317
60335
60353
60371
60389
60410
60425
60445
60463
60478
60494
60510
60529
60542
60566
60583
60602
60616
60631
60646
60663
60681
60700
60715
60731
60747
60768
60784
60799
60814
60830
60844
60857
60872
60886
60902
60915
60930
60942
60957
60971
60988
61001
61017
61029
61040
61055
61068
61083
61097
61111
61125
61136
61150
61162
61174
61188
61201
61215
61226
61240
61253
61266
61277
61286
61295
61308
61322
61335
61348
61361
61372
61384
61395
61405
61416
61428
61439
61451
61464
61475
61485
61495
61507
61517
61528
61537
61549
61560
61571
61579
61589
61599
61611
61622
61635
61644
61655
61667
61676
61685
61695
61705
61715
61724
61734
61744
61757
61768
61777
61788
61797
61807
61815
61826
61836
61846
61855
61865
61873
61883
61890
61897
61907
61917
61925
61936
61945
61954
61962
61973
61981
61991
61999
62007
62018
62025
62038
62044
62053
62061
62070
62076
62085
62092
62102
62110
62117
62124
62131
62140
62148
62159
62166
62175
62185
62191
62197
62207
62214
62222
62230
62237
62245
62253
62261
62268
62279
62285
62290
62297
62305
62311
62320
62328
62335
62343
62351
62357
62365
62372
62380
62389
62397
62402
62408
62416
62423
62433
62442
62451
62457
62464
62472
62480
62487
62493
62500
62506
62513
62522
62531
62539
62549
62556
62564
62572
62580
62588
62596
62602
62610
62616
62623
62631
62637
62644
62650
62659
62666
62671
62678
62685
62692
62698
62705
62711
62719
62724
62729
62734
62742
62749
62756
62761
62767
62774
62781
62787
62794
62800
62809
62816
62825
62831
62838
62847
62857
62863
62869
62876
62881
62888
62894
62899
62908
62916
62924
62930
62937
62944
62950
62957
62965
62971
62979
62987
62996
63004
63010
63017
63023
63031
63039
63047
63056
63064
63071
63080
63088
63095
63104
63111
63118
63125
63132
63138
63145
63152
63159
63166
63173
63179
63186
63193
63200
63205
63211
63219
63226
63234
63240
63249
63254
63262
63268
63273
63281
63287
63293
63301
63307
63313
63319
63326
63332
63338
63343
63349
63356
63363
63369
63375
63385
63392
63397
63407
63413
63420
63427
63432
63438
63444
63449
63455
63462
63469
63477
63483
63491
63498
63506
63513
63519
63524
63532
63540
63547
63553
63561
63567
63573
63581
63588
63596
63602
63608
63614
63621
63627
63635
63641
63648
63655
63664
63672
63678
63684
63690
63696
63703
63711
63716
63723
63729
63736
63742
63749
63756
63763
63769
63775
63782
63788
63795
63803
63809
63815
63822
63829
63836
63842
63846
63853
63859
63865
63871
63880
63886
63893
63899
63908
63915
63920
63927
63932
63940
63948
63955
63963
63971
63976
63985
63994
64002
64010
64018
64022
64030
64037
64044
64051
64056
64065
64072
64077
64083
64088
64094
64101
64108
64115
64122
64128
64135
64141
64147
64151
64158
64166
64173
64181
64187
64193
64200
64207
64213
64217
64224
64232
64237
64242
64248
64254
64260
64267
64275
64280
64286
64293
64299
64304
64311
64319
64326
64333
64342
64350
64358
64364
64371
64375
64383
64390
64395
64402
64407
64416
64423
64429
64435
64444
64449
64455
64462
64469
64475
64479
64487
64495
64503
64512
64521
64531
64539
64549
64560
64568
64577
64587
64597
64609
64619
64631
64640
64650
64660
64670
64679
64686
64696
64706
64718
64729
64740
64752
64763
64774
64782
64793
64801
64814
64825
64837
64848
64856
64868
64877
64887
64900
64910
64921
64932
64940
64951
64960
64971
64980
64993
65005
65016
65027
65039
65051
65062
65073
65082
65094
65104
65113
65126
65136
65148
65160
65171
65185
65199
65209
65220
65233
65245
65257
65269
65278
65290
65302
65312
65322
65336
65349
65361
65374
65385
65396
65405
65420
65430
65443
65454
65467
65479
65491
65501
65512
65535
65535
65535
65535
65535
65535
65535
65535
65535
65535
65535
65535
65535
65535
65535
65535
65535
65535
65535
65535
65535
65535
65535
65535
65535
65535
65535
65535
65535
65535
65535
65535
65535
65535
65535
65535
65535
65535
65535
65535
65535
65535
65535
65535
65535
65535
65535
65535
65535
65535
65535
65535
65535
65535
65535
65535
65535
65535
65535
65535
65535
65535
65535
65535
65535
65535
65535
65535
65535
65535
65535
65535
65535
65535
65535
65535
65535
65535
65535
65535
65535
65535
65535
65535
65535
65535
65535
65535
65535
65535
65535
65535
65535
65535
65535
65535
65535
65535
65535
65535
65535
65535
65535
65535
65535
65535
65535
65535
65535
65535
65535
65535
65535
65535
65535
65535
65535
65535
65535
65535
65535
65535
65535
65535
65535
65535
65535
65535
65535
65535
65535
65535
65535
65535
65535
65535
65535
65535
65535
65535
65535
65535
65535
65535
65535
65535
65535
65535
65535
65535
65535
65535
65535
65535
65535
65535
65535
65535
65535
65535
65535
65535
65535
65535
65535
65535
65535
65535
65535
65535
65535
65535
65535
65535
65535
65535
65535
65535
65535
65535
65535
65535
65535
65535
65535
65535
65535
65535
65535
65535
65535
65535
65535
65535
65535
65535
65535
65535
65535
65535
65535
65535
65535
65535
65535
65535
65535
65535
65535
65535
65535
65535
65535
65535
65535
65535
65535
65535
65535
65535
65535
65535
65535
65535
65535
65535
65535
65535
65535
65535
65535
65535
65535
65535
65535
65535
65535
65535
65535
65535
65535
65535
65535
65535
65535
65535
65535
65535
65535
65535
65535
65535
65535
65535
65535
65535
65535
65535
65535
65535
65535
65535
65535
65535
65535
65535
65535
65535
65535
65535
65535
65535
65535
65535
65535
65535
65535
65535
65535
65535
65535
65535
65535
65535
65535
65535
65535
65535
65535
65535
65535
65535
65535
65535
65535
65535
65535
65535
65535
65535
65535
65535
65535
65535
65535
65535
65535
65535
65535
65535
65535
65535
65535
65535
65535
65535
65535
65535
65535
65535
65535
65535
65535
65535
65535
65535
65535
65535
65535
65535
65535
65535
65535
65535
65535
65535
65535
65535
65535
65535
65535
65535
65535
65535
65535
65535
65535
65535
65535
65535
65535
65535
65535
65535
65535
65535
65535
65535
65535
65535
65535
65535
65535
65535
65535
65535
65535
65535
65535
65535
65535
65535
65535
65535
65535
65535
65535
65535
65535
65535
65535
65535
65535
65535
65535
65535
65535
65535
65535
65535
65535
65535
65535
65535
65535
65535
65535
65535
65535
65535
65535
65535
65535
65535
65535
65535
65535
65535
65535
65535
65535
65535
65535
65535
65535
65535
65535
65535
65535
65535
65535
65535
65535
65535
65535
65535
65535
65535
65535
65535
65535
65535
65535
65535
65535
65535
65535
65535
65535
65535
65535
65535
65535
65535
65535
65535
65535
65535
65535
65535
65535
65535
65535
65535
65535
65535
65535
65535
65535
65535
65535
65535
65535
65535
65535
65535
65535
65535
65535
65535
65535
65535
65535
65535
65535
65535
65535
65535
65535
65535
65535
65535
65535
65535
65535
65535
65535
65535
65535
65535
65535
65535
65535
65535
65535
65535
65535
65535
65535
65535
65535
65535
65535
65535
65535
65535
65535
65535
65535
65535
65535
65535
65535
65535
65535
65535
65535
65535
65535
65535
65535
65535
65535
65535
65535
65535
65535
65535
65535
65535
65535
65535
65535
65535
65535
65535
65535
65535
65535
65535
65535
65535
65535
65535
65535
65535
65535
65535
65535
65535
65535
65535
65535
65535
65535
65535
65535
65535
65535
65535
65535
65535
65535
65535
65535
65535
65535
65535
65535
65535
65535
65535
65535
65535
65535
65535
65535
65535
65535
65535
65535
65535
65535
65535
65535
65535
65535
65535
65535
65535
65535
65535
65535
65535
65535
65535
65535
65535
65535
65535
65535
65535
65535
65535
65535
65535
65535
65535
65535
65535
65535
65535
65535
65535
65535
65535
65535
65535
65535
65535
65535
65535
65535
65535
65535
65535
65535
65535
65535
65535
65535
65535
65535
65535
65535
65535
65535
65535
65535
65535
65535
65535
65535
65535
65535
65535
65535
65535
65535
65535
65535
65535
65535
65535
65535
65535
65535
65535
65535
65535
65535
65535
65535
65535
65535
65535
65535
65535
65535
65535
65535
65535
65535
65535
65535
65535
65535
65535
65535
65535
65535
65535
65535
65535
65535
65535
65535
65535
65535
65535
65535
65535
65535
65535
65535
65535
65535
65535
65535
65535
65535
65535
65535
65535
65535
65535
65535
65535
65535
65535
65535
65535
65535
65535
65535
65535
65535
65535
65535
65535
65535
65535
65535
65535
65535
65535
65535
65535
65535
65535
65535
65535
65535
65535
65535
65535
65535
65535
65535
65535
65535
65535
65535
65535
65535
65535
65535
65535
65535
65535
65535
65535
65535
65535
65535
65535
65535
65535
65535
65535
65535
65535
65535
65535
65535
65535
65535
65535
65535
65535
65535
65535
65535
65535
65535
65535
65535
65535
65535
65535
65535
65535
65535
65535
65535
65535
65535
65535
65535
65535
65535
65535
65535
65535
65535
65535
65535
65535
65535
65535
65535
65535
65535
65535
65535
65535
65535
65535
65535
65535
65535
65535
65535
65535
65535
65535
65535
65535
65535
65535
65535
65535
65535
65535
65535
65535
65535
65535
65535
65535
65535
65535
65535
65535
65535
65535
65535
65535
65535
65535
65535
65535
65535
65535
65535
65535
65535
65535
65535
65535
65535
65535
65535
65535
65535
65535
65535
65535
65535
65535
65535
65535
65535
65535
65535
65535
65535
65535
65535
65535
65535
65535
65535
65535
65535
65535
65535
65535
65535
65535
65535
65535
65535
65535
65535
65535
65535
65535
65535
65535
65535
65535
65535
65535
65535
65535
65535
65535
65535
65535
65535
65535
65535
65535
65535
65535
65535
65535
65535
65535
65535
65535
65535
65535
65535
65535
65535
65535
65535
65535
65535
65535
65535
65535
65535
65535
65535
65535
65535
65535
65535
65535
65535
65535
65535
65535
65535
65535
65535
65535
65535
65535
65535
65535
65535
65535
65535
65535
65535
65535
65535
65535
65535
65535
65535
65535
65535
65535
65535
65535
65535
65535
65535
65535
65535
65535
65535
65535
65535
65535
65535
65535
65535
65535
65535
65535
65535
65535
65535
65535
65535
65535
65535
65535
65535
65535
65535
65535
65535
65535
65535
65535
65535
65535
65535
65535
65535
65535
65535
65535
65535
65535
65535
65535
65535
65535
65535
65535
65535
65535
65535
65535
65535
65535
65535
65535
65535
65535
65535
65535
65535
65535
65535
65535
65535
65535
65535
65535
65535
65535
65535
65535
65535
65535
65535
65535
65535
65535
65535
65535
65535
65535
65535
65535
65535
65535
65535
65535
65535
65535
65535
65535
65535
65535
65535
65535
65535
65535
65535
65535
65535
65535
65535
65535
65535
65535
65535
65535
65535
65535
65535
65535
65535
65535
65535
65535
65535
65535
65535
65535
65535
65535
65535
65535
65535
65535
65535
65535
65535
65535
65535
65535
65535
65535
65535
65535
65535
65535
65535
65535
65535
65535
65535
65535
65535
65535
65535
65535
65535
65535
65535
65535
65535
65535
65535
65535
65535
65535
65535
65535
65535
65535
65535
65535
65535
65535
65535
65535
65535
65535
65535
65535
65535
65535
65535
65535
65535
65535
65535
65535
65535
65535
65535
65535
65535
65535
65535
65535
65535
65535
65535
65535
65535
65535
65535
65535
65535
65535
65535
65535
65535
65535
65535
65535
65535
65535
65535
65535
65535
65535
65535
65535
65535
65535
65535
65535
65535
65535
65535
65535
65535
65535
65535
65535
65535
65535
65535
65535
65535
65535
65535
65535
65535
65535
65535
65535
65535
65535
65535
65535
65535
65535
65535
65535
65535
65535
65535
65535
65535
65535
65535
65535
65535
65535
65535
65535
65535
65535
65535
65535
65535
65535
65535
65535
65535
65535
65535
65535
65535
65535
65535
65535
65535
65535
65535
65535
65535
65535
65535
65535
65535
65535
65535
65535
65535
65535
65535
65535
65535
65535
65535
65535
65535
65535
65535
65535
65535
65535
65535
65535
65535
65535
65535
65535
65535
65535
65535
65535
65535
65535
65535
65535
65535
65535
65535
65535
65535
65535
65535
65535
65535
65535
65535
65535
65535
65535
65535
65535
65535
65535
65535
65535
65535
65535
65535
65535
65535
65535
65535
65535
65535
65535
65535
65535
65535
65535
65535
65535
65535
65535
65535
65535
65535
65535
65535
65535
65535
65535
65535
65535
65535
65535
65535
65535
65535
65535
65535
65535
65535
65535
65535
65535
65535
65535
65535
65535
65535
65535
65535
65535
65535
65535
65535
65535
65535
65535
65535
65535
65535
65535
65535
65535
65535
65535
65535
65535
65535
65535
65535
65535
65535
65535
65535
65535
65535
65535
65535
65535
65535
65535
65535
65535
65535
65535
65535
65535
65535
65535
65535
65535
65535
65535
65535
65535
65535
65535
65535
65535
65535
65535
65535
65535
65535
65535
65535
65535
65535
65535
65535
65535
65535
65535
65535
65535
65535
65535
65535
65535
65535
65535
65535
65535
65535
65535
65535
65535
65535
65535
65535
65535
65535
65535
65535
65535
65535
65535
65535
65535
65535
65535
65535
65535
65535
65535
65535
65535
65535
65535
65535
65535
65535
65535
65535
65535
65535
65535
65535
65535
65535
65535
65535
65535
65535
65535
65535
65535
65535
65535
65535
65535
65535
65535
65535
65535
65535
65535
65535
65535
65535
65535
65535
65535
65535
65535
65535
65535
65535
65535
65535
65535
65535
65535
65535
65535
65535
65535
65535
65535
65535
65535
65535
65535
65535
65535
65535
65535
65535
65535
65535
65535
65535
65535
65535
65535
65535
65535
65535
65535
65535
65535
65535
65535
65535
65535
65535
65535
65535
65535
65535
65535
65535
65535
65535
65535
65535
65535
65535
65535
65535
65535
65535
65535
65535
65535
65535
65535
65535
65535
65535
65535
65535
65535
65535
65535
65535
65535
65535
65535
65535
65535
65535
65535
65535
65535
65535
65535
65535
65535
65535
65535
65535
65535
65535
65535
65535
65535
65535
65535
65535
65535
65535
65535
65535
65535
65535
65535
65535
65535
65535
65535
65535
65535
65535
65535
65535
65535
65535
65535
65535
65535
65535
65535
65535
65535
65535
65535
65535
65535
65535
65535
65535
65535
65535
65535
65535
65535
65535
65535
65535
65535
65535
65535
65535
65535
65535
65535
65535
65535
65535
65535
65535
65535
65535
65535
65535
65535
65535
65535
65535
65535
65535
65535
65535
65535
65535
65535
65535
65535
65535
65535
65535
65535
65535
65535
65535
65535
65535
65535
65535
65535
65535
65535
65535
65535
65535
65535
65535
65535
65535
65535
65535
65535
65535
65535
65535
65535
65535
65535
65535
65535
65535
65535
65535
65535
65535
65535
65535
65535
65535
65535
65535
65535
65535
65535
65535
65535
65535
65535
65535
65535
65535
65535
65535
65535
65535
65535
65535
65535
65535
65535
65535
65535
65535
65535
65535
65535
65535
65535
65535
65535
65535
65535
65535
65535
65535
65535
65535
65535
65535
65535
65535
65535
65535
65535
65535
65535
65535
65535
65535
65535
65535
65535
65535
65535
65535
65535
65535
65535
65535
65535
65535
65535
65535
65535
65535
65535
65535
65535
65535
65535
65535
65535
65535
65535
65535
65535
65535
65535
65535
65535
65535
65535
65535
65535
65535
65535
65535
65535
65535
65535
65535
65535
65535
65535
65535
65535
65535
65535
65535
65535
65535
65535
65535
65535
65535
65535
65535
65535
65535
65535
65535
65535
65535
65535
65535
65535
65535
65535
65535
65535
65535
65535
65535
65535
65535
65535
65535
65535
65535
65535
65535
65535
65535
65535
65535
65535
65535
65535
65535
65535
65535
65535
65535
65535
65535
65535
65535
65535
65535
65535
65535
65535
65535
65535
65535
65535
65535
65535
65535
65535
65535
65535
65535
65535
65535
65535
65535
65535
65535
65535
65535
65535
65535
65535
65535
65535
65535
65535
65535
65535
65535
65535
65535
65535
65535
65535
65535
65535
65535
65535
65535
65535
65535
65535
65535
65535
65535
65535
65535
65535
65535
65535
65535
65535
65535
65535
65535
65535
65535
65535
65535
65535
65535
65535
65535
65535
65535
65535
65535
65535
65535
65535
65535
65535
65535
65535
65535
65535
65535
65535
65535
65535
65535
65535
65535
65535
65535
65535
65535
65535
65535
65535
65535
65535
65535
65535
65535
65535
65535
65535
65535
65535
65535
65535
65535
65535
65535
65535
65535
65535
65535
65535
65535
65535
65535
65535
65535
65535
65535
65535
65535
65535
65535
65535
65535
65535
65535
65535
65535
65535
65535
65535
65535
65535
65535
65535
65535
65535
65535
65535
65535
65535
65535
65535
65535
65535
65535
65535
65535
65535
65535
65535
65535
65535
65535
65535
65535
65535
65535
65535
65535
65535
65535
65535
65535
65535
65535
65535
65535
65535
65535
65535
65535
65535
65535
65535
65535
65535
65535
65535
65535
65535
65535
65535
65535
65535
65535
65535
65535
65535
65535
65535
65535
65535
65535
65535
65535
65535
65535
65535
65535
65535
65535
65535
65535
65535
65535
65535
65535
65535
65535
65535
65535
65535
65535
65535
65535
65535
65535
65535
65535
65535
65535
65535
65535
65535
65535
65535
65535
65535
65535
65535
65535
65535
65535
65535
65535
65535
65535
65535
65535
65535
65535
65535
65535
65535
65535
65535
65535
65535
65535
65535
65535
65535
65535
65535
65535
65535
65535
65535
65535
65535
65535
65535
65535
65535
65535
65535
65535
65535
65535
65535
65535
65535
65535
65535
65535
65535
65535
65535
65535
65535
65535
65535
65535
65535
65535
65535
65535
65535
65535
65535
65535
65535
65535
65535
65535
65535
65535
65535
65535
65535
65535
65535
65535
65535
65535
65535
65535
65535
65535
65535
65535
65535
65535
65535
65535
65535
65535
65535
65535
65535
65535
65535
65535
65535
65535
65535
65535
65535
65535
65535
65535
65535
65535
65535
65535
65535
65535
65535
65535
65535
65535
65535
65535
65535
65535
65535
65535
65535
65535
65535
65535
65535
65535
65535
65535
65535
65535
65535
65535
65535
65535
65535
65535
65535
65535
65535
65535
65535
65535
65535
65535
65535
65535
65535
65535
65535
65535
65535
65535
65535
65535
65535
65535
65535
65535
65535
65535
65535
65535
65535
65535
65535
65535
65535
65535
65535
65535
65535
65535
65535
65535
65535
65535
65535
65535
65535
65535
65535
65535
65535
65535
65535
65535
65535
65535
65535
65535
65535
65535
65535
65535
65535
65535
65535
65535
65535
65535
65535
65535
65535
65535
65535
65535
65535
65535
65535
65535
65535
65535
65535
65535
65535
65535
65535
65535
65535
65535
65535
65535
65535
65535
65535
65535
65535
65535
65535
65535
65535
65535
65535
65535
65535
65535
65535
65535
65535
65535
65535
65535
65535
65535
65535
65535
65535
65535
65535
65535
65535
65535
65535
65535
65535
65535
65535
65535
65535
65535
65535
65535
65535
65535
65535
65535
65535
65535
65535
65535
65535
65535
65535
65535
65535
65535
65535
65535
65535
65535
65535
65535
65535
65535
65535
65535
65535
65535
65535
65535
65535
65535
65535
65535
65535
65535
65535
65535
65535
65535
65535
65535
65535
65535
65535
65535
65535
65535
65535
65535
65535
65535
65535
65535
65535
65535
65535
65535
65535
65535
65535
65535
65535
65535
65535
65535
65535
65535
65535
65535
65535
65535
65535
65535
65535
65535
65535
65535
65535
65535
65535
65535
65535
65535
65535
65535
65535
65535
65535
65535
65535
65535
65535
65535
65535
65535
65535
65535
65535
65535
65535
65535
65535
65535
65535
65535
65535
65535
65535
65535
65535
65535
65535
65535
65535
65535
65535
65535
65535
65535
65535
65535
65535
65535
65535
65535
65535
65535
65535
65535
65535
65535
65535
65535
65535
65535
65535
65535
65535
65535
65535
65535
65535
65535
65535
65535
65535
65535
65535
65535
65535
65535
65535
65535
65535
65535
65535
65535
65535
65535
65535
65535
65535
65535
65535
65535
65535
65535
65535
65535
65535
65535
65535
65535
65535
65535
65535
65535
65535
65535
65535
65535
65535
65535
65535
65535
65535
65535
65535
65535
65535
65535
65535
65535
65535
65535
65535
65535
65535
65535
65535
65535
65535
65535
65535
65535
65535
65535
65535
65535
65535
65535
65535
65535
65535
65535
65535
65535
65535
65535
65535
65535
65535
65535
65535
65535
65535
65535
65535
65535
65535
65535
65535
65535
65535
65535
65535
65535
65535
65535
65535
65535
65535
65535
65535
65535
65535
65535
65535
65535
65535
65535
65535
65535
65535
65535
65535
65535
65535
65535
65535
65535
65535
65535
65535
65535
65535
65535
65535
65535
65535
65535
65535
65535
65535
65535
65535
65535
65535
65535
65535
65535
65535
65535
65535
65535
65535
65535
65535
65535
65535
65535
65535
65535
65535
65535
65535
65535
65535
65535
65535
65535
65535
65535
65535
65535
65535
65535
65535
65535
65535
65535
65535
65535
65535
65535
65535
65535
65535
65535
65535
65535
65535
65535
65535
65535
65535
65535
65535
65535
65535
65535
65535
65535
65535
65535
65535
65535
65535
65535
65535
65535
65535
65535
65535
65535
65535
65535
65535
65535
65535
65535
65535
65535
65535
65535
65535
65535
65535
65535
65535
65535
65535
65535
65535
65535
65535
65535
65535
65535
65535
65535
65535
65535
65535
65535
65535
65535
65535
65535
65535
65535
65535
65535
65535
65535
65535
65535
65535
65535
65535
65535
65535
65535
65535
65535
65535
65535
65535
65535
65535
65535
65535
65535
65535
65535
65535
65535
65535
65535
65535
65535
65535
65535
65535
65535
65535
65535
65535
65535
65535
65535
65535
65535
65535
65535
65535
65535
65535
65535
65535
65535
65535
65535
65535
65535
65535
65535
65535
65535
65535
65535
65535
65535
65535
65535
65535
65535
65535
65535
65535
65535
65535
65535
65535
65535
65535
65535
65535
65535
65535
65535
65535
65535
65535
65535
65535
65535
65535
65535
65535
65535
65535
65535
65535
65535
65535
65535
65535
65535
65535
65535
65535
65535
65535
65535
65535
65535
65535
65535
65535
65535
65535
65535
65535
65535
65535
65535
65535
65535
65535
65535
65535
65535
65535
65535
65535
65535
65535
65535
65535
65535
65535
65535
65535
65535
65535
65535
65535
65535
65535
65535
65535
65535
65535
65535
65535
65535
65535
65535
65535
65535
65535
65535
65535
65535
65535
65535
65535
65535
65535
65535
65535
65535
65535
65535
65535
65535
65535
65535
65535
65535
65535
65535
65535
65535
65535
65535
65535
65535
65535
65535
65535
65535
65535
65535
65535
65535
65535
65535
65535
65535
65535
65535
65535
65535
65535
65535
65535
65535
65535
65535
65535
65535
65535
65535
65535
65535
65535
65535
65535
65535
65535
65535
65535
65535
65535
65535
65535
65535
65535
65535
65535
65535
65535
65535
65535
65535
65535
65535
65535
65535
65535
65535
65535
65535
65535
65535
65535
65535
65535
65535
65535
65535
65535
65535
65535
65535
65535
65535
65535
65535
65535
65535
65535
65535
65535
65535
65535
65535
65535
65535
65535
65535
65535
65535
65535
65535
65535
65535
65535
65535
65535
65535
65535
65535
65535
65535
65535
65535
65535
65535
65535
65535
65535
65535
65535
65535
65535
65535
65535
65535
65535
65535
65535
65535
65535
65535
65535
65535
65535
65535
65535
65535
65535
65535
65535
65535
65535
65535
65535
65535
65535
65535
65535
65535
65535
65535
65535
65535
65535
65535
65535
65535
65535
65535
65535
65535
65535
65535
65535
65535
65535
65535
65535
65535
65535
65535
65535
65535
65535
65535
65535
65535
65535
65535
65535
65535
65535
65535
65535
65535
65535
65535
65535
65535
65535
65535
65535
65535
65535
65535
65535
65535
65535
65535
65535
65535
65535
65535
65535
65535
65535
65535
65535
65535
65535
65535
65535
65535
65535
65535
65535
65535
65535
65535
65535
65535
65535
65535
65535
65535
65535
65535
65535
65535
65535
65535
65535
65535
65535
65535
65535
65535
65535
65535
65535
65535
65535
65535
65535
65535
65535
65535
65535
65535
65535
65535
65535
65535
65535
65535
65535
65535
65535
65535
65535
65535
65535
65535
65535
65535
65535
65535
65535
65535
65535
65535
65535
65535
65535
65535
65535
65535
65535
65535
65535
65535
65535
65535
65535
65535
65535
65535
65535
65535
65535
65535
65535
65535
65535
65535
65535
65535
65535
65535
65535
65535
65535
65535
65535
65535
65535
65535
65535
65535
65535
65535
65535
65535
65535
65535
65535
65535
65535
65535
65535
65535
65535
65535
65535
65535
65535
65535
65535
65535
65535
65535
65535
65535
65535
65535
65535
65535
65535
65535
65535
65535
65535
65535
65535
65535
65535
65535
65535
65535
65535
65535
65535
65535
65535
65535
65535
65535
65535
65535
65535
65535
65535
65535
65535
65535
65535
65535
65535
65535
65535
65535
65535
65535
65535
65535
65535
65535
65535
65535
65535
65535
65535
65535
65535
65535
65535
65535
65535
65535
65535
65535
65535
65535
65535
65535
65535
65535
65535
65535
65535
65535
65535
65535
65535
65535
65535
65535
65535
65535
65535
65535
65535
65535
65535
65535
65535
65535
65535
65535
65535
65535
65535
65535
65535
65535
65535
65535
65535
65535
65535
65535
65535
65535
65535
65535
65535
65535
65535
65535
65535
65535
65535
65535
65535
65535
65535
65535
65535
65535
65535
65535
65535
65535
65535
65535
65535
65535
65535
65535
65535
65535
65535
65535
65535
65535
65535
65535
65535
65535
65535
65535
65535
65535
65535
65535
65535
65535
65535
65535
65535
65535
65535
65535
65535
65535
65535
65535
65535
65535
65535
65535
65535
65535
65535
65535
65535
65535
65535
65535
65535
65535
65535
65535
65535
65535
65535
65535
65535
65535
65535
65535
65535
65535
65535
65535
65535
65535
65535
65535
65535
65535
65535
65535
65535
65535
65535
65535
65535
65535
65535
65535
65535
65535
65535
65535
65535
65535
65535
65535
65535
65535
65535
65535
65535
65535
65535
65535
65535
65535
65535
65535
65535
65535
65535
65535
65535
65535
65535
65535
65535
65535
65535
65535
65535
65535
65535
65535
65535
65535
65535
65535
65535
65535
65535
65535
65535
65535
65535
65535
65535
65535
65535
65535
65535
65535
65535
65535
65535
65535
65535
65535
65535
65535
65535
65535
65535
65535
65535
65535
65535
65535
65535
65535
65535
65535
65535
65535
65535
65535
65535
65535
65535
65535
65535
65535
65535
65535
65535
65535
65535
65535
65535
65535
65535
65535
65535
65535
65535
65535
65535
65535
65535
65535
65535
65535
65535
65535
65535
65535
65535
65535
65535
65535
65535
65535
65535
65535
65535
65535
65535
65535
65535
65535
65535
65535
65535
65535
65535
65535
65535
65535
65535
65535
65535
65535
65535
65535
65535
65535
65535
65535
65535
65535
65535
65535
65535
65535
65535
65535
65535
65535
65535
65535
65535
65535
65535
65535
65535
65535
65535
65535
65535
65535
65535
65535
65535
65535
65535
65535
65535
65535
65535
65535
65535
65535
65535
65535
65535
65535
65535
65535
65535
65535
65535
65535
65535
65535
65535
65535
65535
65535
65535
65535
65535
65535
65535
65535
65535
65535
65535
65535
65535
65535
65535
65535
65535
65535
65535
65535
65535
65535
65535
65535
65535
65535
65535
65535
65535
65535
65535
65535
65535
65535
65535
65535
65535
65535
65535
65535
65535
65535
65535
65535
65535
65535
65535
65535
65535
65535
65535
65535
65535
65535
65535
65535
65535
65535
65535
65535
65535
65535
65535
65535
65535
65535
65535
65535
65535
65535
65535
65535
65535
65535
65535
65535
65535
65535
65535
65535
65535
65535
65535
65535
65535
65535
65535
65535
65535
65535
65535
65535
65535
65535
65535
65535
65535
65535
65535
65535
65535
65535
65535
65535
65535
65535
65535
65535
65535
65535
65535
65535
65535
65535
65535
65535
65535
65535
65535
65535
65535
65535
65535
65535
65535
65535
65535
65535
65535
65535
65535
65535
65535
65535
65535
65535
65535
65535
65535
65535
65535
65535
65535
65535
65535
65535
65535
65535
65535
65535
65535
65535
65535
65535
65535
65535
65535
65535
65535
65535
65535
65535
65535
65535
65535
65535
65535
65535
65535
65535
65535
65535
65535
65535
65535
65535
65535
65535
65535
65535
65535
65535
65535
65535
65535
65535
65535
65535
65535
65535
65535
65535
65535
65535
65535
65535
65535
65535
65535
65535
65535
65535
65535
65535
65535
65535
65535
65535
65535
65535
65535
65535
65535
65535
65535
65535
65535
65535
65535
65535
65535
65535
65535
65535
65535
65535
65535
65535
65535
65535
65535
65535
65535
65535
65535
65535
65535
65535
65535
65535
65535
65535
65535
65535
65535
65535
65535
65535
65535
65535
65535
65535
65535
65535
65535
65535
65535
65535
65535
65535
65535
65535
65535
65535
65535
65535
65535
65535
65535
65535
65535
65535
65535
65535
65535
65535
65535
65535
65535
65535
65535
65535
65535
65535
65535
65535
65535
65535
65535
65535
65535
65535
65535
65535
65535
65535
65535
65535
65535
65535
65535
65535
65535
65535
65535
65535
65535
65535
65535
65535
65535
65535
65535
65535
65535
65535
65535
65535
65535
65535
65535
65535
65535
65535
65535
65535
65535
65535
65535
65535
65535
65535
65535
65535
65535
65535
65535
65535
65535
65535
65535
65535
65535
65535
65535
65535
65535
65535
65535
65535
65535
65535
65535
65535
65535
65535
65535
65535
65535
65535
65535
65535
65535
65535
65535
65535
65535
65535
65535
65535
65535
65535
65535
65535
65535
65535
65535
65535
65535
65535
65535
65535
65535
65535
65535
65535
65535
65535
65535
65535
65535
65535
65535
65535
65535
65535
65535
65535
65535
65535
65535
65535
65535
65535
65535
65535
65535
65535
65535
65535
65535
65535
65535
65535
65535
65535
65535
65535
65535
65535
65535
65535
65535
65535
65535
65535
65535
65535
65535
65535
65535
65535
65535
65535
65535
65535
65535
65535
65535
65535
65535
65535
65535
65535
65535
65535
65535
65535
65535
65535
65535
65535
65535
65535
65535
65535
65535
65535
65535
65535
65535
65535
65535
65535
65535
65535
65535
65535
65535
65535
65535
65535
65535
65535
65535
65535
65535
65535
65535
65535
65535
65535
65535
65535
65535
65535
65535
65535
65535
65535
65535
65535
65535
65535
65535
65535
65535
65535
65535
65535
65535
65535
65535
65535
65535
65535
65535
65535
65535
65535
65535
65535
65535
65535
