0
0
0
0
0
0
0
0
0
0
0
0
0
0
0
0
0
0
0
0
0
0
0
0
0
0
0
0
0
0
0
0
0
0
0
0
0
0
0
0
0
0
0
0
0
0
0
0
0
0
0
0
0
0
0
0
0
0
0
0
0
0
0
0
0
0
0
0
0
0
0
0
0
0
0
0
0
0
0
0
0
0
0
0
0
0
0
0
0
0
0
0
0
0
0
0
0
0
0
0
0
0
0
0
0
0
0
0
0
0
0
0
0
0
0
0
0
0
0
0
0
0
0
0
0
0
0
0
0
0
0
0
0
0
0
0
0
0
0
0
0
0
0
0
0
0
0
0
0
0
0
0
0
0
0
0
0
0
0
0
0
0
0
0
0
0
0
0
0
0
0
0
0
0
0
0
0
0
0
0
0
0
0
0
0
0
0
0
0
0
0
0
0
0
0
0
0
0
0
0
0
0
0
0
0
0
0
0
0
0
0
0
0
0
0
0
0
0
0
0
0
0
0
0
0
0
0
0
0
0
0
0
0
0
0
0
0
0
0
0
0
0
0
0
0
0
0
0
0
0
0
0
0
0
0
0
0
0
0
0
0
0
0
0
0
0
0
0
0
0
0
0
0
0
0
0
0
0
0
0
0
0
0
0
0
0
0
0
0
0
0
0
0
0
0
0
0
0
0
0
0
0
0
0
0
0
0
0
0
0
0
0
0
0
0
0
0
0
0
0
0
0
0
0
0
0
0
0
0
0
0
0
0
0
0
0
0
0
0
0
0
0
0
0
0
0
0
0
0
0
0
0
0
0
0
0
0
0
0
0
0
0
0
0
0
0
0
0
0
0
0
0
0
0
0
0
0
0
0
0
0
0
0
0
0
0
0
0
0
0
0
0
0
0
0
0
0
0
0
0
0
0
0
0
26492
34578
50751
22027
48519
64691
17561
15328
21182
55761
32889
59382
36510
60770
58537
1087
35666
33433
31200
28968
26735
14183
59081
64934
44296
31744
19192
64090
22813
30900
10261
34521
32288
30055
46228
43995
57935
18891
6340
14426
59324
49004
18047
42306
40074
1030
64333
33375
2418
8272
42850
59023
9660
7427
5194
21367
8815
35307
22755
65420
32230
1273
17445
4893
49791
37239
43093
59266
46714
62887
21610
19377
35550
22998
49490
36938
45025
61198
38327
17688
60353
39715
63974
41103
57276
55043
60897
29939
56431
17388
33560
4836
10689
26862
32716
56975
44423
60596
9000
53898
59752
20708
18475
63373
5923
40502
56674
41890
49976
47743
63916
14553
30726
36580
15941
13709
29882
64460
15097
41589
29037
45210
51064
20106
36279
34046
3089
27348
25115
12563
18417
63315
3632
56617
7253
33745
60238
29280
63858
24815
51307
49074
18116
5564
32056
48229
64402
25358
31212
39298
18660
42919
22281
56859
17816
33988
13350
11117
56015
35377
4419
20592
47084
55170
26446
52938
50705
58791
56559
7196
23368
37309
6351
40930
57102
28378
65189
15826
13593
40085
56258
54025
51792
49560
57646
10516
26689
6050
59034
30310
56802
36163
5206
60423
11059
64044
43405
4361
49259
18301
63199
13836
38095
43949
41716
29164
26932
24699
40872
28320
18001
60666
58433
983
64287
43648
51735
57588
8225
24398
11846
17700
23554
11002
37494
63986
51434
59520
57288
16011
42503
48357
38037
54210
51978
41658
21020
24641
59219
17943
26029
42202
58375
45823
59763
57530
18486
63384
61151
48599
56686
44134
23496
2857
45522
51376
20418
54997
15953
24039
37980
35747
25428
51920
2557
18729
63627
42989
51075
38523
7566
60550
3100
17040
51619
41300
10342
26515
13963
1411
46309
52163
29292
6420
4188
20361
18128
32068
29835
27603
4731
31223
18672
24525
61336
11973
28146
25913
31767
29534
37621
53794
43475
2198
47096
8052
24224
40397
46251
52105
13061
509
45407
35087
51260
59347
36476
34243
3285
48183
45950
54037
51804
20846
16381
14148
59046
20002
36175
62667
5217
47882
25011
12459
2140
10226
44805
42572
50659
19701
27788
64599
15236
49814
29176
18857
16624
53435
30564
46737
15779
42271
29720
45892
35573
51746
59833
39194
26642
14090
56755
15479
2927
19100
24953
41126
36661
16022
60920
29962
46135
43903
23264
49756
10712
45291
43058
32739
4014
20187
54765
5402
39981
35515
4558
39136
92
53076
32438
19886
27973
7334
31594
29361
27128
53620
14576
59474
57241
65328
63095
5645
32137
48310
37991
35758
51931
12887
57785
26827
53319
32681
40768
38535
36302
62794
31837
11198
27371
35458
41311
20673
35
61105
58872
56640
7276
62493
13130
21217
18984
16751
14518
59416
38778
26226
52718
21760
1122
27614
54106
51873
31235
10597
26770
42942
3898
38477
46563
15606
42098
58271
56038
53805
33167
30934
65513
63280
22003
46263
33711
2753
47651
63824
43185
51272
57125
54893
23935
40108
9151
17237
62135
41496
49583
28944
26712
61290
40652
9694
44273
31721
8850
43428
2152
47049
8005
52903
50670
40351
54291
52058
57912
55679
53447
14403
48981
9937
7704
42283
3239
48137
9093
35585
33352
39206
18567
8248
14102
11869
56767
54534
23577
58155
55922
53690
33051
41138
49224
65397
5715
1249
46147
62320
49768
47535
8491
14345
30518
7647
42225
50312
948
6802
51700
2337
55321
42769
30217
56709
62563
23519
60330
29372
45545
51399
18209
13743
1191
62262
31304
18752
53331
59185
17908
42167
39935
891
6744
41323
18452
53030
58884
44099
10909
8676
4211
1978
65281
15918
48264
46031
15074
2522
10608
16462
14229
9764
36256
15617
21471
27325
41265
44886
34567
13928
17549
41809
29257
43197
59370
46818
62991
40120
64379
4697
28956
34810
20025
33965
29500
14715
47061
42595
19724
25578
57924
6328
20268
36441
31975
64321
41450
18579
14113
30286
7415
11036
24976
20511
55089
13813
38072
41693
55633
14356
28296
52556
48090
53944
22986
28840
5969
41936
19065
51410
18220
42480
58652
64506
49721
24618
54731
21540
27394
41334
28782
5911
17619
60284
45499
30714
3378
15085
57750
32646
7542
11163
53828
57449
40432
52139
29268
32889
15872
48218
15027
18648
61313
28123
23657
64090
49305
5796
19736
29210
12193
15814
56246
41461
53169
44238
8815
10203
24143
54256
428
59265
62886
19377
28852
58965
50034
30784
7913
21853
43879
45268
46656
13465
43578
18475
3690
13165
4234
15941
62227
24571
65003
27348
20650
9486
39599
32901
44608
4720
42919
23669
61868
63257
64645
26989
52637
45938
8283
38396
45638
26388
41716
4060
13535
62053
14079
23553
14622
32183
62296
55598
7623
45823
57530
40513
41901
59462
21806
2556
53308
15652
56084
36834
62481
32912
54939
43775
63569
46552
56026
28690
50716
60191
30622
48183
37019
20002
2984
57357
11614
8537
18012
37806
31107
3771
39738
46980
11557
60075
30506
21575
12644
19886
636
36603
50543
60017
3956
3111
30992
40466
29303
46864
35700
26769
7519
41253
13917
13072
43185
7762
27556
47350
48738
19169
57368
19712
462
65154
37817
49525
1550
11024
59543
13801
33595
12112
31906
22975
5957
23518
12355
19597
47477
48865
3123
31003
42711
41866
51341
42410
31246
61359
13384
53816
36799
35955
37343
46817
56292
53215
54603
775
20568
38129
39518
40906
11337
35596
20811
45071
59011
33907
19122
14657
36683
3493
62331
10735
51167
54788
40004
27452
33305
8202
40547
36082
60341
37470
12366
15987
11522
17375
49721
34937
51109
17919
13454
45799
59740
36868
40489
46343
41878
8687
14541
18162
42421
19550
23171
300
14240
28180
31801
64147
22870
55216
40432
38199
52139
39587
45441
22570
26191
21725
54071
59925
45140
22269
64934
31744
45684
41218
65478
63245
32287
19735
52081
39529
61556
36452
15814
31986
27521
51780
184
14125
38384
62643
2961
47859
16901
4349
57333
63187
13824
11591
54256
41704
8514
24687
30540
17988
52567
21609
9058
62042
57576
8213
61197
38326
62585
2903
45568
14610
12378
46956
63129
21852
56431
25473
12921
18775
61440
12077
17931
62828
50276
9000
43578
2301
8155
32415
11776
27949
33803
39656
6466
32958
20406
36579
52752
21795
19562
46054
15096
31269
10631
53296
12019
62770
31813
37667
6709
59693
39055
44909
3632
1399
17572
62470
2787
555
61625
40987
65246
5564
40142
56315
6952
41531
47384
34832
3875
9728
36221
60480
39842
64101
14738
30911
47083
24212
58791
27833
44006
4962
29222
63800
40929
9971
26144
13592
1040
35619
59878
28921
16369
50947
1584
46482
44249
60422
740
27232
6593
22766
10214
7982
60966
11603
64587
52035
2672
47569
63742
51190
38638
15767
60665
11302
27475
62053
31096
138
42803
58976
9613
44191
13234
19087
63985
43347
4303
57287
63141
13777
48356
38037
15166
2614
47511
26873
24640
59219
17942
5390
21563
56142
17098
14865
31038
80
16253
61151
58918
64772
15409
49987
19030
16797
51375
12331
38823
65315
63083
21806
56385
54152
33513
20962
57773
55540
34902
32669
48842
17884
34057
31824
19273
43532
41299
57472
26514
61093
30135
64714
33756
41843
29291
63869
59404
65258
34300
21748
19515
64413
62180
23136
2498
26757
16438
32611
48784
38465
36232
52405
60491
11128
27301
33155
20603
55181
5818
21991
48483
46250
62423
60191
508
16681
43173
1897
46794
62967
13604
37863
17225
62123
4673
49571
207
16380
32553
59045
20001
64899
44261
2984
47882
55968
43416
22778
57356
26399
42572
30020
38106
64598
62365
4916
21089
37262
61521
30563
46736
5460
21632
56211
6848
49513
18555
16323
42815
30263
17711
15478
13245
37505
24953
59531
2082
65385
34427
29962
19643
35816
4858
57842
26885
24652
20186
15721
50299
37748
43601
2325
92
44989
24351
40524
46378
52231
49999
55852
6489
59473
7877
32137
48310
27671
25439
60017
37146
32680
1723
36301
5344
11198
17051
14819
49397
28759
44932
61104
11741
54406
23449
47708
53562
22604
38777
44631
32079
9208
15061
20915
8363
6131
40709
9752
7519
13372
821
61891
30934
65512
34555
30089
27856
33710
60202
29245
35098
51271
1908
36486
34254
21702
37875
54048
49582
47349
55436
61290
22246
38418
54591
31720
37574
35341
33108
2151
26410
42583
11626
27798
4927
21100
16635
12169
9937
15790
11325
35584
33351
59843
28886
45059
14101
19955
17722
41982
39749
16878
43370
59543
65396
34439
40293
46146
33594
49767
37215
6258
40836
57009
15732
3181
56165
35526
4569
20742
18509
53087
50855
48622
36070
15432
50010
29372
16820
41079
38846
36614
34381
11510
9277
25450
23217
10665
55563
43011
30459
28226
34080
39934
45788
33236
57495
16218
13986
48564
17607
62504
41866
589
53573
32935
30702
46875
7831
50496
37944
6987
59971
47419
45186
61359
59126
54661
60514
47962
45730
43497
59670
65524
61058
58825
56593
35954
60214
29256
27023
14471
20325
26179
13627
48205
27567
33421
57680
24490
22257
28111
15559
60457
11093
8861
25034
12482
10249
55147
3551
19724
25577
2706
37285
43138
4094
20267
54846
23888
29742
9104
35596
23044
39217
8259
42838
30286
17734
5182
47847
16889
22743
28597
5726
58710
17433
33606
31373
55632
14356
38615
26063
50322
56176
35538
51711
39159
26607
50866
56720
44168
60341
16831
59496
65350
5668
3435
17375
12910
53342
30471
17919
62816
21540
27393
33247
47187
34635
22084
9532
15385
13153
601
63904
4222
63059
29869
43809
12852
8386
22326
54672
42120
37655
4465
8086
13939
9474
15327
29268
35121
38742
34277
48217
25346
20880
42907
9717
31743
43451
36752
21968
54314
10804
4106
60711
27521
49547
24443
54556
19133
12435
52867
19677
12979
43092
54799
29696
22997
42791
52266
8756
2058
29939
23240
24629
17930
17086
44966
36035
55829
46898
11475
2544
14252
42132
4476
24270
52150
51306
60780
2486
38453
19203
2185
11660
21135
38696
9127
34774
33930
4360
27775
45336
15767
6836
30251
45579
36648
15165
9855
41357
27960
14564
37979
3944
56083
22049
49084
41542
64957
49327
41785
34242
63510
64054
54279
7692
149
45591
27729
56997
53076
55852
7033
44388
32379
1966
55493
8907
2752
48194
64910
42583
9936
63464
7946
38603
22130
26294
12053
30158
52728
38488
24247
54903
48749
64621
51768
16889
4036
11822
9288
49420
20394
28180
2775
45139
27821
31141
5737
27463
20464
37724
7854
25114
44607
59635
44549
28619
29707
52821
25183
29892
16195
2497
25611
46493
48968
12400
62006
25438
36000
34010
4140
10237
50912
46689
60872
41865
27324
57679
35051
18277
23529
2289
15628
47372
45926
29151
42490
41888
10329
5262
53179
9068
63683
9253
3342
43172
23321
13788
55007
30690
16692
461
61474
61416
16460
48748
23587
45555
63903
24801
9959
27462
22939
36821
44849
50645
31337
25970
64111
52890
33582
53318
3052
63220
26895
23760
51582
31430
57019
14840
37353
4648
7367
33500
29521
55654
57528
22591
9681
57841
20671
4139
14100
58639
61057
9947
6511
17859
17501
14909
62225
3572
8223
4787
41783
55908
29601
50425
42523
39088
34807
4035
60825
49846
60350
47984
14978
7621
57713
21630
10652
32863
44756
55804
50679
10976
22868
33916
24326
14735
39723
1408
5758
24892
47648
47532
10605
4636
48029
5249
64815
32354
16910
55838
52101
2623
47404
64306
34077
6081
40544
21178
38080
25412
23064
10396
8892
34424
15903
31960
43552
45669
26303
1928
50331
23723
11056
55837
6359
7631
47948
50065
45483
12177
6208
55455
33857
60233
43100
46605
25007
20426
37027
32445
7226
55629
42117
3501
12860
38391
2008
3281
39132
27852
49763
54657
32214
54668
51475
64455
26684
52216
5513
64235
57421
63703
62743
57317
49659
40612
24867
1036
62534
36470
58381
53800
2632
28708
33601
1684
65415
3928
24994
33509
44256
40218
59896
38298
2759
29679
9469
8509
27342
2123
64466
23617
21269
6368
9874
60509
19117
43260
4101
3141
35371
57281
5570
40033
22055
40345
35764
12777
3187
64141
31680
63910
44000
35798
56321
34179
62788
54586
6495
63829
16583
9225
48998
48882
34826
43641
14801
55117
12337
1358
40286
4204
55684
2041
7235
42542
24865
15275
57280
25664
14685
15414
12522
49518
36307
8311
46695
62209
60705
35786
57153
58726
2850
51554
10462
43837
24772
46984
10358
62139
39453
44103
25883
52560
52745
14731
25235
41049
56019
65135
22655
55186
31112
24055
49344
58460
61722
9768
63781
24379
54977
64938
43941
14858
51310
8287
21868
44381
30082
27490
23511
48256
21405
41685
59732
27872
11341
15447
52744
38446
58725
26865
41291
15285
29711
27964
47700
19461
63457
19045
1125
61293
41985
18212
10611
42055
10195
21000
48822
17807
16905
36641
27652
55474
50951
28022
46370
17587
52108
37265
45294
65030
62739
17784
39752
37462
47723
10854
40909
14359
26853
26795
63549
8274
53114
12624
18420
28681
65434
27177
54456
8112
33158
22237
12705
48070
51089
6978
21705
24725
52003
50557
10067
27871
53762
56781
17135
1749
4769
46832
57938
20525
54502
12624
22341
52697
4965
8829
14926
384
4248
1414
34002
9141
10773
6550
42760
7580
21763
58817
54594
48984
63167
40538
28229
18153
50742
53218
16649
35298
19368
56422
54432
44356
54918
33134
59869
49793
25777
7614
38815
61929
45999
17517
8285
23313
46427
4005
53611
27362
34303
20606
35633
38109
3773
29120
33828
61408
52176
9754
57972
1610
35043
7406
43072
33840
14289
47722
40723
53518
54605
32822
54548
29143
33851
59198
64751
18708
44055
55462
38143
6885
12438
29698
4294
28252
60297
22341
7255
57706
26447
43708
18303
31943
13236
29108
8169
13722
19275
27061
63571
1355
1054
25013
22479
36119
12947
59776
45536
29062
28761
41012
59117
9453
37877
27257
6318
24423
50614
5416
15434
10668
12600
26239
21473
10853
41510
14717
59314
30288
11582
48092
53645
360
59
7845
54675
21184
15029
33134
9962
17748
9360
56190
8759
10691
17088
8701
57763
20651
16730
34834
16128
60725
52338
54270
58434
58133
23254
41359
27118
49688
20663
38768
51019
1355
44563
9684
3530
46738
3773
5705
38594
42759
55010
59175
19830
46866
11986
24237
51273
24480
51516
29189
20802
59545
43071
47236
22676
51100
26540
59429
61361
59672
59371
47363
53760
29200
62090
47849
23289
48092
33851
32162
46646
58897
24018
38501
1
24804
39288
35366
13039
64334
31687
25533
11292
44182
27708
42192
1459
44667
30426
42678
12264
24515
30912
47629
33388
19147
1285
62899
3761
2072
14323
4547
53610
325
14809
10887
43777
5276
11674
65202
40641
10228
61523
49515
31653
11558
1783
57543
4258
18742
56097
9510
52719
23693
27858
52661
38420
65456
53448
36974
33052
31363
64253
41925
48323
36315
26539
51342
41567
31791
11697
20327
24492
57381
45373
59857
718
56479
52557
16289
37471
58654
30472
47189
27094
62217
5311
58839
20338
37055
6641
49850
19436
36153
16058
4050
49491
10991
38027
54743
8157
45512
29882
9788
8099
8642
37911
30368
28679
16671
33388
50104
48415
65132
39184
21322
58677
4003
33272
41902
52765
6178
6722
41844
54940
14207
4431
13062
52649
40641
38952
13004
62911
16324
14635
62309
44447
36904
37448
64484
9811
2268
58029
11442
20072
4443
35944
65213
47351
21403
24179
18869
13559
34741
6560
27742
46691
41381
64796
59486
23219
62806
16220
58040
37946
3911
30947
4998
54905
49595
62691
5785
2708
36442
57624
47848
3494
34996
21599
26608
60342
55032
4825
46645
2291
64750
41034
25405
20095
53829
11708
55761
52684
26736
11106
18348
41763
38686
54014
48704
35308
3506
24688
31930
57577
56733
24931
19621
8457
52510
49433
62529
51365
56374
24572
21495
18418
27892
55773
26203
62170
51006
19204
65490
7196
43163
50405
57647
64889
35319
50648
60122
22467
48114
139
15468
20477
56444
29107
26030
45824
5935
52221
53609
50532
29049
20118
11187
39068
48542
45465
7809
62182
40699
58260
41242
1354
47640
65201
56270
8295
64900
64056
5762
41728
51203
26099
12703
22177
39738
22721
52834
35817
394
51145
50301
41370
14033
23508
41069
11500
20974
1724
58329
41312
50786
49942
14519
63038
64426
26770
9753
19227
2210
3598
33711
63824
9996
11384
49583
59058
15548
19169
59602
24179
43972
10782
1851
5472
25266
18568
56767
39750
51457
16034
48380
12957
43070
46691
60631
14889
16277
36071
47779
12356
34382
46090
31305
61418
9822
31849
6745
2279
53031
9521
21229
14530
46876
11453
4755
34868
56895
50196
17006
28713
3610
54361
39576
43197
46818
32034
17249
55448
48750
60458
64079
20569
3552
54303
8561
28355
40062
4639
47304
22200
15502
47848
51469
7959
21900
52013
16590
48935
42237
14901
55333
14056
44169
27152
2048
3436
33549
47489
12066
54731
48033
4524
26550
27938
33792
8688
1990
5611
17318
2534
42966
44354
37656
30958
5854
48519
33734
37355
40976
15872
1088
12795
63546
56848
11106
22813
5796
7184
486
32832
15814
48160
31143
3806
54558
19135
22756
5738
46170
31386
32774
36395
19378
39171
3748
62586
6525
10146
38026
12922
43035
62829
37725
49433
42735
36036
27105
30726
40201
59995
48831
23727
53840
26504
19806
52151
14496
18117
19505
49618
42920
62713
43463
16127
30067
60180
24757
44551
64345
37008
28077
19146
12448
13836
12992
22466
5449
33329
8225
38338
31640
49201
13778
51978
61452
23797
41358
61152
13177
46911
27661
18730
25972
61938
24283
23438
1955
1111
39310
38466
58259
49329
19759
47639
36476
37864
47339
36175
29477
36719
35874
451
9926
14935
22177
27186
65386
64541
393
46679
14877
3714
41913
49155
40224
20974
20129
58329
49398
50786
31536
10053
9209
61348
21460
20615
38176
63824
50427
59902
14160
23635
41196
19713
8549
36429
43671
30275
11025
59543
21888
29130
17966
43614
32450
27140
42468
31305
17908
51642
3667
29315
54962
43799
20083
53817
42653
2765
44585
23102
1620
11094
8017
2707
65166
51769
11881
27209
56478
8503
26064
12668
38315
35238
40247
61429
50265
12610
46344
24861
13697
49664
28181
64148
32346
29268
52683
41520
32589
47917
52926
39530
46772
23056
38384
55946
5738
31385
7670
41404
17688
49189
15155
30483
6767
61140
10932
44666
4778
9787
51607
35978
14495
48229
48773
45696
3575
18903
36464
59879
33930
10215
12991
28320
4604
9613
51434
3459
21020
44435
22952
56686
24884
40212
51075
17040
50774
32912
37922
16439
21448
42630
45406
32010
16381
50115
5761
47581
26098
2383
62609
57299
7091
56998
51688
64784
57241
17353
12043
64182
48553
63881
3355
29002
31779
42642
49883
38720
43729
30333
14703
56524
35041
29731
16335
39749
46991
64552
61475
27440
63407
21286
20441
46089
53331
3123
47176
15374
4211
48264
51040
50196
52972
33722
4153
27568
42896
42051
41207
43983
24733
1018
42838
50080
57322
52012
22443
37771
32461
2892
34393
43868
22385
45800
16230
41878
30714
1145
37112
25948
41276
1388
27035
50450
55459
33977
38986
1330
18891
36452
51781
11892
6582
44782
41704
48946
11291
55344
56732
6524
13766
29095
26017
41346
30182
19018
63071
4777
20106
45753
26503
54383
49073
27591
254
54626
61868
61024
60179
1885
9127
28921
15525
14680
19689
26931
50346
39182
19932
8768
18243
38037
381
46667
45823
8167
23495
10099
9254
18729
54696
45765
30136
39610
18127
25369
6119
13361
51561
61035
41785
22535
21691
57657
36174
64055
55124
25554
4072
50357
2383
38349
55910
63152
7091
6246
15721
53921
16265
5101
14576
21818
41612
30448
3111
20672
1422
47708
1966
17294
55494
48796
29546
55193
19770
49883
1908
40108
2452
9694
43428
16091
17480
63765
44515
43671
6015
9636
58155
51456
42525
54233
26896
9879
21586
41380
14044
50010
2035
29916
12898
30459
3123
33236
55262
56651
58039
41022
26237
32091
51884
63592
64980
21471
51584
8074
58826
23403
53516
38731
11394
31188
14171
64922
47905
51526
55147
3551
33664
6327
65165
1017
4638
45071
17734
16889
18278
1260
12968
24675
17977
37771
51711
63418
64807
29384
43324
46945
32160
35781
358
30471
34092
902
43567
10376
61128
27937
21239
45499
1989
5610
9231
4766
29025
42965
28180
60526
27336
33190
36811
11707
44052
29268
51294
28423
42363
35665
57692
50994
36209
50149
25045
38985
24201
38141
41762
8572
40917
36452
60711
45927
62099
28909
16357
48703
54557
13280
16901
12436
55100
21910
17445
39471
14367
65119
3204
9057
33317
127
42791
48645
36093
60353
58120
16843
12378
10145
15999
40258
56431
33560
57819
34948
3990
38569
23784
48044
51665
47199
16242
3690
38268
52208
21251
37424
32958
10087
24027
19562
25415
59994
63615
3933
28192
52451
45753
61926
57460
8097
61081
58849
17572
33745
29279
61625
1943
46840
23969
19504
25358
41530
37065
40686
56859
52393
21436
8884
4418
38997
8039
24212
3574
19747
64644
33687
49860
47627
16670
32842
49015
26144
13592
58490
19446
17213
6894
12748
10515
55413
42861
11903
64887
44249
50103
37551
35318
30853
47025
16068
60966
1283
54267
33629
60121
29164
53423
61509
12146
65130
52578
21621
983
45880
14923
49501
36949
5992
48657
64830
44191
13234
58131
8768
53666
51433
59520
28562
44735
3458
1225
17398
41658
57831
18787
51132
48900
17942
44434
42201
29649
27417
14865
12632
36891
53064
40512
9555
25728
33814
41901
29349
45522
43289
51375
38823
54996
60850
58617
35746
23194
49686
10642
55540
42988
51074
30436
46609
62782
13419
58316
56084
17040
51618
49385
39066
22
8109
34601
58860
19816
35989
52162
49929
566
45464
6420
22593
38765
28446
36533
52706
50473
11429
56327
54094
51861
59948
57715
265
8352
6119
1653
9740
44318
42086
21447
29534
16982
2197
10284
55181
5818
50716
58802
38164
17526
23379
13060
21147
55725
22535
57113
7750
42329
58501
9138
64355
14992
20846
47338
16380
50959
30320
64899
52347
2984
19157
55968
35330
14691
49270
36718
34485
21933
11614
64598
25554
13002
18856
63754
43115
30563
28331
7692
23865
50357
48124
9080
43659
41426
28874
36961
16322
6003
22176
19943
54522
5159
21332
8780
24953
59531
10168
63152
50600
38048
35815
51988
2625
18798
24652
12100
17954
54765
42213
3169
9023
43601
41368
20730
92
5945
11799
27972
52231
2868
10955
8722
6489
4256
57240
36602
7877
24050
21817
48310
54163
60017
47465
63638
32680
1723
28215
15663
31836
878
17051
33224
57483
55251
34612
3655
1422
62493
13129
29302
16750
4199
38777
46863
15906
50484
37932
43786
12829
47407
63580
51028
56882
54649
3053
27313
51572
39020
44874
42641
1364
7218
2752
55737
14460
30633
28400
42340
21702
1063
15004
20857
63522
40651
9694
15547
50126
8849
14703
49281
47049
26410
60989
48437
7160
13014
55679
32808
20256
54834
5471
21644
45903
51757
57611
8247
14101
1549
54533
13257
24964
44758
21887
35827
60086
63707
65095
13500
9034
31061
26595
19897
13199
16820
59485
44700
40235
64494
60028
8433
1734
3123
17063
49408
61116
64737
21227
35168
18150
58582
35711
59971
42953
38488
23703
19238
17005
2220
8074
22014
7229
39575
35110
57136
13627
51826
18636
59068
7472
774
22801
44827
19723
31431
16646
20267
34207
1017
33363
45070
19966
21355
6570
2105
44769
64563
41692
61486
26063
64262
28839
32460
46401
21297
14599
28539
11521
23229
53342
17919
39945
14842
36868
42722
17618
2833
6454
44654
19550
39344
6153
56905
50207
65535
65535
65535
65535
65535
65535
65535
65535
65535
65535
65535
65535
65535
65535
65535
65535
65535
65535
65535
65535
65535
65535
65535
65535
65535
65535
65535
65535
65535
65535
65535
65535
65535
65535
65535
65535
65535
65535
65535
65535
65535
65535
65535
65535
65535
65535
65535
65535
65535
65535
65535
65535
65535
65535
65535
65535
65535
65535
65535
65535
65535
65535
65535
65535
65535
65535
65535
65535
65535
65535
65535
65535
65535
65535
65535
65535
65535
65535
65535
65535
65535
65535
65535
65535
65535
65535
65535
65535
65535
65535
65535
65535
65535
65535
65535
65535
65535
65535
65535
65535
65535
65535
65535
65535
65535
65535
65535
65535
65535
65535
65535
65535
65535
65535
65535
65535
65535
65535
65535
65535
65535
65535
65535
65535
65535
65535
65535
65535
65535
65535
65535
65535
65535
65535
65535
65535
65535
65535
65535
65535
65535
65535
65535
65535
65535
65535
65535
65535
65535
65535
65535
65535
65535
65535
65535
65535
65535
65535
65535
65535
65535
65535
65535
65535
65535
65535
65535
65535
65535
65535
65535
65535
65535
65535
65535
65535
65535
65535
65535
65535
65535
65535
65535
65535
65535
65535
65535
65535
65535
65535
65535
65535
65535
65535
65535
65535
65535
65535
65535
65535
65535
65535
65535
65535
65535
65535
65535
65535
65535
65535
65535
65535
65535
65535
65535
65535
65535
65535
65535
65535
65535
65535
65535
65535
65535
65535
65535
65535
65535
65535
65535
65535
65535
65535
65535
65535
65535
65535
65535
65535
65535
65535
65535
65535
65535
65535
65535
65535
65535
65535
65535
65535
65535
65535
65535
65535
65535
65535
65535
65535
65535
65535
65535
65535
65535
65535
65535
65535
65535
65535
65535
65535
65535
65535
65535
65535
65535
65535
65535
65535
65535
65535
65535
65535
65535
65535
65535
65535
65535
65535
65535
65535
65535
65535
65535
65535
65535
65535
65535
65535
65535
65535
65535
65535
65535
65535
65535
65535
65535
65535
65535
65535
65535
65535
65535
65535
65535
65535
65535
65535
65535
65535
65535
65535
65535
65535
65535
65535
65535
65535
65535
65535
65535
65535
65535
65535
65535
65535
65535
65535
65535
65535
65535
65535
65535
65535
65535
65535
65535
65535
65535
65535
65535
65535
65535
65535
65535
65535
65535
65535
65535
65535
65535
65535
65535
65535
65535
65535
65535
65535
65535
65535
65535
65535
65535
65535
65535
65535
65535
65535
65535
65535
65535
65535
65535
65535
65535
65535
65535
65535
65535
65535
65535
65535
65535
65535
65535
65535
65535
65535
65535
65535
65535
65535
65535
65535
65535
65535
65535
65535
65535
65535
65535
65535
65535
65535
65535
65535
65535
65535
65535
65535
65535
65535
65535
65535
65535
65535
65535
65535
65535
65535
65535
65535
65535
65535
65535
65535
65535
65535
65535
65535
65535
65535
65535
65535
65535
65535
65535
65535
65535
65535
65535
65535
65535
65535
65535
65535
65535
65535
65535
65535
65535
65535
65535
65535
65535
65535
65535
65535
65535
65535
65535
65535
65535
65535
65535
65535
65535
65535
65535
65535
65535
65535
65535
65535
65535
65535
65535
65535
65535
65535
65535
65535
65535
65535
65535
65535
65535
65535
65535
65535
65535
65535
65535
65535
65535
65535
65535
65535
65535
65535
65535
65535
65535
65535
65535
65535
65535
65535
65535
65535
65535
65535
65535
65535
65535
65535
65535
65535
65535
65535
65535
65535
65535
65535
65535
65535
65535
65535
65535
65535
65535
65535
65535
65535
65535
65535
65535
65535
65535
65535
65535
65535
65535
65535
65535
65535
65535
65535
65535
65535
65535
65535
65535
65535
65535
65535
65535
65535
65535
65535
65535
65535
65535
65535
65535
65535
65535
65535
65535
65535
65535
65535
65535
65535
65535
65535
65535
65535
65535
65535
65535
65535
65535
65535
65535
65535
65535
65535
65535
65535
65535
65535
65535
65535
65535
65535
65535
65535
65535
65535
65535
65535
65535
65535
65535
65535
65535
65535
65535
65535
65535
65535
65535
65535
65535
65535
65535
65535
65535
65535
65535
65535
65535
65535
65535
65535
65535
65535
65535
65535
65535
65535
65535
65535
65535
65535
65535
65535
65535
65535
65535
65535
65535
65535
65535
65535
65535
65535
65535
65535
65535
65535
65535
65535
65535
65535
65535
65535
65535
65535
65535
65535
65535
65535
65535
65535
65535
65535
65535
65535
65535
65535
65535
65535
65535
65535
65535
65535
65535
65535
65535
65535
65535
65535
65535
65535
65535
65535
65535
65535
65535
65535
65535
65535
65535
65535
65535
65535
65535
65535
65535
65535
65535
65535
65535
65535
65535
65535
65535
65535
65535
65535
65535
65535
65535
65535
65535
65535
65535
65535
65535
65535
65535
65535
65535
65535
65535
65535
65535
65535
65535
65535
65535
65535
65535
65535
65535
65535
65535
65535
65535
65535
65535
65535
65535
65535
65535
65535
65535
65535
65535
65535
65535
65535
65535
65535
65535
65535
65535
65535
65535
65535
65535
65535
65535
65535
65535
65535
65535
65535
65535
65535
65535
65535
65535
65535
65535
65535
65535
65535
65535
65535
65535
65535
65535
65535
65535
65535
65535
65535
65535
65535
65535
65535
65535
65535
65535
65535
65535
65535
65535
65535
65535
65535
65535
65535
65535
65535
65535
65535
65535
65535
65535
65535
65535
65535
65535
65535
65535
65535
65535
65535
65535
65535
65535
65535
65535
65535
65535
65535
65535
65535
65535
65535
65535
65535
65535
65535
65535
65535
65535
65535
65535
65535
65535
65535
65535
65535
65535
65535
65535
65535
65535
65535
65535
65535
65535
65535
65535
65535
65535
65535
65535
65535
65535
65535
65535
65535
65535
65535
65535
65535
65535
65535
65535
65535
65535
65535
65535
65535
65535
65535
65535
65535
65535
65535
65535
65535
65535
65535
65535
65535
65535
65535
65535
65535
65535
65535
65535
65535
65535
65535
65535
65535
65535
65535
65535
65535
65535
65535
65535
65535
65535
65535
65535
65535
65535
65535
65535
65535
65535
65535
65535
65535
65535
65535
65535
65535
65535
65535
65535
65535
65535
65535
65535
65535
65535
65535
65535
65535
65535
65535
65535
65535
65535
65535
65535
65535
65535
65535
65535
65535
65535
65535
65535
65535
65535
65535
65535
65535
65535
65535
65535
65535
65535
65535
65535
65535
65535
65535
65535
65535
65535
65535
65535
65535
65535
65535
65535
65535
65535
65535
65535
65535
65535
65535
65535
65535
65535
65535
65535
65535
65535
65535
65535
65535
65535
65535
65535
65535
65535
65535
65535
65535
65535
65535
65535
65535
65535
65535
65535
65535
65535
65535
65535
65535
65535
65535
65535
65535
65535
65535
65535
65535
65535
65535
65535
65535
65535
65535
65535
65535
65535
65535
65535
65535
65535
65535
65535
65535
65535
65535
65535
65535
65535
65535
65535
65535
65535
65535
65535
65535
65535
65535
65535
65535
65535
65535
65535
65535
65535
65535
65535
65535
65535
65535
65535
65535
65535
65535
65535
65535
65535
65535
65535
65535
65535
65535
65535
65535
65535
65535
65535
65535
65535
65535
65535
65535
65535
65535
65535
65535
65535
65535
65535
65535
65535
65535
65535
65535
65535
65535
65535
65535
65535
65535
65535
65535
65535
65535
65535
65535
65535
65535
65535
65535
65535
65535
65535
65535
65535
65535
65535
65535
65535
65535
65535
65535
65535
65535
65535
65535
65535
65535
65535
65535
65535
65535
65535
65535
65535
65535
65535
65535
65535
65535
65535
65535
65535
65535
65535
65535
65535
65535
65535
65535
65535
65535
65535
65535
65535
65535
65535
65535
65535
65535
65535
65535
65535
65535
65535
65535
65535
65535
65535
65535
65535
65535
65535
65535
65535
65535
65535
65535
65535
65535
65535
65535
65535
65535
65535
65535
65535
65535
65535
65535
65535
65535
65535
65535
65535
65535
65535
65535
65535
65535
65535
65535
65535
65535
65535
65535
65535
65535
65535
65535
65535
65535
65535
65535
65535
65535
65535
65535
65535
65535
65535
65535
65535
65535
65535
65535
65535
65535
65535
65535
65535
65535
65535
65535
65535
65535
65535
65535
65535
65535
65535
65535
65535
65535
65535
65535
65535
65535
65535
65535
65535
65535
65535
65535
65535
65535
65535
65535
65535
65535
65535
65535
65535
65535
65535
65535
65535
65535
65535
65535
65535
65535
65535
65535
65535
65535
65535
65535
65535
65535
65535
65535
65535
65535
65535
65535
65535
65535
65535
65535
65535
65535
65535
65535
65535
65535
65535
65535
65535
65535
65535
65535
65535
65535
65535
65535
65535
65535
65535
65535
65535
65535
65535
65535
65535
65535
65535
65535
65535
65535
65535
65535
65535
65535
65535
65535
65535
65535
65535
65535
65535
65535
65535
65535
65535
65535
65535
65535
65535
65535
65535
65535
65535
65535
65535
65535
65535
65535
65535
65535
65535
65535
65535
65535
65535
65535
65535
65535
65535
65535
65535
65535
65535
65535
65535
65535
65535
65535
65535
65535
65535
65535
65535
65535
65535
65535
65535
65535
65535
65535
65535
65535
65535
65535
65535
65535
65535
65535
65535
65535
65535
65535
65535
65535
65535
65535
65535
65535
65535
65535
65535
65535
65535
65535
65535
65535
65535
65535
65535
65535
65535
65535
65535
65535
65535
65535
65535
65535
65535
65535
65535
65535
65535
65535
65535
65535
65535
65535
65535
65535
65535
65535
65535
65535
65535
65535
65535
65535
65535
65535
65535
65535
65535
65535
65535
65535
65535
65535
65535
65535
65535
65535
65535
65535
65535
65535
65535
65535
65535
65535
65535
65535
65535
65535
65535
65535
65535
65535
65535
65535
65535
65535
65535
65535
65535
65535
65535
65535
65535
65535
65535
65535
65535
65535
65535
65535
65535
65535
65535
65535
65535
65535
65535
65535
65535
65535
65535
65535
65535
65535
65535
65535
65535
65535
65535
65535
65535
65535
65535
65535
65535
65535
65535
65535
65535
65535
65535
65535
65535
65535
65535
65535
65535
65535
65535
65535
65535
65535
65535
65535
65535
65535
65535
65535
65535
65535
65535
65535
65535
65535
65535
65535
65535
65535
65535
65535
65535
65535
65535
65535
65535
65535
65535
65535
65535
65535
65535
65535
65535
65535
65535
65535
65535
65535
65535
65535
65535
65535
65535
65535
65535
65535
65535
65535
65535
65535
65535
65535
65535
65535
65535
65535
65535
65535
65535
65535
65535
65535
65535
65535
65535
65535
65535
65535
65535
65535
65535
65535
65535
65535
65535
65535
65535
65535
65535
65535
65535
65535
65535
65535
65535
65535
65535
65535
65535
65535
65535
65535
65535
65535
65535
65535
65535
65535
65535
65535
65535
65535
65535
65535
65535
65535
65535
65535
65535
65535
65535
65535
65535
65535
65535
65535
65535
65535
65535
65535
65535
65535
65535
65535
65535
65535
65535
65535
65535
65535
65535
65535
65535
65535
65535
65535
65535
65535
65535
65535
65535
65535
65535
65535
65535
65535
65535
65535
65535
65535
65535
65535
65535
65535
65535
65535
65535
65535
65535
65535
65535
65535
65535
65535
65535
65535
65535
65535
65535
65535
65535
65535
65535
65535
65535
65535
65535
65535
65535
65535
65535
65535
65535
65535
65535
65535
65535
65535
65535
65535
65535
65535
65535
65535
65535
65535
65535
65535
65535
65535
65535
65535
65535
65535
65535
65535
65535
65535
65535
65535
65535
65535
65535
65535
65535
65535
65535
65535
65535
65535
65535
65535
65535
65535
65535
65535
65535
65535
65535
65535
65535
65535
65535
65535
65535
65535
65535
65535
65535
65535
65535
65535
65535
65535
65535
65535
65535
65535
65535
65535
65535
65535
65535
65535
65535
65535
65535
65535
65535
65535
65535
65535
65535
65535
65535
65535
65535
65535
65535
65535
65535
65535
65535
65535
65535
65535
65535
65535
65535
65535
65535
65535
65535
65535
65535
65535
65535
65535
65535
65535
65535
65535
65535
65535
65535
65535
65535
65535
65535
65535
65535
65535
65535
65535
65535
65535
65535
65535
65535
65535
65535
65535
65535
65535
65535
65535
65535
65535
65535
65535
65535
65535
65535
65535
65535
65535
65535
65535
65535
65535
65535
65535
65535
65535
65535
65535
65535
65535
65535
65535
65535
65535
65535
65535
65535
65535
65535
65535
65535
65535
65535
65535
65535
65535
65535
65535
65535
65535
65535
65535
65535
65535
65535
65535
65535
65535
65535
65535
65535
65535
65535
65535
65535
65535
65535
65535
65535
65535
65535
65535
65535
65535
65535
65535
65535
65535
65535
65535
65535
65535
65535
65535
65535
65535
65535
65535
65535
65535
65535
65535
65535
65535
65535
65535
65535
65535
65535
65535
65535
65535
65535
65535
65535
65535
65535
65535
65535
65535
65535
65535
65535
65535
65535
65535
65535
65535
65535
65535
65535
65535
65535
65535
65535
65535
65535
65535
65535
65535
65535
65535
65535
65535
65535
65535
65535
65535
65535
65535
65535
65535
65535
65535
65535
65535
65535
65535
65535
65535
65535
65535
65535
65535
65535
65535
65535
65535
65535
65535
65535
65535
65535
65535
65535
65535
65535
65535
65535
65535
65535
65535
65535
65535
65535
65535
65535
65535
65535
65535
65535
65535
65535
65535
65535
65535
65535
65535
65535
65535
65535
65535
65535
65535
65535
65535
65535
65535
65535
65535
65535
65535
65535
65535
65535
65535
65535
65535
65535
65535
65535
65535
65535
65535
65535
65535
65535
65535
65535
65535
65535
65535
65535
65535
65535
65535
65535
65535
65535
65535
65535
65535
65535
65535
65535
65535
65535
65535
65535
65535
65535
65535
65535
65535
65535
65535
65535
65535
65535
65535
65535
65535
65535
65535
65535
65535
65535
65535
65535
65535
65535
65535
65535
65535
65535
65535
65535
65535
65535
65535
65535
65535
65535
65535
65535
65535
65535
65535
65535
65535
65535
65535
65535
65535
65535
65535
65535
65535
65535
65535
65535
65535
65535
65535
65535
65535
65535
65535
65535
65535
65535
65535
65535
65535
65535
65535
65535
65535
65535
65535
65535
65535
65535
65535
65535
65535
65535
65535
65535
65535
65535
65535
65535
65535
65535
65535
65535
65535
65535
65535
65535
65535
65535
65535
65535
65535
65535
65535
65535
65535
65535
65535
65535
65535
65535
65535
65535
65535
65535
65535
65535
65535
65535
65535
65535
65535
65535
65535
65535
65535
65535
65535
65535
65535
65535
65535
65535
65535
65535
65535
65535
65535
65535
65535
65535
65535
65535
65535
65535
65535
65535
65535
65535
65535
65535
65535
65535
65535
65535
65535
65535
65535
65535
65535
65535
65535
65535
65535
65535
65535
65535
65535
65535
65535
65535
65535
65535
65535
65535
65535
65535
65535
65535
65535
65535
65535
65535
65535
65535
65535
65535
65535
65535
65535
65535
65535
65535
65535
65535
65535
65535
65535
65535
65535
65535
65535
65535
65535
65535
65535
65535
65535
65535
65535
65535
65535
65535
65535
65535
65535
65535
65535
65535
65535
65535
65535
65535
65535
65535
65535
65535
65535
65535
65535
65535
65535
65535
65535
65535
65535
65535
65535
65535
65535
65535
65535
65535
65535
65535
65535
65535
65535
65535
65535
65535
65535
65535
65535
65535
65535
65535
65535
65535
65535
65535
65535
65535
65535
65535
65535
65535
65535
65535
65535
65535
65535
65535
65535
65535
65535
65535
65535
65535
65535
65535
65535
65535
65535
65535
65535
65535
65535
65535
65535
65535
65535
65535
65535
65535
65535
65535
65535
65535
65535
65535
65535
65535
65535
65535
65535
65535
65535
65535
65535
65535
65535
65535
65535
65535
65535
65535
65535
65535
65535
65535
65535
65535
65535
65535
65535
65535
65535
65535
65535
65535
65535
65535
65535
65535
65535
65535
65535
65535
65535
65535
65535
65535
65535
65535
65535
65535
65535
65535
65535
65535
65535
65535
65535
65535
65535
65535
65535
65535
65535
65535
65535
65535
65535
65535
65535
65535
65535
65535
65535
65535
65535
65535
65535
65535
65535
65535
65535
65535
65535
65535
65535
65535
65535
65535
65535
65535
65535
65535
65535
65535
65535
65535
65535
65535
65535
65535
65535
65535
65535
65535
65535
65535
65535
65535
65535
65535
65535
65535
65535
65535
65535
65535
65535
65535
65535
65535
65535
65535
65535
65535
65535
65535
65535
65535
65535
65535
65535
65535
65535
65535
65535
65535
65535
65535
65535
65535
65535
65535
65535
65535
65535
65535
65535
65535
65535
65535
65535
65535
65535
65535
65535
65535
65535
65535
65535
65535
65535
65535
65535
65535
65535
65535
65535
65535
65535
65535
65535
65535
65535
65535
65535
65535
65535
65535
65535
65535
65535
65535
65535
65535
65535
65535
65535
65535
65535
65535
65535
65535
65535
65535
65535
65535
65535
65535
65535
65535
65535
65535
65535
65535
65535
65535
65535
65535
65535
65535
65535
65535
65535
65535
65535
65535
65535
65535
65535
65535
65535
65535
65535
65535
65535
65535
65535
65535
65535
65535
65535
65535
65535
65535
65535
65535
65535
65535
65535
65535
65535
65535
65535
65535
65535
65535
65535
65535
65535
65535
65535
65535
65535
65535
65535
65535
65535
65535
65535
65535
65535
65535
65535
65535
65535
65535
65535
65535
65535
65535
65535
65535
65535
65535
65535
65535
65535
65535
65535
65535
65535
65535
65535
65535
65535
65535
65535
65535
65535
65535
65535
65535
65535
65535
65535
65535
65535
65535
65535
65535
65535
65535
65535
65535
65535
65535
65535
65535
65535
65535
65535
65535
65535
65535
65535
65535
65535
65535
65535
65535
65535
65535
65535
65535
65535
65535
65535
65535
65535
65535
65535
65535
65535
65535
65535
65535
65535
65535
65535
65535
65535
65535
65535
65535
65535
65535
65535
65535
65535
65535
65535
65535
65535
65535
65535
65535
65535
65535
65535
65535
65535
65535
65535
65535
65535
65535
65535
65535
65535
65535
65535
65535
65535
65535
65535
65535
65535
65535
65535
65535
65535
65535
65535
65535
65535
65535
65535
65535
65535
65535
65535
65535
65535
65535
65535
65535
65535
65535
65535
65535
65535
65535
65535
65535
65535
65535
65535
65535
65535
65535
65535
65535
65535
65535
65535
65535
65535
65535
65535
65535
65535
65535
65535
65535
65535
65535
65535
65535
65535
65535
65535
65535
65535
65535
65535
65535
65535
65535
65535
65535
65535
65535
65535
65535
65535
65535
65535
65535
65535
65535
65535
65535
65535
65535
65535
65535
65535
65535
65535
65535
65535
65535
65535
65535
65535
65535
65535
65535
65535
65535
65535
65535
65535
65535
65535
65535
65535
65535
65535
65535
65535
65535
65535
65535
65535
65535
65535
65535
65535
65535
65535
65535
65535
65535
65535
65535
65535
65535
65535
65535
65535
65535
65535
65535
65535
65535
65535
65535
65535
65535
65535
65535
65535
65535
65535
65535
65535
65535
65535
65535
65535
65535
65535
65535
65535
65535
65535
65535
65535
65535
65535
65535
65535
65535
65535
65535
65535
65535
65535
65535
65535
65535
65535
65535
65535
65535
65535
65535
65535
65535
65535
65535
65535
65535
65535
65535
65535
65535
65535
65535
65535
65535
65535
65535
65535
65535
65535
65535
65535
65535
65535
65535
65535
65535
65535
65535
65535
65535
65535
65535
65535
65535
65535
65535
65535
65535
65535
65535
65535
65535
65535
65535
65535
65535
65535
65535
65535
65535
65535
65535
65535
65535
65535
65535
65535
65535
65535
65535
65535
65535
65535
65535
65535
65535
65535
65535
65535
65535
65535
65535
65535
65535
65535
65535
65535
65535
65535
65535
65535
65535
65535
65535
65535
65535
65535
65535
65535
65535
65535
65535
65535
65535
65535
65535
65535
65535
65535
65535
65535
65535
65535
65535
65535
65535
65535
65535
65535
65535
65535
65535
65535
65535
65535
65535
65535
65535
65535
65535
65535
65535
65535
65535
65535
65535
65535
65535
65535
65535
65535
65535
65535
65535
65535
65535
65535
65535
65535
65535
65535
65535
65535
65535
65535
65535
65535
65535
65535
65535
65535
65535
65535
65535
65535
65535
65535
65535
65535
65535
65535
65535
65535
65535
65535
65535
65535
65535
65535
65535
65535
65535
65535
65535
65535
65535
65535
65535
65535
65535
65535
65535
65535
65535
65535
65535
65535
65535
65535
65535
65535
65535
65535
65535
65535
65535
65535
65535
65535
65535
65535
65535
65535
65535
65535
65535
65535
65535
65535
65535
65535
65535
65535
65535
65535
65535
65535
65535
65535
65535
65535
65535
65535
65535
65535
65535
65535
65535
65535
65535
65535
65535
65535
65535
65535
65535
65535
65535
65535
65535
65535
65535
65535
65535
65535
65535
65535
65535
65535
65535
65535
65535
65535
65535
65535
65535
65535
65535
65535
65535
65535
65535
65535
65535
65535
65535
65535
65535
65535
65535
65535
65535
65535
65535
65535
65535
65535
65535
65535
65535
65535
65535
65535
65535
65535
65535
65535
65535
65535
65535
65535
65535
65535
65535
65535
65535
65535
65535
65535
65535
65535
65535
65535
65535
65535
65535
65535
65535
65535
65535
65535
65535
65535
65535
65535
65535
65535
65535
65535
65535
65535
65535
65535
65535
65535
65535
65535
65535
65535
65535
65535
65535
65535
65535
65535
65535
65535
65535
65535
65535
65535
65535
65535
65535
65535
65535
65535
65535
65535
65535
65535
65535
65535
65535
65535
65535
65535
65535
65535
65535
65535
65535
65535
65535
65535
65535
65535
65535
65535
65535
65535
65535
65535
65535
65535
65535
65535
65535
65535
65535
65535
65535
65535
65535
65535
65535
65535
65535
65535
65535
65535
65535
65535
65535
65535
65535
65535
65535
65535
65535
65535
65535
65535
65535
65535
65535
65535
65535
65535
65535
65535
65535
65535
65535
65535
65535
65535
65535
65535
65535
65535
65535
65535
65535
65535
65535
65535
65535
65535
65535
65535
65535
65535
65535
65535
65535
65535
65535
65535
65535
65535
65535
65535
65535
65535
65535
65535
65535
65535
65535
65535
65535
65535
65535
65535
65535
65535
65535
65535
65535
65535
65535
65535
65535
65535
65535
65535
65535
65535
65535
65535
65535
65535
65535
65535
65535
65535
65535
65535
65535
65535
65535
65535
65535
65535
65535
65535
65535
65535
65535
65535
65535
65535
65535
65535
65535
65535
65535
65535
65535
65535
65535
65535
65535
65535
65535
65535
65535
65535
65535
65535
65535
65535
65535
65535
65535
65535
65535
65535
65535
65535
65535
65535
65535
65535
65535
65535
65535
65535
65535
65535
65535
65535
65535
65535
65535
65535
65535
65535
65535
65535
65535
65535
65535
65535
65535
65535
65535
65535
65535
65535
65535
65535
65535
65535
65535
65535
65535
65535
65535
65535
65535
65535
65535
65535
65535
65535
65535
65535
65535
65535
65535
65535
65535
65535
65535
65535
65535
65535
65535
65535
65535
65535
65535
65535
65535
65535
65535
65535
65535
65535
65535
65535
65535
65535
65535
65535
65535
65535
65535
65535
65535
65535
65535
65535
65535
65535
65535
65535
65535
65535
65535
65535
65535
65535
65535
65535
65535
65535
65535
65535
65535
65535
65535
65535
65535
65535
65535
65535
65535
65535
65535
65535
65535
65535
65535
65535
65535
65535
65535
65535
65535
65535
65535
65535
65535
65535
65535
65535
65535
65535
65535
65535
65535
65535
65535
65535
65535
65535
65535
65535
65535
65535
65535
65535
65535
65535
65535
65535
65535
65535
65535
65535
65535
65535
65535
65535
65535
65535
65535
65535
65535
65535
65535
65535
65535
65535
65535
65535
65535
65535
65535
65535
65535
65535
65535
65535
65535
65535
65535
65535
65535
65535
65535
65535
65535
65535
65535
65535
65535
65535
65535
65535
65535
65535
65535
65535
65535
65535
65535
65535
65535
65535
65535
65535
65535
65535
65535
65535
65535
65535
65535
65535
65535
65535
65535
65535
65535
65535
65535
65535
65535
65535
65535
65535
65535
65535
65535
65535
65535
65535
65535
65535
65535
65535
65535
65535
65535
65535
65535
65535
65535
65535
65535
65535
65535
65535
65535
65535
65535
65535
65535
65535
65535
65535
65535
65535
65535
65535
65535
65535
65535
65535
65535
65535
65535
65535
65535
65535
65535
65535
65535
65535
65535
65535
65535
65535
65535
65535
65535
65535
65535
65535
65535
65535
65535
65535
65535
65535
65535
65535
65535
65535
65535
65535
65535
65535
65535
65535
65535
65535
65535
65535
65535
65535
65535
65535
65535
65535
65535
65535
65535
65535
65535
65535
65535
65535
65535
65535
65535
65535
65535
65535
65535
65535
65535
65535
65535
65535
65535
65535
65535
65535
65535
65535
65535
65535
65535
65535
65535
65535
65535
65535
65535
65535
65535
65535
65535
65535
65535
65535
65535
65535
65535
65535
65535
65535
65535
65535
65535
65535
65535
65535
65535
65535
65535
65535
65535
65535
65535
65535
65535
65535
65535
65535
65535
65535
65535
65535
65535
65535
65535
65535
65535
65535
65535
65535
65535
65535
65535
65535
65535
65535
65535
65535
65535
65535
65535
65535
65535
65535
65535
65535
65535
65535
65535
65535
65535
65535
65535
65535
65535
65535
65535
65535
65535
65535
65535
65535
65535
65535
65535
65535
65535
65535
65535
65535
65535
65535
65535
65535
65535
65535
65535
65535
65535
65535
65535
65535
65535
65535
65535
65535
65535
65535
65535
65535
65535
65535
65535
65535
65535
65535
65535
65535
65535
65535
65535
65535
65535
65535
65535
65535
65535
65535
65535
65535
65535
65535
65535
65535
65535
65535
65535
65535
65535
65535
65535
65535
65535
65535
65535
65535
65535
65535
65535
65535
65535
65535
65535
65535
65535
65535
65535
65535
65535
65535
65535
65535
65535
65535
65535
65535
65535
65535
65535
65535
65535
65535
65535
65535
65535
65535
65535
65535
65535
65535
65535
65535
65535
65535
65535
65535
65535
65535
65535
65535
65535
65535
65535
65535
65535
65535
65535
65535
65535
65535
65535
65535
65535
65535
65535
65535
65535
65535
65535
65535
65535
65535
65535
65535
65535
65535
65535
65535
65535
65535
65535
65535
65535
65535
65535
65535
65535
65535
65535
65535
65535
65535
65535
65535
65535
65535
65535
65535
65535
65535
65535
65535
65535
65535
65535
65535
65535
65535
65535
65535
65535
65535
65535
65535
65535
65535
65535
65535
65535
65535
65535
65535
65535
65535
65535
65535
65535
65535
65535
65535
65535
65535
65535
65535
65535
65535
65535
65535
65535
65535
65535
65535
65535
65535
65535
65535
65535
65535
65535
65535
65535
65535
65535
65535
65535
65535
65535
65535
65535
65535
65535
65535
65535
65535
65535
65535
65535
65535
65535
65535
65535
