0
0
0
0
0
0
0
0
0
0
0
0
0
0
0
0
0
0
0
0
0
0
0
0
0
0
0
0
0
0
0
0
0
0
0
0
0
0
0
0
0
0
0
0
0
0
0
0
0
0
0
0
0
0
0
0
0
0
0
0
0
0
0
0
0
0
0
0
0
0
0
0
0
0
0
0
0
0
0
0
0
0
0
0
0
0
0
0
0
0
0
0
0
0
0
0
0
0
0
0
0
0
0
0
0
0
0
0
0
0
0
0
0
0
0
0
0
0
0
0
0
0
0
0
0
0
0
0
0
0
0
0
0
0
0
0
0
0
0
0
0
0
0
0
0
0
0
0
0
0
0
0
0
0
0
0
0
0
0
0
0
0
0
0
0
0
0
0
0
0
0
0
0
0
0
0
0
0
0
0
0
0
0
0
0
0
0
0
0
0
0
0
0
0
0
0
0
0
0
0
0
0
0
0
0
0
0
0
0
0
0
0
0
0
0
0
0
0
0
0
0
0
0
0
0
0
0
0
0
0
0
0
0
0
0
0
0
0
0
0
0
0
0
0
0
0
0
0
0
0
0
0
0
0
0
0
0
0
0
0
0
0
0
0
0
0
0
0
0
0
0
0
0
0
0
0
0
0
0
0
0
0
0
0
0
0
0
0
0
0
0
0
0
0
0
0
0
0
0
0
0
0
0
0
0
0
0
0
0
0
0
0
0
0
0
0
0
0
0
0
0
0
0
0
0
0
0
0
0
0
0
0
0
0
0
0
0
0
0
0
0
0
0
0
0
0
0
0
0
0
0
0
0
0
0
0
0
0
0
0
0
0
0
0
0
0
0
0
0
0
0
0
0
0
0
0
0
0
0
0
0
0
0
0
0
0
0
0
0
0
0
0
0
0
0
0
0
0
0
0
0
0
0
0
1
2
4
5
6
8
9
11
14
16
20
21
25
28
30
32
34
36
38
40
42
45
46
49
51
54
57
58
62
63
65
68
70
72
74
76
80
82
85
86
87
88
91
94
96
98
99
102
105
108
110
112
115
117
119
121
124
125
128
131
136
139
141
144
145
148
151
153
156
158
162
164
166
169
170
173
174
176
180
182
185
187
190
194
196
198
201
204
205
207
209
210
213
215
218
221
224
226
231
232
235
237
239
240
242
244
246
251
252
254
256
259
261
264
266
268
270
272
275
276
279
281
284
287
289
291
294
297
299
302
305
306
310
312
315
316
317
320
322
324
325
327
330
333
334
336
338
340
343
344
346
349
351
353
355
357
359
361
362
364
367
369
370
371
372
373
375
376
378
381
383
387
390
392
394
395
395
398
400
401
403
405
407
409
410
411
413
415
417
418
419
421
424
424
427
429
431
433
434
437
438
441
444
447
449
452
454
456
458
461
462
465
467
469
470
472
473
476
479
481
484
487
490
493
494
495
498
499
501
505
506
509
510
512
514
515
517
522
524
528
529
531
533
536
540
542
544
545
547
550
551
554
556
558
561
564
567
569
571
572
576
578
579
580
583
585
586
588
589
592
595
597
599
603
605
606
609
611
614
617
618
621
625
629
631
633
635
639
641
643
647
648
651
654
654
657
659
661
664
666
667
669
670
674
675
677
679
681
684
687
689
692
693
694
696
697
701
703
706
707
709
710
712
715
719
721
722
724
726
727
729
732
736
739
740
741
743
745
746
749
750
750
753
755
757
758
760
760
764
766
769
770
773
775
776
778
779
781
784
787
790
794
797
799
802
804
808
810
811
814
816
818
820
821
823
825
827
828
829
831
833
836
838
842
845
847
849
851
853
856
857
859
862
864
866
867
869
870
872
873
875
877
878
880
881
883
885
887
888
891
892
894
895
897
899
900
903
905
907
908
911
913
915
918
920
922
925
925
928
929
931
933
935
936
938
941
942
945
947
948
949
951
953
955
957
959
961
963
964
967
968
970
972
974
976
978
980
982
986
989
992
995
996
998
1000
1001
1004
1006
1009
1011
1014
1015
1016
1018
1019
1021
1023
1025
1027
1030
1032
1035
1039
1041
1045
1046
1048
1049
1051
1052
1056
1058
1061
1063
1065
1067
1069
1071
1073
1075
1077
1078
1080
1081
1083
1086
1088
1089
1092
1094
1095
1097
1100
1102
1104
1106
1108
1109
1110
1112
1116
1120
1121
1123
1126
1128
1130
1133
1135
1139
1141
1142
1145
1148
1149
1152
1154
1157
1160
1161
1164
1166
1166
1169
1171
1174
1179
1183
1186
1189
1192
1195
1197
1200
1204
1207
1209
1211
1214
1216
1220
1222
1225
1230
1235
1237
1241
1243
1244
1247
1251
1253
1256
1259
1260
1263
1265
1269
1270
1272
1275
1278
1282
1287
1288
1290
1295
1298
1301
1305
1307
1310
1312
1316
1319
1323
1326
1329
1334
1338
1342
1347
1351
1355
1359
1362
1366
1371
1375
1377
1381
1385
1389
1393
1397
1399
1403
1408
1412
1416
1418
1422
1425
1430
1434
1438
1442
1445
1449
1452
1455
1458
1462
1471
1475
1479
1484
1487
1489
1492
1497
1503
1509
1514
1517
1521
1524
1528
1534
1537
1542
1547
1555
1561
1564
1570
1576
1581
1584
1589
1596
1602
1606
1611
1618
1622
1627
1632
1635
1640
1644
1649
1654
1660
1664
1672
1679
1684
1689
1694
1700
1708
1715
1722
1726
1732
1739
1744
1749
1755
1763
1769
1777
1786
1790
1794
1799
1806
1813
1818
1824
1830
1835
1843
1851
1857
1865
1874
1879
1888
1894
1904
1910
1916
1922
1933
1940
1949
1956
1963
1970
1979
1989
1995
2004
2010
2020
2029
2040
2049
2057
2063
2073
2081
2089
2098
2104
2110
2120
2127
2133
2140
2147
2156
2165
2174
2178
2187
2192
2201
2211
2221
2226
2236
2243
2250
2258
2266
2271
2279
2289
2298
2308
2315
2322
2331
2339
2350
2358
2365
2371
2379
2388
2398
2405
2411
2421
2429
2437
2447
2456
2465
2469
2477
2486
2495
2503
2511
2521
2530
2540
2548
2557
2568
2576
2585
2591
2598
2605
2612
2619
2629
2636
2645
2654
2662
2670
2676
2686
2694
2700
2708
2715
2726
2733
2741
2748
2757
2767
2777
2785
2792
2800
2808
2814
2823
2831
2839
2849
2855
2865
2870
2877
2886
2893
2901
2909
2920
2927
2934
2941
2950
2957
2964
2974
2977
2982
2985
2989
2995
3000
3004
3009
3014
3019
3024
3029
3034
3039
3042
3045
3051
3055
3059
3062
3066
3072
3077
3081
3084
3088
3093
3095
3100
3104
3108
3112
3116
3121
3124
3128
3133
3136
3141
3144
3148
3153
3157
3161
3165
3170
3174
3178
3182
3187
3189
3193
3196
3199
3203
3208
3212
3216
3219
3224
3228
3231
3236
3240
3244
3247
3249
3252
3255
3259
3262
3267
3273
3275
3277
3281
3284
3289
3293
3296
3299
3303
3304
3307
3310
3312
3315
3318
3320
3323
3326
3331
3333
3336
3339
3341
3344
3347
3349
3353
3356
3358
3362
3365
3369
3372
3375
3377
3379
3381
3385
3387
3390
3393
3396
3399
3402
3405
3406
3409
3413
3415
3419
3422
3425
3427
3429
3432
3435
3440
3441
3444
3446
3448
3451
3453
3454
3457
3459
3461
3464
3468
3472
3475
3478
3481
3483
3485
3488
3492
3494
3496
3497
3501
3503
3506
3508
3511
3515
3517
3519
3522
3524
3527
3530
3533
3536
3537
3540
3542
3545
3548
3550
3552
3556
3558
3561
3563
3565
3568
3570
3574
3577
3579
3582
3585
3587
3590
3593
3596
3598
3601
3602
3604
3606
3610
3611
3613
3615
3618
3620
3622
3625
3627
3630
3633
3634
3636
3639
3642
3646
3647
3650
3652
3654
3657
3660
3663
3665
3668
3670
3673
3676
3677
3679
3681
3683
3686
3689
3691
3692
3696
3699
3700
3702
3704
3706
3710
3713
3715
3717
3719
3721
3723
3726
3728
3729
3731
3734
3737
3739
3742
3744
3746
3748
3749
3750
3752
3756
3758
3760
3762
3765
3765
3767
3769
3771
3773
3776
3778
3780
3783
3786
3788
3790
3793
3795
3798
3800
3803
3804
3807
3809
3813
3816
3819
3822
3824
3825
3827
3829
3831
3834
3835
3837
3839
3840
3842
3844
3845
3848
3850
3853
3856
3858
3861
3863
3864
3866
3868
3870
3874
3876
3877
3881
3882
3884
3887
3890
3892
3893
3895
3896
3899
3901
3903
3904
3906
3907
3909
3913
3914
3915
3918
3920
3922
3925
3927
3930
3931
3932
3934
3936
3938
3940
3943
3946
3948
3952
3954
3956
3959
3962
3965
3967
3968
3971
3974
3976
3978
3981
3984
3986
3988
3989
3992
3996
3997
3999
4002
4004
4007
4009
4013
4017
4019
4022
4025
4029
4031
4032
4034
4036
4039
4042
4044
4047
4050
4052
4057
4060
4062
4064
4066
4068
4072
4076
4079
4081
4084
4087
4090
4092
4094
4096
4098
4100
4103
4106
4109
4112
4115
4118
4120
4123
4126
4130
4133
4136
4139
4141
4143
4146
4148
4151
4154
4157
4160
4162
4165
4169
4171
4174
4175
4178
4181
4183
4186
4188
4190
4193
4195
4197
4201
4203
4204
4207
4209
4211
4213
4217
4220
4222
4224
4227
4230
4232
4235
4237
4241
4243
4247
4251
4253
4256
4260
4263
4265
4266
4269
4271
4274
4277
4279
4282
4284
4288
4289
4291
4294
4297
4300
4303
4306
4308
4311
4314
4316
4318
4322
4325
4327
4329
4332
4334
4336
4338
4340
4342
4345
4347
4349
4351
4354
4357
4359
4361
4363
4367
4369
4371
4373
4376
4377
4380
4383
4385
4388
4391
4394
4397
4400
4404
4406
4408
4411
4412
4414
4418
4420
4422
4424
4426
4428
4431
4434
4437
4439
4442
4444
4446
4448
4452
4455
4458
4460
4462
4464
4467
4471
4473
4475
4477
4480
4483
4485
4488
4491
4494
4497
4499
4501
4504
4507
4512
4514
4517
4520
4521
4524
4526
4528
4531
4533
4534
4539
4541
4544
4548
4550
4553
4555
4557
4559
4562
4565
4567
4568
4571
4573
4576
4578
4581
4584
4587
4590
4593
4596
4599
4603
4605
4609
4611
4613
4616
4620
4623
4626
4629
4632
4634
4636
4639
4642
4645
4648
4651
4653
4659
4662
4665
4669
4671
4675
4679
4684
4688
4691
4692
4696
4699
4702
4706
4709
4712
4715
4718
4720
4723
4724
4728
4733
4738
4742
4745
4749
4753
4757
4760
4764
4769
4774
4777
4781
4784
4788
4791
4796
4800
4804
4808
4812
4817
4822
4827
4833
4839
4844
4848
4854
4860
4867
4872
4877
4883
4889
4896
4902
4907
4912
4918
4924
4930
4936
4942
4949
4957
4963
4969
4977
4983
4990
4996
5005
5013
5021
5028
5036
5043
5051
5057
5065
5074
5081
5089
5098
5106
5117
5126
5135
5142
5150
5158
5167
5177
5187
5196
5206
5218
5227
5237
5245
5257
5268
5276
5287
5300
5313
5325
5337
5349
5363
5374
5388
5405
5420
5432
5446
5461
5476
5491
5507
5524
5541
5556
5573
5589
5604
5624
5638
5657
5673
5692
5711
5729
5746
5768
5785
5803
5823
5844
5862
5887
5909
5932
5953
5974
5999
6020
6041
6062
6084
6106
6133
6161
6184
6212
6238
6265
6295
6321
6347
6378
6406
6438
6468
6499
6529
6560
6594
6629
6663
6695
6731
6761
6800
6832
6869
6902
6939
6976
7013
7050
7089
7128
7169
7207
7248
7288
7331
7366
7410
7456
7501
7546
7596
7642
7689
7734
7782
7835
7887
7941
7995
8054
8102
8156
8206
8259
8313
8369
8425
8475
8532
8595
8650
8709
8767
8829
8892
8954
9018
9087
9153
9218
9288
9360
9431
9497
9565
9636
9711
9781
9851
9918
9987
10062
10141
10214
10290
10365
10438
10516
10594
10676
10753
10827
10911
10987
11066
11153
11240
11320
11412
11498
11590
11679
11768
11862
11959
12050
12139
12229
12321
12426
12513
12615
12712
12803
12896
13002
13104
13207
13309
13416
13527
13633
13738
13844
13946
14057
14167
14281
14398
14504
14614
14726
14848
14968
15091
15208
15320
15433
15555
15675
15793
15906
16028
16152
16276
16402
16527
16655
16778
16906
17038
17170
17299
17425
17554
17682
17810
17931
18061
18188
18323
18456
18581
18707
18831
18965
19106
19231
19366
19500
19635
19760
19902
20034
20168
20306
20436
20577
20706
20844
20975
21110
21243
21378
21517
21654
21784
21920
22057
22186
22315
22458
22591
22730
22867
23010
23146
23296
23432
23570
23708
23852
24002
24142
24284
24432
24571
24712
24854
24991
25135
25287
25440
25583
25728
25869
26011
26160
26297
26435
26586
26727
26872
27019
27159
27305
27450
27601
27748
27885
28021
28174
28332
28476
28620
28769
28923
29069
29218
29365
29517
29656
29799
29938
30087
30237
30378
30526
30664
30806
30958
31092
31229
31366
31502
31638
31773
31907
32048
32184
32321
32458
32592
32740
32872
33008
33144
33268
33403
33531
33667
33792
33923
34053
34180
34311
34442
34584
34714
34847
34969
35090
35222
35350
35474
35607
35744
35873
35990
36120
36243
36370
36484
36603
36728
36851
36975
37094
37213
37330
37453
37571
37678
37797
37921
38035
38153
38278
38391
38512
38626
38742
38855
38966
39068
39184
39296
39403
39505
39616
39719
39826
39934
40041
40141
40247
40340
40442
40541
40645
40756
40860
40957
41058
41157
41253
41349
41449
41542
41630
41720
41813
41905
41996
42084
42179
42266
42353
42446
42532
42617
42707
42796
42887
42965
43054
43141
43223
43310
43399
43477
43563
43644
43730
43814
43887
43970
44046
44127
44209
44287
44362
44441
44522
44601
44679
44760
44834
44903
44978
45051
45125
45199
45269
45339
45405
45472
45540
45611
45678
45751
45819
45884
45955
46023
46088
46154
46226
46291
46354
46420
46486
46552
46619
46680
46749
46814
46880
46939
46997
47055
47115
47166
47224
47283
47338
47394
47455
47510
47568
47627
47688
47738
47789
47844
47896
47951
48006
48059
48115
48165
48217
48271
48320
48367
48418
48464
48508
48554
48600
48652
48697
48744
48792
48837
48887
48935
48980
49021
49066
49104
49149
49194
49238
49280
49325
49364
49405
49446
49485
49526
49569
49611
49651
49687
49729
49771
49809
49850
49888
49925
49964
50006
50039
50075
50112
50150
50188
50228
50263
50300
50336
50375
50414
50449
50486
50519
50552
50590
50621
50655
50691
50724
50758
50791
50825
50861
50892
50930
50962
50998
51028
51059
51096
51131
51159
51192
51227
51258
51290
51318
51346
51380
51411
51439
51468
51502
51532
51561
51589
51623
51654
51683
51708
51735
51762
51790
51818
51844
51869
51900
51925
51953
51980
52009
52038
52062
52083
52106
52131
52153
52178
52206
52230
52256
52283
52308
52334
52358
52382
52411
52434
52463
52492
52518
52540
52564
52590
52616
52641
52666
52694
52717
52742
52768
52792
52822
52844
52869
52898
52924
52948
52972
52998
53021
53040
53064
53086
53111
53131
53156
53181
53207
53231
53254
53275
53300
53323
53348
53369
53390
53416
53441
53463
53491
53510
53533
53555
53574
53596
53619
53639
53660
53682
53703
53730
53747
53770
53792
53809
53833
53850
53870
53894
53917
53940
53961
53983
54007
54029
54049
54072
54090
54115
54134
54153
54175
54195
54216
54238
54257
54278
54296
54316
54338
54361
54381
54399
54418
54438
54458
54478
54498
54519
54541
54562
54582
54605
54625
54645
54664
54685
54707
54726
54748
54767
54785
54806
54827
54843
54862
54882
54900
54922
54939
54961
54984
55004
55024
55044
55062
55081
55099
55121
55140
55160
55179
55195
55213
55230
55246
55269
55289
55305
55322
55341
55367
55388
55407
55428
55445
55464
55487
55507
55525
55545
55565
55584
55603
55620
55639
55656
55673
55691
55708
55729
55749
55768
55788
55808
55824
55844
55860
55874
55888
55905
55923
55941
55959
55977
55995
56013
56031
56050
56069
56088
56106
56124
56143
56160
56178
56195
56213
56230
56246
56260
56278
56296
56312
56327
56342
56360
56379
56397
56415
56433
56451
56466
56482
56498
56514
56529
56546
56561
56578
56594
56612
56625
56645
56662
56679
56693
56712
56730
56745
56758
56775
56793
56808
56824
56839
56855
56872
56888
56903
56919
56936
56953
56967
56980
56995
57011
57026
57040
57053
57066
57080
57097
57111
57127
57140
57152
57165
57181
57195
57212
57224
57242
57256
57273
57288
57301
57314
57327
57345
57356
57367
57381
57398
57413
57426
57438
57450
57461
57474
57486
57498
57513
57523
57536
57550
57563
57574
57587
57597
57608
57623
57637
57647
57659
57670
57681
57694
57706
57718
57732
57742
57752
57761
57773
57786
57796
57806
57817
57830
57840
57852
57864
57875
57886
57894
57902
57912
57921
57931
57943
57951
57962
57971
57981
57991
58001
58011
58022
58030
58039
58049
58059
58070
58082
58091
58099
58110
58117
58128
58136
58143
58154
58165
58173
58181
58189
58197
58208
58217
58226
58237
58246
58253
58264
58272
58281
58289
58299
58306
58315
58326
58335
58343
58349
58361
58369
58378
58385
58391
58398
58405
58409
58418
58426
58434
58442
58451
58461
58469
58478
58485
58492
58500
58509
58516
58522
58529
58538
58545
58553
58560
58567
58573
58579
58586
58593
58600
58608
58614
58619
58624
58631
58638
58643
58651
58656
58663
58669
58676
58683
58689
58696
58700
58707
58713
58718
58722
58730
58737
58744
58750
58757
58762
58768
58773
58779
58784
58789
58795
58799
58803
58809
58815
58821
58825
58832
58838
58844
58849
58855
58860
58866
58872
58876
58881
58886
58891
58896
58901
58908
58914
58920
58925
58931
58938
58942
58950
58957
58963
58970
58973
58979
58985
58989
58994
59000
59004
59010
59017
59021
59027
59035
59040
59044
59050
59057
59063
59070
59076
59080
59087
59090
59096
59102
59107
59114
59117
59123
59129
59134
59140
59145
59150
59157
59163
59169
59175
59178
59183
59188
59193
59199
59204
59210
59214
59220
59228
59234
59241
59248
59254
59258
59265
59269
59276
59284
59288
59295
59300
59307
59312
59317
59324
59329
59336
59343
59350
59355
59364
59369
59377
59383
59389
59396
59402
59408
59414
59420
59428
59433
59441
59448
59458
59464
59470
59478
59484
59488
59497
59502
59509
59515
59521
59528
59537
59545
59549
59555
59562
59569
59576
59584
59592
59600
59606
59613
59622
59630
59637
59645
59651
59657
59663
59672
59679
59686
59694
59703
59712
59719
59729
59740
59749
59757
59767
59776
59785
59794
59805
59814
59821
59830
59837
59845
59855
59863
59873
59880
59888
59898
59904
59914
59923
59930
59938
59950
59960
59972
59979
59988
59996
60004
60016
60026
60033
60043
60051
60060
60069
60076
60084
60091
60100
60111
60120
60131
60142
60151
60160
60170
60182
60190
60198
60206
60215
60226
60236
60244
60254
60266
60275
60281
60290
60300
60310
60320
60330
60343
60354
60364
60376
60387
60397
60407
60417
60427
60440
60451
60461
60472
60484
60495
60506
60514
60525
60538
60548
60560
60571
60582
60597
60607
60616
60628
60638
60649
60661
60675
60685
60694
60705
60716
60726
60735
60746
60755
60767
60778
60790
60800
60808
60819
60831
60843
60853
60866
60877
60886
60898
60908
60921
60932
60945
60958
60972
60983
60996
61005
61017
61028
61039
61051
61063
61077
61088
61099
61115
61126
61139
61150
61159
61171
61186
61199
61213
61224
61237
61249
61261
61271
61280
61292
61303
61314
61326
61337
61352
61366
61377
61393
61405
61416
61428
61442
61456
61468
61482
61493
61508
61520
61531
61544
61556
61569
61581
61594
61607
61620
61635
61646
61659
61670
61684
61695
61708
61718
61732
61747
61757
61767
61779
61791
61805
61817
61828
61841
61853
61865
61875
61884
61895
61909
61918
61931
61940
61950
61960
61972
61982
61994
62004
62014
62028
62037
62051
62060
62070
62082
62093
62102
62111
62125
62134
62147
62159
62169
62179
62192
62202
62213
62226
62236
62249
62257
62268
62280
62290
62300
62310
62320
62329
62339
62350
62361
62371
62383
62395
62406
62418
62427
62436
62445
62456
62467
62480
62487
62498
62508
62517
62527
62534
62546
62556
62567
62578
62589
62599
62609
62619
62630
62641
62651
62660
62668
62681
62692
62700
62709
62719
62728
62737
62748
62758
62765
62777
62786
62798
62808
62820
62830
62839
62849
62857
62864
62873
62881
62890
62899
62910
62922
62931
62939
62948
62956
62970
62978
62989
62999
63008
63018
63025
63033
63042
63051
63060
63069
63080
63088
63096
63106
63117
63125
63135
63144
63153
63163
63172
63181
63189
63196
63205
63215
63223
63233
63240
63250
63258
63267
63276
63284
63292
63303
63310
63316
63325
63335
63342
63348
63358
63365
63374
63384
63395
63403
63410
63418
63427
63436
63445
63450
63456
63462
63470
63476
63484
63491
63497
63504
63512
63521
63531
63539
63546
63555
63563
63569
63574
63581
63588
63595
63600
63603
63610
63616
63623
63629
63635
63641
63645
63652
63658
63663
63671
63678
63685
63689
63696
63701
63706
63711
63717
63725
63730
63738
63743
63748
63756
63765
63772
63779
63785
63791
63797
63804
63808
63814
63821
63828
63832
63837
63842
63847
63854
63860
63865
63870
63873
63878
63882
63887
63893
63896
63902
63907
63912
63916
63919
63923
63928
63932
63937
63940
63945
63951
63955
63960
63965
63969
63973
63979
63984
63990
63995
63999
64005
64009
64014
64018
64023
64028
64032
64036
64039
64044
64046
64051
64054
64058
64061
64065
64070
64074
64077
64082
64086
64091
64097
64101
64107
64110
64113
64118
64121
64124
64127
64130
64132
64136
64140
64142
64145
64148
64150
64154
64157
64161
64164
64166
64171
64174
64179
64183
64186
64189
64191
64195
64198
64200
64204
64208
64212
64216
64219
64221
64226
64230
64233
64236
64242
64244
64248
64251
64253
64255
64259
64261
64265
64269
64273
64274
64278
64282
64285
64287
64291
64296
64298
64302
64305
64308
64312
64314
64317
64319
64321
64323
64324
64327
64329
64331
64334
64336
64338
64342
64345
64346
64348
64350
64351
64354
64356
64357
64360
64363
64365
64367
64370
64373
64375
64379
64381
64384
64385
64389
64391
64393
64394
64397
64400
64401
64404
64406
64409
64412
64414
64415
64418
64420
64423
64426
64429
64431
64433
64436
64437
64440
64441
64443
64444
64447
64449
64453
64455
64457
64460
64462
64464
64468
64470
64473
64474
64476
64479
64481
64484
64486
64489
64491
64494
64497
64499
64500
64501
64504
64506
64508
64509
64512
64514
64517
64519
64523
64526
64527
64529
64530
64533
64534
64536
64538
64540
64543
64544
64546
64548
64550
64552
64553
64555
64556
64557
64560
64562
64564
64566
64568
64571
64572
64574
64576
64578
64579
64580
64582
64584
64586
64587
64589
64591
64592
64594
64596
64597
64599
64603
64604
64606
64608
64610
64611
64614
64619
64620
64621
64624
64625
64626
64628
64630
64633
64634
64635
64637
64642
64644
64647
64649
64651
64654
64654
64657
64660
64661
64664
64666
64668
64670
64673
64676
64678
64678
64680
64682
64684
64687
64689
64692
64693
64695
64697
64700
64703
64704
64706
64709
64711
64713
64715
64716
64718
64720
64722
64724
64727
64728
64730
64731
64733
64735
64737
64740
64742
64745
64747
64749
64752
64754
64757
64760
64762
64764
64767
64769
64772
64775
64778
64778
64781
64783
64786
64788
64790
64792
64794
64797
64800
64802
64805
64808
64809
64811
64813
64815
64817
64819
64820
64822
64824
64825
64828
64831
64834
64836
64839
64842
64843
64846
64848
64851
64853
64855
64858
64860
64862
64865
64867
64870
64873
64875
64878
64881
64883
64884
64887
64889
64892
64895
64898
64900
64902
64905
64908
64910
64915
64918
64921
64924
64927
64929
64933
64936
64940
64942
64946
64948
64950
64954
64956
64958
64962
64965
64968
64972
64975
64978
64980
64984
64987
64989
64991
64993
64995
64998
65002
65005
65008
65012
65015
65017
65020
65022
65025
65028
65031
65034
65037
65040
65042
65046
65052
65059
65063
65067
65070
65075
65082
65087
65091
65096
65100
65106
65112
65117
65120
65125
65129
65132
65136
65141
65147
65154
65158
65162
65168
65173
65179
65183
65190
65195
65199
65202
65209
65213
65218
65222
65224
65229
65232
65236
65241
65245
65249
65254
65260
65267
65272
65277
65282
65288
65293
65298
65304
65310
65315
65320
65324
65329
65333
65339
65345
65352
65357
65361
65364
65371
65375
65382
65389
65396
65403
65408
65412
65418
65424
65428
65435
65441
65447
65454
65459
65465
65470
65473
65479
65484
65489
65496
65502
65509
65514
65518
65524
65535
65535
65535
65535
65535
65535
65535
65535
65535
65535
65535
65535
65535
65535
65535
65535
65535
65535
65535
65535
65535
65535
65535
65535
65535
65535
65535
65535
65535
65535
65535
65535
65535
65535
65535
65535
65535
65535
65535
65535
65535
65535
65535
65535
65535
65535
65535
65535
65535
65535
65535
65535
65535
65535
65535
65535
65535
65535
65535
65535
65535
65535
65535
65535
65535
65535
65535
65535
65535
65535
65535
65535
65535
65535
65535
65535
65535
65535
65535
65535
65535
65535
65535
65535
65535
65535
65535
65535
65535
65535
65535
65535
65535
65535
65535
65535
65535
65535
65535
65535
65535
65535
65535
65535
65535
65535
65535
65535
65535
65535
65535
65535
65535
65535
65535
65535
65535
65535
65535
65535
65535
65535
65535
65535
65535
65535
65535
65535
65535
65535
65535
65535
65535
65535
65535
65535
65535
65535
65535
65535
65535
65535
65535
65535
65535
65535
65535
65535
65535
65535
65535
65535
65535
65535
65535
65535
65535
65535
65535
65535
65535
65535
65535
65535
65535
65535
65535
65535
65535
65535
65535
65535
65535
65535
65535
65535
65535
65535
65535
65535
65535
65535
65535
65535
65535
65535
65535
65535
65535
65535
65535
65535
65535
65535
65535
65535
65535
65535
65535
65535
65535
65535
65535
65535
65535
65535
65535
65535
65535
65535
65535
65535
65535
65535
65535
65535
65535
65535
65535
65535
65535
65535
65535
65535
65535
65535
65535
65535
65535
65535
65535
65535
65535
65535
65535
65535
65535
65535
65535
65535
65535
65535
65535
65535
65535
65535
65535
65535
65535
65535
65535
65535
65535
65535
65535
65535
65535
65535
65535
65535
65535
65535
65535
65535
65535
65535
65535
65535
65535
65535
65535
65535
65535
65535
65535
65535
65535
65535
65535
65535
65535
65535
65535
65535
65535
65535
65535
65535
65535
65535
65535
65535
65535
65535
65535
65535
65535
65535
65535
65535
65535
65535
65535
65535
65535
65535
65535
65535
65535
65535
65535
65535
65535
65535
65535
65535
65535
65535
65535
65535
65535
65535
65535
65535
65535
65535
65535
65535
65535
65535
65535
65535
65535
65535
65535
65535
65535
65535
65535
65535
65535
65535
65535
65535
65535
65535
65535
65535
65535
65535
65535
65535
65535
65535
65535
65535
65535
65535
65535
65535
65535
65535
65535
65535
65535
65535
65535
65535
65535
65535
65535
65535
65535
65535
65535
65535
65535
65535
65535
65535
65535
65535
65535
65535
65535
65535
65535
65535
65535
65535
65535
65535
65535
65535
65535
65535
65535
65535
65535
65535
65535
65535
65535
65535
65535
65535
65535
65535
65535
65535
65535
65535
65535
65535
65535
65535
65535
65535
65535
65535
65535
65535
65535
65535
65535
65535
65535
65535
65535
65535
65535
65535
65535
65535
65535
65535
65535
65535
65535
65535
65535
65535
65535
65535
65535
65535
65535
65535
65535
65535
65535
65535
65535
65535
65535
65535
65535
65535
65535
65535
65535
65535
65535
65535
65535
65535
65535
65535
65535
65535
65535
65535
65535
65535
65535
65535
65535
65535
65535
65535
65535
65535
65535
65535
65535
65535
65535
65535
65535
65535
65535
65535
65535
65535
65535
65535
65535
65535
65535
65535
65535
65535
65535
65535
65535
65535
65535
65535
65535
65535
65535
65535
65535
65535
65535
65535
65535
65535
65535
65535
65535
65535
65535
65535
65535
65535
65535
65535
65535
65535
65535
65535
65535
65535
65535
65535
65535
65535
65535
65535
65535
65535
65535
65535
65535
65535
65535
65535
65535
65535
65535
65535
65535
65535
65535
65535
65535
65535
65535
65535
65535
65535
65535
65535
65535
65535
65535
65535
65535
65535
65535
65535
65535
65535
65535
65535
65535
65535
65535
65535
65535
65535
65535
65535
65535
65535
65535
65535
65535
65535
65535
65535
65535
65535
65535
65535
65535
65535
65535
65535
65535
65535
65535
65535
65535
65535
65535
65535
65535
65535
65535
65535
65535
65535
65535
65535
65535
65535
65535
65535
65535
65535
65535
65535
65535
65535
65535
65535
65535
65535
65535
65535
65535
65535
65535
65535
65535
65535
65535
65535
65535
65535
65535
65535
65535
65535
65535
65535
65535
65535
65535
65535
65535
65535
65535
65535
65535
65535
65535
65535
65535
65535
65535
65535
65535
65535
65535
65535
65535
65535
65535
65535
65535
65535
65535
65535
65535
65535
65535
65535
65535
65535
65535
65535
65535
65535
65535
65535
65535
65535
65535
65535
65535
65535
65535
65535
65535
65535
65535
65535
65535
65535
65535
65535
65535
65535
65535
65535
65535
65535
65535
65535
65535
65535
65535
65535
65535
65535
65535
65535
65535
65535
65535
65535
65535
65535
65535
65535
65535
65535
65535
65535
65535
65535
65535
65535
65535
65535
65535
65535
65535
65535
65535
65535
65535
65535
65535
65535
65535
65535
65535
65535
65535
65535
65535
65535
65535
65535
65535
65535
65535
65535
65535
65535
65535
65535
65535
65535
65535
65535
65535
65535
65535
65535
65535
65535
65535
65535
65535
65535
65535
65535
65535
65535
65535
65535
65535
65535
65535
65535
65535
65535
65535
65535
65535
65535
65535
65535
65535
65535
65535
65535
65535
65535
65535
65535
65535
65535
65535
65535
65535
65535
65535
65535
65535
65535
65535
65535
65535
65535
65535
65535
65535
65535
65535
65535
65535
65535
65535
65535
65535
65535
65535
65535
65535
65535
65535
65535
65535
65535
65535
65535
65535
65535
65535
65535
65535
65535
65535
65535
65535
65535
65535
65535
65535
65535
65535
65535
65535
65535
65535
65535
65535
65535
65535
65535
65535
65535
65535
65535
65535
65535
65535
65535
65535
65535
65535
65535
65535
65535
65535
65535
65535
65535
65535
65535
65535
65535
65535
65535
65535
65535
65535
65535
65535
65535
65535
65535
65535
65535
65535
65535
65535
65535
65535
65535
65535
65535
65535
65535
65535
65535
65535
65535
65535
65535
65535
65535
65535
65535
65535
65535
65535
65535
65535
65535
65535
65535
65535
65535
65535
65535
65535
65535
65535
65535
65535
65535
65535
65535
65535
65535
65535
65535
65535
65535
65535
65535
65535
65535
65535
65535
65535
65535
65535
65535
65535
65535
65535
65535
65535
65535
65535
65535
65535
65535
65535
65535
65535
65535
65535
65535
65535
65535
65535
65535
65535
65535
65535
65535
65535
65535
65535
65535
65535
65535
65535
65535
65535
65535
65535
65535
65535
65535
65535
65535
65535
65535
65535
65535
65535
65535
65535
65535
65535
65535
65535
65535
65535
65535
65535
65535
65535
65535
65535
65535
65535
65535
65535
65535
65535
65535
65535
65535
65535
65535
65535
65535
65535
65535
65535
65535
65535
65535
65535
65535
65535
65535
65535
65535
65535
65535
65535
65535
65535
65535
65535
65535
65535
65535
65535
65535
65535
65535
65535
65535
65535
65535
65535
65535
65535
65535
65535
65535
65535
65535
65535
65535
65535
65535
65535
65535
65535
65535
65535
65535
65535
65535
65535
65535
65535
65535
65535
65535
65535
65535
65535
65535
65535
65535
65535
65535
65535
65535
65535
65535
65535
65535
65535
65535
65535
65535
65535
65535
65535
65535
65535
65535
65535
65535
65535
65535
65535
65535
65535
65535
65535
65535
65535
65535
65535
65535
65535
65535
65535
65535
65535
65535
65535
65535
65535
65535
65535
65535
65535
65535
65535
65535
65535
65535
65535
65535
65535
65535
65535
65535
65535
65535
65535
65535
65535
65535
65535
65535
65535
65535
65535
65535
65535
65535
65535
65535
65535
65535
65535
65535
65535
65535
65535
65535
65535
65535
65535
65535
65535
65535
65535
65535
65535
65535
65535
65535
65535
65535
65535
65535
65535
65535
65535
65535
65535
65535
65535
65535
65535
65535
65535
65535
65535
65535
65535
65535
65535
65535
65535
65535
65535
65535
65535
65535
65535
65535
65535
65535
65535
65535
65535
65535
65535
65535
65535
65535
65535
65535
65535
65535
65535
65535
65535
65535
65535
65535
65535
65535
65535
65535
65535
65535
65535
65535
65535
65535
65535
65535
65535
65535
65535
65535
65535
65535
65535
65535
65535
65535
65535
65535
65535
65535
65535
65535
65535
65535
65535
65535
65535
65535
65535
65535
65535
65535
65535
65535
65535
65535
65535
65535
65535
65535
65535
65535
65535
65535
65535
65535
65535
65535
65535
65535
65535
65535
65535
65535
65535
65535
65535
65535
65535
65535
65535
65535
65535
65535
65535
65535
65535
65535
65535
65535
65535
65535
65535
65535
65535
65535
65535
65535
65535
65535
65535
65535
65535
65535
65535
65535
65535
65535
65535
65535
65535
65535
65535
65535
65535
65535
65535
65535
65535
65535
65535
65535
65535
65535
65535
65535
65535
65535
65535
65535
65535
65535
65535
65535
65535
65535
65535
65535
65535
65535
65535
65535
65535
65535
65535
65535
65535
65535
65535
65535
65535
65535
65535
65535
65535
65535
65535
65535
65535
65535
65535
65535
65535
65535
65535
65535
65535
65535
65535
65535
65535
65535
65535
65535
65535
65535
65535
65535
65535
65535
65535
65535
65535
65535
65535
65535
65535
65535
65535
65535
65535
65535
65535
65535
65535
65535
65535
65535
65535
65535
65535
65535
65535
65535
65535
65535
65535
65535
65535
65535
65535
65535
65535
65535
65535
65535
65535
65535
65535
65535
65535
65535
65535
65535
65535
65535
65535
65535
65535
65535
65535
65535
65535
65535
65535
65535
65535
65535
65535
65535
65535
65535
65535
65535
65535
65535
65535
65535
65535
65535
65535
65535
65535
65535
65535
65535
65535
65535
65535
65535
65535
65535
65535
65535
65535
65535
65535
65535
65535
65535
65535
65535
65535
65535
65535
65535
65535
65535
65535
65535
65535
65535
65535
65535
65535
65535
65535
65535
65535
65535
65535
65535
65535
65535
65535
65535
65535
65535
65535
65535
65535
65535
65535
65535
65535
65535
65535
65535
65535
65535
65535
65535
65535
65535
65535
65535
65535
65535
65535
65535
65535
65535
65535
65535
65535
65535
65535
65535
65535
65535
65535
65535
65535
65535
65535
65535
65535
65535
65535
65535
65535
65535
65535
65535
65535
65535
65535
65535
65535
65535
65535
65535
65535
65535
65535
65535
65535
65535
65535
65535
65535
65535
65535
65535
65535
65535
65535
65535
65535
65535
65535
65535
65535
65535
65535
65535
65535
65535
65535
65535
65535
65535
65535
65535
65535
65535
65535
65535
65535
65535
65535
65535
65535
65535
65535
65535
65535
65535
65535
65535
65535
65535
65535
65535
65535
65535
65535
65535
65535
65535
65535
65535
65535
65535
65535
65535
65535
65535
65535
65535
65535
65535
65535
65535
65535
65535
65535
65535
65535
65535
65535
65535
65535
65535
65535
65535
65535
65535
65535
65535
65535
65535
65535
65535
65535
65535
65535
65535
65535
65535
65535
65535
65535
65535
65535
65535
65535
65535
65535
65535
65535
65535
65535
65535
65535
65535
65535
65535
65535
65535
65535
65535
65535
65535
65535
65535
65535
65535
65535
65535
65535
65535
65535
65535
65535
65535
65535
65535
65535
65535
65535
65535
65535
65535
65535
65535
65535
65535
65535
65535
65535
65535
65535
65535
65535
65535
65535
65535
65535
65535
65535
65535
65535
65535
65535
65535
65535
65535
65535
65535
65535
65535
65535
65535
65535
65535
65535
65535
65535
65535
65535
65535
65535
65535
65535
65535
65535
65535
65535
65535
65535
65535
65535
65535
65535
65535
65535
65535
65535
65535
65535
65535
65535
65535
65535
65535
65535
65535
65535
65535
65535
65535
65535
65535
65535
65535
65535
65535
65535
65535
65535
65535
65535
65535
65535
65535
65535
65535
65535
65535
65535
65535
65535
65535
65535
65535
65535
65535
65535
65535
65535
65535
65535
65535
65535
65535
65535
65535
65535
65535
65535
65535
65535
65535
65535
65535
65535
65535
65535
65535
65535
65535
65535
65535
65535
65535
65535
65535
65535
65535
65535
65535
65535
65535
65535
65535
65535
65535
65535
65535
65535
65535
65535
65535
65535
65535
65535
65535
65535
65535
65535
65535
65535
65535
65535
65535
65535
65535
65535
65535
65535
65535
65535
65535
65535
65535
65535
65535
65535
65535
65535
65535
65535
65535
65535
65535
65535
65535
65535
65535
65535
65535
65535
65535
65535
65535
65535
65535
65535
65535
65535
65535
65535
65535
65535
65535
65535
65535
65535
65535
65535
65535
65535
65535
65535
65535
65535
65535
65535
65535
65535
65535
65535
65535
65535
65535
65535
65535
65535
65535
65535
65535
65535
65535
65535
65535
65535
65535
65535
65535
65535
65535
65535
65535
65535
65535
65535
65535
65535
65535
65535
65535
65535
65535
65535
65535
65535
65535
65535
65535
65535
65535
65535
65535
65535
65535
65535
65535
65535
65535
65535
65535
65535
65535
65535
65535
65535
65535
65535
65535
65535
65535
65535
65535
65535
65535
65535
65535
65535
65535
65535
65535
65535
65535
65535
65535
65535
65535
65535
65535
65535
65535
65535
65535
65535
65535
65535
65535
65535
65535
65535
65535
65535
65535
65535
65535
65535
65535
65535
65535
65535
65535
65535
65535
65535
65535
65535
65535
65535
65535
65535
65535
65535
65535
65535
65535
65535
65535
65535
65535
65535
65535
65535
65535
65535
65535
65535
65535
65535
65535
65535
65535
65535
65535
65535
65535
65535
65535
65535
65535
65535
65535
65535
65535
65535
65535
65535
65535
65535
65535
65535
65535
65535
65535
65535
65535
65535
65535
65535
65535
65535
65535
65535
65535
65535
65535
65535
65535
65535
65535
65535
65535
65535
65535
65535
65535
65535
65535
65535
65535
65535
65535
65535
65535
65535
65535
65535
65535
65535
65535
65535
65535
65535
65535
65535
65535
65535
65535
65535
65535
65535
65535
65535
65535
65535
65535
65535
65535
65535
65535
65535
65535
65535
65535
65535
65535
65535
65535
65535
65535
65535
65535
65535
65535
65535
65535
65535
65535
65535
65535
65535
65535
65535
65535
65535
65535
65535
65535
65535
65535
65535
65535
65535
65535
65535
65535
65535
65535
65535
65535
65535
65535
65535
65535
65535
65535
65535
65535
65535
65535
65535
65535
65535
65535
65535
65535
65535
65535
65535
65535
65535
65535
65535
65535
65535
65535
65535
65535
65535
65535
65535
65535
65535
65535
65535
65535
65535
65535
65535
65535
65535
65535
65535
65535
65535
65535
65535
65535
65535
65535
65535
65535
65535
65535
65535
65535
65535
65535
65535
65535
65535
65535
65535
65535
65535
65535
65535
65535
65535
65535
65535
65535
65535
65535
65535
65535
65535
65535
65535
65535
65535
65535
65535
65535
65535
65535
65535
65535
65535
65535
65535
65535
65535
65535
65535
65535
65535
65535
65535
65535
65535
65535
65535
65535
65535
65535
65535
65535
65535
65535
65535
65535
65535
65535
65535
65535
65535
65535
65535
65535
65535
65535
65535
65535
65535
65535
65535
65535
65535
65535
65535
65535
65535
65535
65535
65535
65535
65535
65535
65535
65535
65535
65535
65535
65535
65535
65535
65535
65535
65535
65535
65535
65535
65535
65535
65535
65535
65535
65535
65535
65535
65535
65535
65535
65535
65535
65535
65535
65535
65535
65535
65535
65535
65535
65535
65535
65535
65535
65535
65535
65535
65535
65535
65535
65535
65535
65535
65535
65535
65535
65535
65535
65535
65535
65535
65535
65535
65535
65535
65535
65535
65535
65535
65535
65535
65535
65535
65535
65535
65535
65535
65535
65535
65535
65535
65535
65535
65535
65535
65535
65535
65535
65535
65535
65535
65535
65535
65535
65535
65535
65535
65535
65535
65535
65535
65535
65535
65535
65535
65535
65535
65535
65535
65535
65535
65535
65535
65535
65535
65535
65535
65535
65535
65535
65535
65535
65535
65535
65535
65535
65535
65535
65535
65535
65535
65535
65535
65535
65535
65535
65535
65535
65535
65535
65535
65535
65535
65535
65535
65535
65535
65535
65535
65535
65535
65535
65535
65535
65535
65535
65535
65535
65535
65535
65535
65535
65535
65535
65535
65535
65535
65535
65535
65535
65535
65535
65535
65535
65535
65535
65535
65535
65535
65535
65535
65535
65535
65535
65535
65535
65535
65535
65535
65535
65535
65535
65535
65535
65535
65535
65535
65535
65535
65535
65535
65535
65535
65535
65535
65535
65535
65535
65535
65535
65535
65535
65535
65535
65535
65535
65535
65535
65535
65535
65535
65535
65535
65535
65535
65535
65535
65535
65535
65535
65535
65535
65535
65535
65535
65535
65535
65535
65535
65535
65535
65535
65535
65535
65535
65535
65535
65535
65535
65535
65535
65535
65535
65535
65535
65535
65535
65535
65535
65535
65535
65535
65535
65535
65535
65535
65535
65535
65535
65535
65535
65535
65535
65535
65535
65535
65535
65535
65535
65535
65535
65535
65535
65535
65535
65535
65535
65535
65535
65535
65535
65535
65535
65535
65535
65535
65535
65535
65535
65535
65535
65535
65535
65535
65535
65535
65535
65535
65535
65535
65535
65535
65535
65535
65535
65535
65535
65535
65535
65535
65535
65535
65535
65535
65535
65535
65535
65535
65535
65535
65535
65535
65535
65535
65535
65535
65535
65535
65535
65535
65535
65535
65535
65535
65535
65535
65535
65535
65535
65535
65535
65535
65535
65535
65535
65535
65535
65535
65535
65535
65535
65535
65535
65535
65535
65535
65535
65535
65535
65535
65535
65535
65535
65535
65535
65535
65535
65535
65535
65535
65535
65535
65535
65535
65535
65535
65535
65535
65535
65535
65535
65535
65535
65535
65535
65535
65535
65535
65535
65535
65535
65535
65535
65535
65535
65535
65535
65535
65535
65535
65535
65535
65535
65535
65535
65535
65535
65535
65535
65535
65535
65535
65535
65535
65535
65535
65535
65535
65535
65535
65535
65535
65535
65535
65535
65535
65535
65535
65535
65535
65535
65535
65535
65535
65535
65535
65535
65535
65535
65535
65535
65535
65535
65535
65535
65535
65535
65535
65535
65535
65535
65535
65535
65535
65535
65535
65535
65535
65535
65535
65535
65535
65535
65535
65535
65535
65535
65535
65535
65535
65535
65535
65535
65535
65535
65535
65535
65535
65535
65535
65535
65535
65535
65535
65535
65535
65535
65535
65535
65535
65535
65535
65535
65535
65535
65535
65535
65535
65535
65535
65535
65535
65535
65535
65535
65535
65535
65535
65535
65535
65535
65535
65535
65535
65535
65535
65535
65535
65535
65535
65535
65535
65535
65535
65535
65535
65535
65535
65535
65535
65535
65535
65535
65535
65535
65535
65535
65535
65535
65535
65535
65535
65535
65535
65535
65535
65535
65535
65535
65535
65535
65535
65535
65535
65535
65535
65535
65535
65535
65535
65535
65535
65535
65535
65535
65535
65535
65535
65535
65535
65535
65535
65535
65535
65535
65535
65535
65535
65535
65535
65535
65535
65535
65535
65535
65535
65535
65535
65535
65535
65535
65535
65535
65535
65535
65535
65535
65535
65535
65535
65535
65535
65535
65535
65535
65535
65535
65535
65535
65535
65535
65535
65535
65535
65535
65535
65535
65535
65535
65535
65535
65535
65535
65535
65535
65535
65535
65535
65535
65535
65535
65535
65535
65535
65535
65535
65535
65535
65535
65535
65535
65535
65535
65535
65535
65535
65535
65535
65535
65535
65535
65535
65535
65535
65535
65535
65535
65535
65535
65535
65535
65535
65535
65535
65535
65535
65535
65535
65535
65535
65535
65535
65535
65535
65535
65535
65535
65535
65535
65535
65535
65535
65535
65535
65535
65535
65535
65535
65535
65535
65535
65535
65535
65535
65535
65535
65535
65535
65535
65535
65535
65535
65535
65535
65535
65535
65535
65535
65535
65535
65535
65535
65535
65535
65535
65535
65535
65535
65535
65535
65535
65535
65535
65535
65535
65535
65535
65535
65535
65535
65535
65535
65535
65535
65535
65535
65535
65535
65535
65535
65535
65535
65535
65535
65535
65535
65535
65535
65535
65535
65535
65535
65535
65535
65535
65535
65535
65535
65535
65535
65535
65535
65535
65535
65535
65535
65535
65535
65535
65535
65535
65535
65535
65535
65535
65535
65535
65535
65535
65535
65535
65535
65535
65535
65535
65535
65535
65535
65535
65535
65535
65535
65535
65535
65535
65535
65535
65535
65535
65535
65535
65535
65535
65535
65535
65535
65535
65535
65535
65535
65535
65535
65535
65535
65535
65535
65535
65535
65535
65535
65535
65535
65535
65535
65535
65535
65535
65535
65535
65535
65535
65535
65535
65535
65535
65535
65535
65535
65535
65535
65535
65535
65535
65535
65535
65535
65535
65535
65535
65535
65535
65535
65535
65535
65535
65535
65535
65535
65535
65535
65535
65535
65535
65535
65535
65535
65535
65535
65535
65535
65535
65535
65535
65535
65535
65535
65535
65535
65535
65535
65535
65535
65535
65535
65535
65535
65535
65535
65535
65535
65535
65535
65535
65535
65535
65535
65535
65535
65535
65535
65535
65535
65535
65535
65535
65535
65535
65535
65535
65535
65535
65535
65535
65535
65535
65535
65535
65535
65535
65535
65535
65535
65535
65535
65535
65535
65535
65535
65535
65535
65535
65535
65535
65535
65535
65535
65535
65535
65535
65535
65535
65535
65535
65535
65535
65535
65535
65535
65535
65535
65535
65535
65535
65535
65535
65535
65535
65535
65535
65535
65535
65535
65535
65535
65535
65535
65535
65535
65535
65535
65535
65535
65535
65535
65535
65535
65535
65535
65535
65535
65535
65535
65535
65535
65535
65535
65535
65535
65535
65535
65535
65535
65535
65535
65535
65535
65535
65535
65535
65535
65535
65535
65535
65535
65535
65535
65535
65535
65535
65535
65535
65535
65535
65535
65535
65535
65535
65535
65535
65535
65535
65535
65535
65535
65535
65535
65535
65535
65535
65535
65535
65535
65535
65535
65535
65535
65535
65535
65535
65535
65535
65535
65535
65535
65535
65535
65535
65535
65535
65535
65535
65535
65535
65535
65535
65535
65535
65535
65535
65535
65535
65535
65535
65535
65535
65535
65535
65535
65535
65535
65535
65535
65535
65535
65535
65535
65535
65535
65535
65535
65535
65535
65535
65535
65535
65535
65535
65535
65535
65535
65535
65535
65535
65535
65535
65535
65535
65535
65535
65535
65535
65535
65535
65535
65535
65535
65535
65535
65535
65535
65535
65535
65535
65535
65535
65535
65535
65535
65535
65535
65535
65535
65535
65535
65535
65535
65535
65535
65535
65535
65535
65535
65535
65535
65535
65535
65535
65535
65535
65535
65535
65535
65535
65535
65535
65535
65535
65535
65535
65535
65535
65535
65535
65535
65535
65535
65535
65535
65535
65535
65535
65535
65535
65535
65535
65535
65535
65535
65535
65535
65535
65535
65535
65535
65535
65535
65535
65535
65535
65535
65535
65535
65535
65535
65535
65535
65535
65535
65535
65535
65535
65535
65535
65535
65535
65535
65535
65535
65535
65535
65535
65535
65535
65535
65535
65535
65535
65535
65535
65535
65535
65535
65535
65535
65535
65535
65535
65535
65535
65535
65535
65535
65535
65535
65535
65535
65535
65535
65535
65535
65535
65535
65535
65535
65535
65535
65535
65535
65535
65535
65535
65535
65535
65535
65535
65535
65535
65535
65535
65535
65535
65535
65535
65535
65535
65535
65535
65535
65535
65535
65535
65535
65535
65535
65535
65535
65535
65535
65535
65535
65535
65535
65535
65535
65535
65535
65535
65535
65535
65535
65535
65535
65535
65535
65535
65535
65535
65535
65535
65535
65535
65535
65535
65535
65535
65535
65535
65535
65535
65535
65535
65535
65535
65535
65535
65535
65535
65535
65535
65535
65535
65535
65535
65535
65535
65535
65535
65535
65535
65535
65535
65535
65535
65535
65535
65535
65535
65535
65535
65535
65535
65535
65535
65535
65535
65535
65535
65535
65535
65535
65535
65535
65535
65535
65535
65535
65535
65535
65535
65535
65535
65535
65535
65535
65535
65535
65535
65535
65535
65535
65535
65535
65535
65535
65535
65535
65535
65535
65535
65535
65535
65535
65535
65535
65535
65535
65535
65535
65535
65535
65535
65535
65535
65535
65535
65535
65535
65535
65535
65535
65535
65535
65535
65535
65535
65535
65535
65535
65535
65535
65535
65535
65535
65535
65535
65535
65535
65535
65535
65535
65535
65535
65535
65535
65535
65535
65535
65535
65535
65535
65535
65535
65535
65535
65535
65535
65535
65535
65535
65535
65535
65535
65535
65535
65535
65535
65535
65535
65535
65535
65535
65535
65535
65535
65535
65535
65535
65535
65535
65535
65535
65535
65535
65535
65535
65535
65535
65535
65535
65535
65535
65535
65535
65535
65535
65535
65535
65535
65535
65535
65535
65535
65535
65535
65535
65535
65535
65535
65535
65535
65535
65535
65535
65535
65535
65535
65535
65535
65535
65535
65535
65535
65535
65535
65535
65535
65535
65535
65535
65535
65535
65535
65535
65535
65535
65535
65535
65535
65535
65535
65535
65535
65535
65535
65535
65535
65535
65535
65535
65535
65535
65535
65535
65535
65535
65535
65535
65535
65535
65535
65535
65535
65535
65535
65535
65535
65535
65535
65535
65535
65535
65535
65535
65535
65535
65535
65535
65535
65535
65535
65535
65535
65535
65535
65535
65535
65535
65535
65535
65535
65535
65535
65535
65535
65535
65535
65535
65535
65535
65535
65535
65535
65535
65535
65535
65535
65535
65535
65535
65535
65535
65535
65535
65535
65535
65535
65535
65535
65535
65535
65535
65535
65535
65535
65535
65535
65535
65535
65535
65535
65535
65535
65535
65535
65535
65535
65535
65535
65535
65535
65535
65535
65535
65535
65535
65535
65535
65535
65535
65535
65535
65535
65535
65535
65535
65535
65535
65535
65535
65535
65535
65535
65535
65535
65535
65535
65535
65535
65535
65535
65535
65535
65535
65535
65535
65535
65535
65535
65535
65535
65535
65535
65535
65535
65535
65535
65535
65535
65535
65535
65535
65535
65535
65535
65535
65535
65535
65535
65535
65535
65535
65535
65535
65535
65535
65535
65535
65535
65535
65535
65535
65535
65535
65535
65535
65535
65535
65535
65535
65535
65535
65535
65535
65535
65535
65535
65535
65535
65535
65535
65535
65535
65535
65535
65535
65535
65535
65535
65535
65535
65535
65535
65535
65535
65535
65535
65535
65535
65535
65535
65535
65535
65535
65535
65535
65535
65535
65535
65535
65535
65535
65535
65535
65535
65535
65535
65535
65535
65535
65535
65535
65535
65535
65535
65535
65535
65535
65535
65535
65535
65535
65535
65535
65535
65535
65535
65535
65535
65535
65535
65535
65535
65535
65535
65535
65535
65535
65535
65535
65535
65535
65535
65535
65535
65535
65535
65535
65535
65535
65535
65535
65535
65535
65535
65535
65535
65535
