43524
62177
27729
61926
49241
14793
48990
33196
61175
64033
23368
1356
44880
22867
60173
44379
44128
34551
21866
18506
24474
24223
20864
36158
57669
48092
35406
25579
28438
56167
33904
52307
23826
54664
26184
44586
562
56270
56020
24431
55269
64094
48049
35113
28395
15459
24284
36219
54371
38326
28498
3127
36823
64552
54725
1124
47506
59440
15165
20882
32817
44751
50468
15519
61651
54682
63508
3689
56289
43352
8404
42100
38491
31772
62360
61859
26910
60857
50779
50278
46418
5252
26513
13327
52990
2498
26867
38802
10071
27973
55452
4709
22861
15892
52447
14389
63880
35149
59519
46333
17602
16851
9882
40469
58621
1661
60228
25279
62084
8233
45038
41178
24882
11696
51610
16661
12801
24485
1972
13656
28449
2577
20478
26195
63000
18726
64857
45453
48061
25548
34373
2534
26653
13467
40945
21541
2137
54486
47517
18786
52483
36187
57448
47621
50229
37293
42759
60911
60160
47224
9167
49081
23459
946
15989
55903
17846
60869
799
6516
27777
42820
39211
7371
19055
49643
5368
32596
50748
56465
33952
58322
14047
28840
46992
18261
33304
48097
41128
27942
5429
29798
22829
40982
46448
64600
64099
41586
15964
34116
46051
39082
54125
9850
34220
11707
4738
16673
37934
9203
42899
45257
50974
56440
40145
58297
14022
29065
9661
43357
23953
20093
28919
43962
59005
24057
54644
53893
31380
2649
48781
60715
25767
53246
58962
52244
11078
1250
34947
22011
52598
2105
48488
13539
6821
3211
40016
58168
7676
50699
34654
52806
2313
51554
10387
6778
9386
27538
61234
20068
10241
15958
65449
58730
45544
63696
3877
46899
65052
36321
38929
60190
25241
62047
36675
39283
60544
38281
25345
37280
39888
64258
13765
28808
31416
43351
2185
51676
4292
60000
62608
49672
52030
32876
60355
28515
24905
36840
48774
1390
57099
34836
40553
64923
64422
45268
50985
6710
18645
8817
5208
4707
38403
59664
52946
2453
8170
20104
13386
9776
21711
30536
39362
38861
25925
37860
12488
5770
49043
42324
32497
44431
50148
27886
42929
29993
51504
38568
44285
31349
12195
21020
11193
4475
44639
13050
18767
33810
51962
35917
19622
56427
37023
42739
36021
19976
57032
6539
21582
8646
33016
35624
41341
53275
27904
58491
61099
13715
13215
12714
62205
21039
4994
10710
7101
382
6099
55590
36436
26609
29217
50478
9312
55694
14528
54692
47974
63017
9415
46221
58155
4554
50936
38000
43716
27671
14735
45573
32637
16592
9873
62473
27775
17948
26774
35599
50643
59468
37206
14943
33095
29485
1005
25375
12439
36808
51852
57569
38415
41023
21869
36912
17508
20116
56921
211
34158
52310
58027
41982
47698
44089
46697
21075
26792
63597
3778
6386
65203
33614
64452
4633
38329
34719
65307
55480
36326
29607
7094
53476
62302
46257
23994
17276
13666
19383
25100
62155
14771
51827
10661
22595
46965
5799
58399
14124
16732
3796
3295
9012
42708
45316
44815
59859
15584
2647
11473
23408
44669
62821
37199
52242
23511
26119
41163
3106
30835
11681
1853
51344
16396
19004
21612
30438
20610
20109
35153
40870
21716
49194
4919
60628
16353
3417
9134
58625
29894
29393
19566
31500
40326
46043
57977
7485
10093
15809
33962
61440
20274
13556
28599
40533
52468
36173
20127
56933
56181
18124
45603
48211
50819
50318
12261
49066
23694
23193
22693
53280
2788
11613
26657
47918
19187
43557
61709
29869
10465
41052
62313
11821
23755
20146
63168
3349
62167
2348
4956
26217
35042
31182
61770
5059
54550
19602
59516
21459
20958
29533
60121
59620
62228
61727
39214
57366
22418
37461
36960
8229
41926
56969
43782
49499
8333
38921
10190
3471
34059
49102
48601
16762
62893
56175
5682
20726
54422
41235
43843
40234
5285
51417
19577
59491
43446
11607
51521
16572
62704
46408
55234
42048
16426
50122
58948
5346
11063
44759
44258
62160
17885
54690
25709
46970
40001
55045
10770
16487
62618
5908
5157
4656
32134
28274
58862
39458
57610
35097
40563
27376
1755
26124
3611
40416
64786
60926
60175
62533
15149
42627
32550
16254
53059
2316
48448
50806
6531
49554
42585
29398
13103
49908
14959
4881
54122
28500
15313
11453
7593
13310
31462
62050
17524
23241
16272
15771
8803
11160
44856
31670
2939
36385
20090
16229
18587
49175
35988
4148
37845
49529
33233
57603
50634
46774
21152
17292
60315
34693
52595
51844
7569
50591
37405
45980
14140
41619
6671
9028
11386
57518
59875
34253
21067
10989
25782
21922
8735
7984
4124
18917
27492
20523
63546
44141
12051
23736
60290
16015
37276
58537
10903
53676
59142
61500
23192
53529
9004
26905
1283
53633
62208
55239
51379
53737
18538
14678
10817
16284
12424
11672
51587
53944
59411
55300
63875
50689
37502
36751
42217
10127
2908
17701
26276
59722
8979
17554
63435
43781
24376
48496
10188
43634
42883
20119
44239
9040
48703
13505
43842
52417
54774
28902
53021
33367
35724
25647
55984
8349
48013
12814
30716
11061
56943
9308
46114
23350
59905
34032
36390
32530
62867
27668
48679
19697
6511
58610
35846
28627
30985
61322
29232
3359
52349
48239
34802
52704
20864
7427
18861
58524
38869
56771
37117
14353
7134
37220
11348
32359
50260
46400
4984
60191
18524
1979
63404
53326
18127
57541
13015
2937
5045
35382
3041
5399
4397
28517
24406
45417
41056
2748
8214
13430
12429
8318
1099
50089
58414
41868
28431
46082
29536
19208
15098
29891
50651
46540
23777
38570
18915
42784
44891
6583
49105
54321
6687
21230
45099
56532
24192
23441
56887
56135
48916
44805
37586
61705
20038
53234
27362
4598
9814
65022
29573
9667
2198
47829
56153
45575
7017
46680
30134
26024
25022
5367
4366
6473
2362
51353
22121
52208
51206
9789
39876
60636
34513
11750
44945
3278
52018
23037
50015
39687
44903
34324
39540
19635
27960
11163
6802
21095
38746
6405
5404
4402
47174
49282
60966
50638
12330
29981
16294
37054
7822
31691
64887
26329
62633
58522
54412
62486
49049
47797
6130
23782
47651
33963
17167
28601
36925
1726
60043
46606
26951
7297
62504
27055
26054
37487
17582
60104
27764
29871
37945
52488
26365
18895
55199
63274
36901
35398
49690
7773
50295
30390
41573
49647
7730
34457
21020
7333
59432
39527
41384
18370
4933
19225
46202
7394
18327
7748
34726
24147
16678
34078
45262
59554
5451
32429
12524
61264
22706
52792
26670
25418
64831
41817
59468
8475
16549
62180
23622
47491
52456
63890
47094
64495
50807
24684
16964
37724
24037
60091
5738
4486
43649
14417
63157
55687
29564
15877
24202
10514
12371
64220
50532
27518
14081
37700
64427
56957
21508
45377
53201
23969
955
55913
51552
308
64592
25783
24531
32606
18918
26993
53720
24488
57433
59541
2079
31915
21337
38738
59247
45309
31622
2140
22900
21648
64170
25362
2097
35293
12028
26070
49689
63981
18954
64335
22668
8980
38817
34706
8583
10440
27841
29447
216
8290
22582
24439
22936
56132
20432
50268
55234
57091
27609
45260
9560
51832
588
52186
7160
21452
17091
43568
17195
34596
14691
13439
18154
63785
2964
35909
28439
30296
50806
30650
20071
62343
32861
44044
42542
16419
8699
54330
49718
26704
40996
52180
60254
49425
10616
59106
57603
37197
45021
59313
26472
34546
55056
3812
14745
44832
37112
29391
18813
64193
19167
49003
868
52466
35420
21732
8045
53425
27052
57139
2535
35480
40446
7855
28365
27113
63167
36794
4203
5809
1448
34393
4911
37856
39713
10231
14946
41924
24877
54713
25231
23729
31553
55171
59887
61743
10249
27650
57486
46657
1631
56338
45509
22244
45863
44611
24455
16735
5906
54395
6260
36347
34845
14689
751
61676
53705
39767
10285
2815
57522
9387
10994
3524
23783
40934
58335
41288
52221
22739
2583
22842
43102
1184
33879
13724
55995
45166
12325
48379
28223
10926
12532
42369
47084
29787
22066
39467
50150
58224
50504
17913
1117
15159
60539
65505
26696
31411
36126
56386
51524
56239
32724
2992
60808
18640
48476
31179
39003
21956
8018
31637
36352
50394
24020
47389
64790
860
2466
13649
43486
38874
9392
14358
62847
36474
53875
14816
16422
33573
731
45861
50577
49074
53789
5404
44316
24160
44670
65180
29230
5715
16648
27581
63885
40621
4921
56519
7883
43937
35966
9593
32961
62547
45501
31563
17374
53178
54784
18834
54638
31373
64318
6606
1745
3351
32937
31184
54552
9275
41970
49544
1158
55865
19664
40174
47998
62040
38525
46099
32161
8896
32265
21686
38836
62205
10710
31220
32826
56194
48474
62516
35892
18846
35996
12481
26273
30988
26376
27983
1609
107
20366
34408
63994
22076
5030
15962
39331
56732
2128
9952
30462
60298
55437
44357
64617
10264
5652
1041
30627
10221
17794
25618
39410
22363
39263
31543
23572
57
14099
58728
47649
61440
19272
48858
12908
11405
13012
58392
28660
11613
29014
21043
50880
33582
10068
55448
16640
24464
63626
46329
35250
33998
16951
62081
60578
9084
16658
55820
29447
12401
39128
40484
32513
49664
4387
26
54733
6348
17280
56193
8058
12773
42609
25312
14233
18948
20304
46530
54354
49743
57567
65140
35408
21470
44838
55771
4277
36971
38578
24640
26246
40037
28958
61653
53932
21091
19338
64719
16584
2646
56852
48881
59814
61420
63027
45980
38260
30540
53908
45937
25782
36965
16809
12198
48001
14910
22734
8545
60144
45955
44202
2285
41197
33477
19289
58452
22501
39902
41509
55550
16491
30533
1051
61725
44428
49143
10084
45888
35059
24230
25836
61639
50810
42840
41337
55129
44299
17676
47512
49118
63160
15025
44611
65121
16735
49430
38851
52642
44672
14939
19654
2357
41771
65139
19862
46339
19966
61987
32255
46296
769
2125
13058
8697
41392
21236
44604
49319
60252
12117
38594
65322
63819
49881
7713
62420
1349
12282
4311
18353
63733
49796
45184
53008
29744
18915
4977
9692
55072
16013
11402
16117
33518
34874
14719
16575
21541
44909
55591
47871
18139
41757
65126
22958
33891
38355
43070
41568
5618
1006
21516
4469
43632
45239
46845
26689
3425
61241
22182
14462
22536
21033
60196
36932
13667
18383
54186
55792
4549
6155
11120
46924
54748
37952
14687
25620
43021
54204
62279
61027
53306
48695
56769
39723
25785
24282
4377
62443
36070
12555
14162
15768
45604
6796
30414
54033
65216
4646
6502
33480
35337
6105
57704
53343
5207
50588
52445
13636
37505
11132
53654
21063
35355
62333
39069
37817
43033
29345
15658
29699
6435
64501
53922
46453
4535
43949
61349
50520
45909
57092
2740
29717
62662
5201
47723
40253
14130
50184
42715
7015
2654
60720
21912
48889
53855
37059
60928
59676
58674
26083
53061
58026
63242
12249
14106
47051
2275
13709
272
52120
41792
24996
23744
16274
30566
13770
62509
42855
19841
62613
58252
19694
59107
38952
40558
36197
53848
58814
26473
53451
39764
41621
49695
32899
62735
45939
38469
12346
48650
19168
33711
63798
28348
23987
973
34169
48711
7044
49566
57641
43953
30516
16829
24903
48772
25758
62063
7960
50482
33686
7563
22106
61519
19852
43471
36251
41467
46433
14092
59723
18056
13695
8
23627
53463
11545
60285
65251
14007
18972
64603
50665
58990
1529
50268
61452
19785
34327
55087
28964
43507
17384
35036
5804
48326
12877
18093
26167
6011
20304
50390
33594
51245
28231
58318
10183
58923
51453
59778
11893
54165
52913
57878
34864
33612
48155
9346
45650
19277
33820
41894
21989
61152
581
11514
16480
5901
29520
21799
20547
22404
11825
50988
62172
4710
28329
33294
6921
39866
38363
65341
64089
56619
5626
16559
9089
7837
31455
30203
19625
46352
41991
53174
36378
19331
64712
38589
5998
63814
47018
24004
22752
61914
38650
49833
7916
37752
11379
9876
24169
54005
21414
29488
3115
20266
56320
58176
3824
42986
35266
24437
44696
27650
41942
34222
57840
62806
33324
22495
20992
7054
18238
48074
43462
35742
53143
64076
6614
7970
0
23368
43878
61279
10035
30544
32151
8886
50908
15208
35217
15061
48006
46754
13913
37281
36029
21841
42100
18585
60606
49527
48024
2748
29475
56203
1599
49838
42118
6418
57766
22066
57619
6125
60832
24882
20271
3224
20374
31307
51567
59391
64106
56385
54883
15824
29866
3242
23251
49728
16887
21351
13130
42716
62975
64582
44176
55109
47138
58071
50100
63891
27941
45092
18218
32009
36474
56733
48762
9703
23745
59549
17381
25205
7908
62364
41958
12226
896
55352
34946
64532
44126
14394
37762
23574
6277
1164
2771
54118
27244
370
29706
62400
10656
15120
32271
46062
62962
32979
6105
51235
58809
53947
30182
22462
33144
18705
1408
27635
31849
51858
59432
48603
62394
41988
12005
6893
14466
28258
16928
2739
32075
64519
6557
54545
6160
60616
15089
10227
51748
53104
29589
21368
28691
64244
46696
22931
39581
34469
51369
61550
53329
64012
65117
6904
26663
49781
60213
54850
46378
63028
57916
9030
60127
36111
33857
41431
1871
65153
16017
60646
39989
50672
14221
49524
44161
26363
2598
62771
51441
49438
31890
17452
5871
6726
63791
8687
56425
10898
46451
47556
51771
5993
881
48619
40148
16132
4802
55649
28775
64078
27376
59320
13292
13896
45840
28042
54018
55123
18422
50866
36177
15020
59649
57395
52033
12222
31731
29727
5712
9926
17249
46334
28286
22673
23528
23882
2725
3580
10652
36128
12112
281
1136
17285
43011
53443
16742
51794
49790
34851
1258
58072
55318
65249
31656
60241
45051
48764
21389
40647
19490
10768
52038
12227
59715
54102
60674
17755
52557
21822
50657
57229
61193
46253
12410
22341
13369
45062
8110
55598
25114
59916
22964
17351
5270
17809
37067
25236
32058
60893
27050
64710
33726
46766
59806
60160
10522
48433
27025
15195
62432
13295
57173
35765
60990
58236
27501
36932
24600
15127
40101
59109
9722
41665
54204
29688
4921
21070
36717
27745
21631
224
19231
56641
25656
16934
1744
61667
43368
30786
59120
6624
34958
59932
47601
19976
57886
20434
45658
49122
33681
12023
18595
21808
53501
31843
53708
16506
22827
14356
39330
64806
43148
43502
43856
3545
28519
143
44021
62778
15998
50299
22424
63193
10196
13409
10153
22692
59852
59455
22002
56303
12633
50042
46787
2866
21623
61891
30155
33118
45406
20389
48222
38498
7013
31737
50243
6323
18361
43085
11600
39433
29709
13517
16229
22050
2749
55202
39011
48191
41826
35212
37923
55929
5290
54884
60705
50731
31681
47079
55758
49143
26734
54316
31656
31009
11458
7952
57296
12875
65328
61321
48489
10535
37367
11598
51115
12911
3187
2290
17437
23007
59665
21712
55262
35460
3725
27948
39736
8000
50876
9814
24710
58260
45428
10583
3217
18114
29902
31862
62053
38892
60007
40456
36198
3962
43228
20569
13453
40284
4939
7150
28014
58204
16641
25320
49293
38568
56573
33663
57636
62705
17532
3949
55901
4761
37810
39520
3924
15211
20030
65514
61007
28269
57959
47233
52052
44186
14306
44497
11509
22546
14679
53194
51545
18807
58074
13152
23938
28757
36434
838
42963
53499
42523
25330
5278
9596
30210
18984
32628
37197
32188
52552
41826
58580
28701
11507
22043
61059
64626
56759
2009
49851
13754
17822
37684
63514
17840
49637
22867
42479
12349
41788
48965
34129
41556
29829
24821
19562
4726
30806
25297
35582
51835
18346
56861
45134
2069
59237
6594
10412
39350
52494
37408
35007
7235
26597
14119
55242
58558
21710
40821
364
38128
63456
16781
11021
14588
8578
64244
8492
52474
56041
62466
9323
49695
37467
25239
9652
65318
62417
37253
21666
56071
52418
27504
36538
58006
26875
45485
57377
51367
1082
41454
38052
55911
39823
55074
36378
1387
60412
3158
65041
32908
51018
31821
21951
46278
64137
47548
31711
56038
14829
20002
59122
47749
62249
14822
60660
6766
2362
41983
22285
2588
10870
37554
17356
56726
39887
48169
9067
1054
62436
36020
6245
5201
34493
57818
40729
63804
5548
38701
52700
53512
61043
11863
25862
39109
55466
31908
17927
18740
54000
23974
21677
22740
41955
48985
50298
26490
36628
62311
62623
28236
59886
10706
51182
61321
64491
23886
5545
49380
20960
14804
48812
17283
8519
61680
58382
30213
30023
26224
20068
975
3644
18748
21166
51815
882
53293
15296
55772
32569
47673
28079
11845
13512
18539
20206
28091
61097
46970
51996
59380
32317
42559
25073
3976
7751
48831
18659
47054
48220
5863
22072
22738
1141
8024
8690
37585
62621
16403
23036
35887
36052
61337
23695
36045
7980
38482
60158
40918
47050
58398
48235
38322
6396
61268
50854
5742
7263
52307
59795
49632
57621
31412
26715
3115
9851
29274
63990
42496
5709
46894
19433
35246
20972
27208
2605
64800
5751
8878
12756
37645
30193
54080
46628
46396
4747
54006
15215
60864
9388
14121
6169
60143
20100
30300
46717
28437
62756
3559
13258
50686
56525
21698
30896
27158
39215
25649
18301
16420
65031
38028
4307
8643
19197
3628
57205
3579
63123
48055
3505
50113
46979
28301
49287
51119
34799
39490
25527
25356
29044
51386
722
41467
22392
27937
39200
4080
21059
53081
29395
11426
42447
33554
42562
61148
25631
62368
50971
14452
18850
32072
18922
8630
51188
44256
32962
3266
58259
58650
52071
48852
48742
60065
55093
62306
18525
27845
56673
32901
8879
6618
11431
28678
11979
53347
19100
9223
48336
21663
26934
37316
14357
47607
51625
38596
49938
41124
65505
23349
15139
46844
32019
54752
7337
61011
14200
52183
7333
57501
62997
31688
15025
48855
1208
39856
53738
2939
30111
50419
7046
39392
58404
25922
9088
61002
51595
7990
1044
6387
1005
24958
11458
42588
28691
48845
13999
32503
118
24798
28320
53855
31358
50278
24422
26295
17339
32002
35482
63582
8494
46317
32042
39925
1426
11710
10810
47760
13458
48948
22054
10601
45072
40777
38882
16374
3986
40131
58770
29318
47793
53729
45165
46325
32338
3955
41755
27353
46292
59411
16217
17194
520
2394
59624
43493
8856
58157
31741
49600
62494
23539
40793
18634
15629
38246
2045
50284
48782
897
9472
49386
61321
51493
16795
22763
6968
44274
3609
25371
47132
62677
18902
34447
46882
49991
49991
56208
62426
62426
62426
65535
65535
65535
65535
65535
65535
65535
65535
65535
65535
65535
65535
65535
65535
65535
65535
65535
65535
65535
65535
65535
65535
65535
65535
65535
65535
65535
65535
65535
65535
65535
65535
65535
65535
65535
65535
65535
65535
65535
65535
65535
65535
65535
65535
65535
65535
65535
65535
65535
65535
65535
65535
65535
65535
65535
65535
65535
65535
65535
65535
65535
65535
65535
65535
65535
65535
65535
65535
65535
65535
65535
65535
65535
65535
65535
65535
65535
65535
65535
65535
65535
65535
65535
65535
65535
65535
65535
65535
65535
65535
65535
65535
65535
65535
65535
65535
65535
65535
65535
65535
65535
65535
65535
65535
65535
65535
65535
65535
65535
65535
65535
65535
65535
65535
65535
65535
65535
65535
65535
65535
65535
65535
65535
65535
65535
65535
65535
65535
65535
65535
65535
65535
65535
65535
65535
65535
65535
65535
65535
65535
65535
65535
65535
65535
65535
65535
65535
65535
65535
65535
65535
65535
65535
65535
65535
65535
65535
65535
65535
65535
65535
65535
65535
65535
65535
65535
65535
65535
65535
65535
65535
65535
65535
65535
65535
65535
65535
65535
65535
65535
65535
65535
65535
65535
65535
65535
65535
65535
65535
65535
65535
65535
65535
65535
65535
65535
65535
65535
65535
65535
65535
65535
65535
65535
65535
65535
65535
65535
65535
65535
65535
65535
65535
65535
65535
65535
65535
65535
65535
65535
65535
65535
65535
65535
65535
65535
65535
65535
65535
65535
65535
65535
65535
65535
65535
65535
65535
65535
65535
65535
65535
65535
65535
65535
65535
65535
65535
65535
65535
65535
65535
65535
65535
65535
65535
65535
65535
65535
65535
65535
65535
65535
65535
65535
65535
65535
65535
65535
65535
65535
65535
65535
65535
65535
65535
65535
65535
65535
65535
65535
65535
65535
65535
65535
65535
65535
65535
65535
65535
65535
65535
65535
65535
65535
65535
65535
65535
65535
65535
65535
65535
65535
65535
65535
65535
65535
65535
65535
65535
65535
65535
65535
65535
65535
65535
65535
65535
65535
65535
65535
65535
65535
65535
65535
65535
65535
65535
65535
65535
65535
65535
65535
65535
65535
65535
65535
65535
65535
65535
65535
65535
65535
65535
65535
65535
65535
65535
65535
65535
65535
65535
65535
65535
65535
65535
65535
65535
65535
65535
65535
65535
65535
65535
65535
65535
65535
65535
65535
65535
65535
65535
65535
65535
65535
65535
65535
65535
65535
65535
65535
65535
65535
65535
65535
65535
65535
65535
65535
65535
65535
65535
65535
65535
65535
65535
65535
65535
65535
65535
65535
65535
65535
65535
65535
65535
65535
65535
65535
65535
65535
65535
65535
65535
65535
65535
65535
65535
65535
65535
65535
65535
65535
65535
65535
65535
65535
65535
65535
65535
65535
65535
65535
65535
65535
65535
65535
65535
65535
65535
65535
65535
65535
65535
65535
65535
65535
65535
65535
65535
65535
65535
65535
65535
65535
65535
65535
65535
65535
65535
65535
65535
65535
65535
65535
65535
65535
65535
65535
65535
65535
65535
65535
65535
65535
65535
65535
65535
65535
65535
65535
65535
65535
65535
65535
65535
65535
65535
65535
65535
65535
65535
65535
65535
65535
65535
65535
65535
65535
65535
65535
65535
65535
65535
65535
65535
65535
65535
65535
65535
65535
65535
65535
65535
65535
65535
65535
65535
65535
65535
65535
65535
65535
65535
65535
65535
65535
65535
65535
65535
65535
65535
65535
65535
65535
65535
65535
65535
65535
65535
65535
65535
65535
65535
65535
65535
65535
65535
65535
65535
65535
65535
65535
65535
65535
65535
65535
65535
65535
65535
65535
65535
65535
65535
65535
65535
65535
65535
65535
65535
65535
65535
65535
65535
65535
65535
65535
65535
65535
65535
65535
65535
65535
65535
65535
65535
65535
65535
65535
65535
65535
65535
65535
65535
65535
65535
65535
65535
65535
65535
65535
65535
65535
65535
65535
65535
65535
65535
65535
65535
65535
65535
65535
65535
65535
65535
65535
65535
65535
65535
65535
65535
65535
65535
65535
65535
65535
65535
65535
65535
65535
65535
65535
65535
65535
65535
65535
65535
65535
65535
65535
65535
65535
65535
65535
65535
65535
65535
65535
65535
65535
65535
65535
65535
65535
65535
65535
65535
65535
65535
65535
65535
65535
65535
65535
65535
65535
65535
65535
65535
65535
65535
65535
65535
65535
65535
65535
65535
65535
65535
65535
65535
65535
65535
65535
65535
65535
65535
65535
65535
65535
65535
65535
65535
65535
65535
65535
65535
65535
65535
65535
65535
65535
65535
65535
65535
65535
65535
65535
65535
65535
65535
65535
65535
65535
65535
65535
65535
65535
65535
65535
65535
65535
65535
65535
65535
65535
65535
65535
65535
65535
65535
65535
65535
65535
65535
65535
65535
65535
65535
65535
65535
65535
65535
65535
65535
65535
65535
65535
65535
65535
65535
65535
65535
65535
65535
65535
65535
65535
65535
65535
65535
65535
65535
65535
65535
65535
65535
65535
65535
65535
65535
65535
65535
65535
65535
65535
65535
65535
65535
65535
65535
65535
65535
65535
65535
65535
65535
65535
65535
65535
65535
65535
65535
65535
65535
65535
65535
65535
65535
65535
65535
65535
65535
65535
65535
65535
65535
65535
65535
65535
65535
65535
65535
65535
65535
65535
65535
65535
65535
65535
65535
65535
65535
65535
65535
65535
65535
65535
65535
65535
65535
65535
65535
65535
65535
65535
65535
65535
65535
65535
65535
65535
65535
65535
65535
65535
65535
65535
65535
65535
65535
65535
65535
65535
65535
65535
65535
65535
65535
65535
65535
65535
65535
65535
65535
65535
65535
65535
65535
65535
65535
65535
65535
65535
65535
65535
65535
65535
65535
65535
65535
65535
65535
65535
65535
65535
65535
65535
65535
65535
65535
65535
65535
65535
65535
65535
65535
65535
65535
65535
65535
65535
65535
65535
65535
65535
65535
65535
65535
65535
65535
65535
65535
65535
65535
65535
65535
65535
65535
65535
65535
65535
65535
65535
65535
65535
65535
65535
65535
65535
65535
65535
65535
65535
65535
65535
65535
65535
65535
65535
65535
65535
65535
65535
65535
65535
65535
65535
65535
65535
65535
65535
65535
65535
65535
65535
65535
65535
65535
65535
65535
65535
65535
65535
65535
65535
65535
65535
65535
65535
65535
65535
65535
65535
65535
65535
65535
65535
65535
65535
65535
65535
65535
65535
65535
65535
65535
65535
65535
65535
65535
65535
65535
65535
65535
65535
65535
65535
65535
65535
65535
65535
65535
65535
65535
65535
65535
65535
65535
65535
65535
65535
65535
65535
65535
65535
65535
65535
65535
65535
65535
65535
65535
65535
65535
65535
65535
65535
65535
65535
65535
65535
65535
65535
65535
65535
65535
65535
65535
65535
65535
65535
65535
65535
65535
65535
65535
65535
65535
65535
65535
65535
65535
65535
65535
65535
65535
65535
65535
65535
65535
65535
65535
65535
65535
65535
65535
65535
65535
65535
65535
65535
65535
65535
65535
65535
65535
65535
65535
65535
65535
65535
65535
65535
65535
65535
65535
65535
65535
65535
65535
65535
65535
65535
65535
65535
65535
65535
65535
65535
65535
65535
65535
65535
65535
65535
65535
65535
65535
65535
65535
65535
65535
65535
65535
65535
65535
65535
65535
65535
65535
65535
65535
65535
65535
65535
65535
65535
65535
65535
65535
65535
65535
65535
65535
65535
65535
65535
65535
65535
65535
65535
65535
65535
65535
65535
65535
65535
65535
65535
65535
65535
65535
65535
65535
65535
65535
65535
65535
65535
65535
65535
65535
65535
65535
65535
65535
65535
65535
65535
65535
65535
65535
65535
65535
65535
65535
65535
65535
65535
65535
65535
65535
65535
65535
65535
65535
65535
65535
65535
65535
65535
65535
65535
65535
65535
65535
65535
65535
65535
65535
65535
65535
65535
65535
65535
65535
65535
65535
65535
65535
65535
65535
65535
65535
65535
65535
65535
65535
65535
65535
65535
65535
65535
65535
65535
65535
65535
65535
65535
65535
65535
65535
65535
65535
65535
65535
65535
65535
65535
65535
65535
65535
65535
65535
65535
65535
65535
65535
65535
65535
65535
65535
65535
65535
65535
65535
65535
65535
65535
65535
65535
65535
65535
65535
65535
65535
65535
65535
65535
65535
65535
65535
65535
65535
65535
65535
65535
65535
65535
65535
65535
65535
65535
65535
65535
65535
65535
65535
65535
65535
65535
65535
65535
65535
65535
65535
65535
65535
65535
65535
65535
65535
65535
65535
65535
65535
65535
65535
65535
65535
65535
65535
65535
65535
65535
65535
65535
65535
65535
65535
65535
65535
65535
65535
65535
65535
65535
65535
65535
65535
65535
65535
65535
65535
65535
65535
65535
65535
65535
65535
65535
65535
65535
65535
65535
65535
65535
65535
65535
65535
65535
65535
65535
65535
65535
65535
65535
65535
65535
65535
65535
65535
65535
65535
65535
65535
65535
65535
65535
65535
65535
65535
65535
65535
65535
65535
65535
65535
65535
65535
65535
65535
65535
65535
65535
65535
65535
65535
65535
65535
65535
65535
65535
65535
65535
65535
65535
65535
65535
65535
65535
65535
65535
65535
65535
65535
65535
65535
65535
65535
65535
65535
65535
65535
65535
65535
65535
65535
65535
65535
65535
65535
65535
65535
65535
65535
65535
65535
65535
65535
65535
65535
65535
65535
65535
65535
65535
65535
65535
65535
65535
65535
65535
65535
65535
65535
65535
65535
65535
65535
65535
65535
65535
65535
65535
65535
65535
65535
65535
65535
65535
65535
65535
65535
65535
65535
65535
65535
65535
65535
65535
65535
65535
65535
65535
65535
65535
65535
65535
65535
65535
65535
65535
65535
65535
65535
65535
65535
65535
65535
65535
65535
65535
65535
65535
65535
65535
65535
65535
65535
65535
65535
65535
65535
65535
65535
65535
65535
65535
65535
65535
65535
65535
65535
65535
65535
65535
65535
65535
65535
65535
65535
65535
65535
65535
65535
65535
65535
65535
65535
65535
65535
65535
65535
65535
65535
65535
65535
65535
65535
65535
65535
65535
65535
65535
65535
65535
65535
65535
65535
65535
65535
65535
65535
65535
65535
65535
65535
65535
65535
65535
65535
65535
65535
65535
65535
65535
65535
65535
65535
65535
65535
65535
65535
65535
65535
65535
65535
65535
65535
65535
65535
65535
65535
65535
65535
65535
65535
65535
65535
65535
65535
65535
65535
65535
65535
65535
65535
65535
65535
65535
65535
65535
65535
65535
65535
65535
65535
65535
65535
65535
65535
65535
65535
65535
65535
65535
65535
65535
65535
65535
65535
65535
65535
65535
65535
65535
65535
65535
65535
65535
65535
65535
65535
65535
65535
65535
65535
65535
65535
65535
65535
65535
65535
65535
65535
65535
65535
65535
65535
65535
65535
65535
65535
65535
65535
65535
65535
65535
65535
65535
65535
65535
65535
65535
65535
65535
65535
65535
65535
65535
65535
65535
65535
65535
65535
65535
65535
65535
65535
65535
65535
65535
65535
65535
65535
65535
65535
65535
65535
65535
65535
65535
65535
65535
65535
65535
65535
65535
65535
65535
65535
65535
65535
65535
65535
65535
65535
65535
65535
65535
65535
65535
65535
65535
65535
65535
65535
65535
65535
65535
65535
65535
65535
65535
65535
65535
65535
65535
65535
65535
65535
65535
65535
65535
65535
65535
65535
65535
65535
65535
65535
65535
65535
65535
65535
65535
65535
65535
65535
65535
65535
65535
65535
65535
65535
65535
65535
65535
65535
65535
65535
65535
65535
65535
65535
65535
65535
65535
65535
65535
65535
65535
65535
65535
65535
65535
65535
65535
65535
65535
65535
65535
65535
65535
65535
65535
65535
65535
65535
65535
65535
65535
65535
65535
65535
65535
65535
65535
65535
65535
65535
65535
65535
65535
65535
65535
65535
65535
65535
65535
65535
65535
65535
65535
65535
65535
65535
65535
65535
65535
65535
65535
65535
65535
65535
65535
65535
65535
65535
65535
65535
65535
65535
65535
65535
65535
65535
65535
65535
65535
65535
65535
65535
65535
65535
65535
65535
65535
65535
65535
65535
65535
65535
65535
65535
65535
65535
65535
65535
65535
65535
65535
65535
65535
65535
65535
65535
65535
65535
65535
65535
65535
65535
65535
65535
65535
65535
65535
65535
65535
65535
65535
65535
65535
65535
65535
65535
65535
65535
65535
65535
65535
65535
65535
65535
65535
65535
65535
65535
65535
65535
65535
65535
65535
65535
65535
65535
65535
65535
65535
65535
65535
65535
65535
65535
65535
65535
65535
65535
65535
65535
65535
65535
65535
65535
65535
65535
65535
65535
65535
65535
65535
65535
65535
65535
65535
65535
65535
65535
65535
65535
65535
65535
65535
65535
65535
65535
65535
65535
65535
65535
65535
65535
65535
65535
65535
65535
65535
65535
65535
65535
65535
65535
65535
65535
65535
65535
65535
65535
65535
65535
65535
65535
65535
65535
65535
65535
65535
65535
65535
65535
65535
65535
65535
65535
65535
65535
65535
65535
65535
65535
65535
65535
65535
65535
65535
65535
65535
65535
65535
65535
65535
65535
65535
65535
65535
65535
65535
65535
65535
65535
65535
65535
65535
65535
65535
65535
65535
65535
65535
65535
65535
65535
65535
65535
65535
65535
65535
65535
65535
65535
65535
65535
65535
65535
65535
65535
65535
65535
65535
65535
65535
65535
65535
65535
65535
65535
65535
65535
65535
65535
65535
65535
65535
65535
65535
65535
65535
65535
65535
65535
65535
65535
65535
65535
65535
65535
65535
65535
65535
65535
65535
65535
65535
65535
65535
65535
65535
65535
65535
65535
65535
65535
65535
65535
65535
65535
65535
65535
65535
65535
65535
65535
65535
65535
65535
65535
65535
65535
65535
65535
65535
65535
65535
65535
65535
65535
65535
65535
65535
65535
65535
65535
65535
65535
65535
65535
65535
65535
65535
65535
65535
65535
65535
65535
65535
65535
65535
65535
65535
65535
65535
65535
65535
65535
65535
65535
65535
65535
65535
65535
65535
65535
65535
65535
65535
65535
65535
65535
65535
65535
65535
65535
65535
65535
65535
65535
65535
65535
65535
65535
65535
65535
65535
65535
65535
65535
65535
65535
65535
65535
65535
65535
65535
65535
65535
65535
65535
65535
65535
65535
65535
65535
65535
65535
65535
65535
65535
65535
65535
65535
65535
65535
65535
65535
65535
65535
65535
65535
65535
65535
65535
65535
65535
65535
65535
65535
65535
65535
65535
65535
65535
65535
65535
65535
65535
65535
65535
65535
65535
65535
65535
65535
65535
65535
65535
65535
65535
65535
65535
65535
65535
65535
65535
65535
65535
65535
65535
65535
65535
65535
65535
65535
65535
65535
65535
65535
65535
65535
65535
65535
65535
65535
65535
65535
65535
65535
65535
65535
65535
65535
65535
65535
65535
65535
65535
65535
65535
65535
65535
65535
65535
65535
65535
65535
65535
65535
65535
65535
65535
65535
65535
65535
65535
65535
65535
65535
65535
65535
65535
65535
65535
65535
65535
65535
65535
65535
65535
65535
65535
65535
65535
65535
65535
65535
65535
65535
65535
65535
65535
65535
65535
65535
65535
65535
65535
65535
65535
65535
65535
65535
65535
65535
65535
65535
65535
65535
65535
65535
65535
65535
65535
65535
65535
65535
65535
65535
65535
65535
65535
65535
65535
65535
65535
65535
65535
65535
65535
65535
65535
65535
65535
65535
65535
65535
65535
65535
65535
65535
65535
65535
65535
65535
65535
65535
65535
65535
65535
65535
65535
65535
65535
65535
65535
65535
65535
65535
65535
65535
65535
65535
65535
65535
65535
65535
65535
65535
65535
65535
65535
65535
65535
65535
65535
65535
65535
65535
65535
65535
65535
65535
65535
65535
65535
65535
65535
65535
65535
65535
65535
65535
65535
65535
65535
65535
65535
65535
65535
65535
65535
65535
65535
65535
65535
65535
65535
65535
65535
65535
65535
65535
65535
65535
65535
65535
65535
65535
65535
65535
65535
65535
65535
65535
65535
65535
65535
65535
65535
65535
65535
65535
65535
65535
65535
65535
65535
65535
65535
65535
65535
65535
65535
65535
65535
65535
65535
65535
65535
65535
65535
65535
65535
65535
65535
65535
65535
65535
65535
65535
65535
65535
65535
65535
65535
65535
65535
65535
65535
65535
65535
65535
65535
65535
65535
65535
65535
65535
65535
65535
65535
65535
65535
65535
65535
65535
65535
65535
65535
65535
65535
65535
65535
65535
65535
65535
65535
65535
65535
65535
65535
65535
65535
65535
65535
65535
65535
65535
65535
65535
65535
65535
65535
65535
65535
65535
65535
65535
65535
65535
65535
65535
65535
65535
65535
65535
65535
65535
65535
65535
65535
65535
65535
65535
65535
65535
65535
65535
65535
65535
65535
65535
65535
65535
65535
65535
65535
65535
65535
65535
65535
65535
65535
65535
65535
65535
65535
65535
65535
65535
65535
65535
65535
65535
65535
65535
65535
65535
65535
65535
65535
65535
65535
65535
65535
65535
65535
65535
65535
65535
65535
65535
65535
65535
65535
65535
65535
65535
65535
65535
65535
65535
65535
65535
65535
65535
65535
65535
65535
65535
65535
65535
65535
65535
65535
65535
65535
65535
65535
65535
65535
65535
65535
65535
65535
65535
65535
65535
65535
65535
65535
65535
65535
65535
65535
65535
65535
65535
65535
65535
65535
65535
65535
65535
65535
65535
65535
65535
65535
65535
65535
65535
65535
65535
65535
65535
65535
65535
65535
65535
65535
65535
65535
65535
65535
65535
65535
65535
65535
65535
65535
65535
65535
65535
65535
65535
65535
65535
65535
65535
65535
65535
65535
65535
65535
65535
65535
65535
65535
65535
65535
65535
65535
65535
65535
65535
65535
65535
65535
65535
65535
65535
65535
65535
65535
65535
65535
65535
65535
65535
65535
65535
65535
65535
65535
65535
65535
65535
65535
65535
65535
65535
65535
65535
65535
65535
65535
65535
65535
65535
65535
65535
65535
65535
65535
65535
65535
65535
65535
65535
65535
65535
65535
65535
65535
65535
65535
65535
65535
65535
65535
65535
65535
65535
65535
65535
65535
65535
65535
65535
65535
65535
65535
65535
65535
65535
65535
65535
65535
65535
65535
65535
65535
65535
65535
65535
65535
65535
65535
65535
65535
65535
65535
65535
65535
65535
65535
65535
65535
65535
65535
65535
65535
65535
65535
65535
65535
65535
65535
65535
65535
65535
65535
65535
65535
65535
65535
65535
65535
65535
65535
65535
65535
65535
65535
65535
65535
65535
65535
65535
65535
65535
65535
65535
65535
65535
65535
65535
65535
65535
65535
65535
65535
65535
65535
65535
65535
65535
65535
65535
65535
65535
65535
65535
65535
65535
65535
65535
65535
65535
65535
65535
65535
65535
65535
65535
65535
65535
65535
65535
65535
65535
65535
65535
65535
65535
65535
65535
65535
65535
65535
65535
65535
65535
65535
65535
65535
65535
65535
65535
65535
65535
65535
65535
65535
65535
65535
65535
65535
65535
65535
65535
65535
65535
65535
65535
65535
65535
65535
65535
65535
65535
65535
65535
65535
65535
65535
65535
65535
65535
65535
65535
65535
65535
65535
65535
65535
65535
65535
65535
65535
65535
65535
65535
65535
65535
65535
65535
65535
65535
65535
65535
65535
65535
65535
65535
65535
65535
65535
65535
65535
65535
65535
65535
65535
65535
65535
65535
65535
65535
65535
65535
65535
65535
65535
65535
65535
65535
65535
65535
65535
65535
65535
65535
65535
65535
65535
65535
65535
65535
65535
65535
65535
65535
65535
65535
65535
65535
65535
65535
65535
65535
65535
65535
65535
65535
65535
65535
65535
65535
65535
65535
65535
65535
65535
65535
65535
65535
65535
65535
65535
65535
65535
65535
65535
65535
65535
65535
65535
65535
65535
65535
65535
65535
65535
65535
65535
65535
65535
65535
65535
65535
65535
65535
65535
65535
65535
65535
65535
65535
65535
65535
65535
65535
65535
65535
65535
65535
65535
65535
65535
65535
65535
65535
65535
65535
65535
65535
65535
65535
65535
65535
65535
65535
65535
65535
65535
65535
65535
65535
65535
65535
65535
65535
65535
65535
65535
65535
65535
65535
65535
65535
65535
65535
65535
65535
65535
65535
65535
65535
65535
65535
65535
65535
65535
65535
65535
65535
65535
65535
65535
65535
65535
65535
65535
65535
65535
65535
65535
65535
65535
65535
65535
65535
65535
65535
65535
65535
65535
65535
65535
65535
65535
65535
65535
65535
65535
65535
65535
65535
65535
65535
65535
65535
65535
65535
65535
65535
65535
65535
65535
65535
65535
65535
65535
65535
65535
65535
65535
65535
65535
65535
65535
65535
65535
65535
65535
65535
65535
65535
65535
65535
65535
65535
65535
65535
65535
65535
65535
65535
65535
65535
65535
65535
65535
65535
65535
65535
65535
65535
65535
65535
65535
65535
65535
65535
65535
65535
65535
65535
65535
65535
65535
65535
65535
65535
65535
65535
65535
65535
65535
65535
65535
65535
65535
65535
65535
65535
65535
65535
65535
65535
65535
65535
65535
65535
65535
65535
65535
65535
65535
65535
65535
65535
65535
65535
65535
65535
65535
65535
65535
65535
65535
65535
65535
65535
65535
65535
65535
65535
65535
65535
65535
65535
65535
65535
65535
65535
65535
65535
65535
65535
65535
65535
65535
65535
65535
65535
65535
65535
65535
65535
65535
65535
65535
65535
65535
65535
65535
65535
65535
65535
65535
65535
65535
65535
65535
65535
65535
65535
65535
65535
65535
65535
65535
65535
65535
65535
65535
65535
65535
65535
65535
65535
65535
65535
65535
65535
65535
65535
65535
65535
65535
65535
65535
65535
65535
65535
65535
65535
65535
65535
65535
65535
65535
65535
65535
65535
65535
65535
65535
65535
65535
65535
65535
65535
65535
65535
65535
65535
65535
65535
65535
65535
65535
65535
65535
65535
65535
65535
65535
65535
65535
65535
65535
65535
65535
65535
65535
65535
65535
65535
65535
65535
65535
65535
65535
65535
65535
65535
65535
65535
65535
65535
65535
65535
65535
65535
65535
65535
65535
65535
65535
65535
65535
65535
65535
65535
65535
65535
65535
65535
65535
65535
65535
65535
65535
65535
65535
65535
65535
65535
65535
65535
65535
65535
65535
65535
65535
65535
65535
65535
65535
65535
65535
65535
65535
65535
65535
65535
65535
65535
65535
65535
65535
65535
65535
65535
65535
65535
65535
65535
65535
65535
65535
65535
65535
65535
65535
65535
65535
65535
65535
65535
65535
65535
65535
65535
65535
65535
65535
65535
65535
65535
65535
65535
65535
65535
65535
65535
65535
65535
65535
65535
65535
65535
65535
65535
65535
65535
65535
65535
65535
65535
65535
65535
65535
65535
65535
65535
65535
65535
65535
65535
65535
65535
65535
65535
65535
65535
65535
65535
65535
65535
65535
65535
65535
65535
65535
65535
65535
65535
65535
65535
65535
65535
65535
65535
65535
65535
65535
65535
65535
65535
65535
65535
65535
65535
65535
65535
65535
65535
65535
65535
65535
65535
65535
65535
65535
65535
65535
65535
65535
65535
65535
65535
65535
65535
65535
65535
65535
65535
65535
65535
65535
65535
65535
65535
65535
65535
65535
65535
65535
65535
65535
65535
65535
65535
65535
65535
65535
65535
65535
65535
65535
65535
65535
65535
65535
65535
65535
65535
65535
65535
65535
65535
65535
65535
65535
65535
65535
65535
65535
65535
65535
65535
65535
65535
65535
65535
65535
65535
65535
65535
65535
65535
65535
65535
65535
65535
65535
65535
65535
65535
65535
65535
65535
65535
65535
65535
65535
65535
65535
65535
65535
65535
65535
65535
65535
65535
65535
65535
65535
65535
65535
65535
65535
65535
65535
65535
65535
65535
65535
65535
65535
65535
65535
65535
65535
65535
65535
65535
65535
65535
65535
65535
65535
65535
65535
65535
65535
65535
65535
65535
65535
65535
65535
65535
65535
65535
65535
65535
65535
65535
65535
65535
65535
65535
65535
65535
65535
65535
65535
65535
65535
65535
65535
65535
65535
65535
65535
65535
65535
65535
65535
65535
65535
65535
65535
65535
65535
65535
65535
65535
65535
65535
65535
65535
65535
65535
65535
65535
65535
65535
65535
65535
65535
65535
65535
65535
65535
65535
65535
65535
65535
65535
65535
65535
65535
65535
65535
65535
65535
65535
65535
65535
65535
65535
65535
65535
65535
65535
65535
65535
65535
65535
65535
65535
65535
65535
65535
65535
65535
65535
65535
65535
65535
65535
65535
65535
65535
65535
65535
65535
65535
65535
65535
65535
65535
65535
65535
65535
65535
65535
65535
65535
65535
65535
65535
65535
65535
65535
65535
65535
65535
65535
65535
65535
65535
65535
65535
65535
65535
65535
65535
65535
65535
65535
65535
65535
65535
65535
65535
65535
65535
65535
65535
65535
65535
65535
65535
65535
65535
65535
65535
65535
65535
65535
65535
65535
65535
65535
65535
65535
65535
65535
65535
65535
65535
65535
65535
65535
65535
65535
65535
65535
65535
65535
65535
65535
65535
65535
65535
65535
65535
65535
65535
65535
65535
65535
65535
65535
65535
65535
65535
65535
65535
65535
65535
65535
65535
65535
65535
65535
65535
65535
65535
65535
65535
65535
65535
65535
65535
65535
65535
65535
65535
65535
65535
65535
65535
65535
65535
65535
65535
65535
65535
65535
65535
65535
65535
65535
65535
65535
65535
65535
65535
65535
65535
65535
65535
65535
65535
65535
65535
65535
65535
65535
65535
65535
65535
65535
65535
65535
65535
65535
65535
65535
65535
65535
65535
65535
65535
65535
65535
65535
65535
65535
65535
65535
65535
65535
65535
65535
65535
65535
65535
65535
65535
65535
65535
65535
65535
65535
65535
65535
65535
65535
65535
65535
65535
65535
65535
65535
65535
65535
65535
65535
65535
65535
65535
65535
65535
65535
65535
65535
65535
65535
65535
65535
65535
65535
65535
65535
65535
65535
65535
65535
65535
65535
65535
65535
65535
65535
65535
65535
65535
65535
65535
65535
65535
65535
65535
65535
65535
65535
65535
65535
65535
65535
65535
65535
65535
65535
65535
65535
65535
65535
65535
65535
65535
65535
65535
65535
65535
65535
65535
65535
65535
65535
65535
65535
65535
65535
65535
65535
65535
65535
65535
65535
65535
65535
65535
65535
65535
65535
65535
65535
65535
65535
65535
65535
65535
65535
65535
65535
65535
65535
65535
65535
65535
65535
65535
65535
65535
65535
65535
65535
65535
65535
65535
65535
65535
65535
65535
65535
65535
65535
65535
65535
65535
65535
65535
65535
65535
65535
65535
65535
65535
65535
65535
65535
65535
65535
65535
65535
65535
65535
65535
65535
65535
65535
65535
65535
65535
65535
65535
65535
65535
65535
65535
65535
65535
65535
65535
65535
65535
65535
65535
65535
65535
65535
65535
65535
65535
65535
65535
65535
65535
65535
65535
65535
65535
65535
65535
65535
65535
65535
65535
65535
65535
65535
65535
65535
65535
65535
65535
65535
65535
65535
65535
65535
65535
65535
65535
65535
65535
65535
65535
65535
65535
65535
65535
65535
65535
65535
65535
65535
65535
65535
65535
65535
65535
65535
65535
65535
65535
65535
65535
65535
65535
65535
65535
65535
65535
65535
65535
65535
65535
65535
65535
65535
65535
65535
65535
65535
65535
65535
65535
65535
65535
65535
65535
65535
65535
65535
65535
65535
65535
65535
65535
65535
65535
65535
65535
65535
65535
65535
65535
65535
65535
65535
65535
65535
65535
65535
65535
65535
65535
65535
65535
65535
65535
65535
65535
65535
65535
65535
65535
65535
65535
65535
65535
65535
65535
65535
65535
65535
65535
65535
65535
65535
65535
65535
65535
65535
65535
65535
65535
65535
65535
65535
65535
65535
65535
65535
65535
65535
65535
65535
65535
65535
65535
65535
65535
65535
65535
65535
65535
65535
65535
65535
65535
65535
65535
65535
65535
65535
65535
65535
65535
65535
65535
65535
65535
65535
65535
65535
65535
65535
65535
65535
65535
65535
65535
65535
65535
65535
65535
65535
65535
65535
65535
65535
65535
65535
65535
65535
65535
65535
65535
65535
65535
65535
65535
65535
65535
65535
65535
65535
65535
65535
65535
65535
65535
65535
65535
65535
65535
65535
65535
65535
65535
65535
65535
65535
65535
65535
65535
65535
65535
65535
65535
65535
65535
65535
65535
65535
65535
65535
65535
65535
65535
65535
65535
65535
65535
65535
65535
65535
65535
65535
65535
65535
65535
65535
65535
65535
65535
65535
65535
65535
65535
65535
65535
65535
65535
65535
65535
65535
65535
65535
65535
65535
65535
65535
65535
65535
65535
65535
65535
65535
65535
65535
65535
65535
65535
65535
65535
65535
65535
65535
65535
65535
65535
65535
65535
65535
65535
65535
65535
65535
65535
65535
65535
65535
65535
65535
65535
65535
65535
65535
65535
65535
65535
65535
65535
65535
65535
65535
65535
65535
65535
65535
65535
65535
65535
65535
65535
65535
65535
65535
65535
65535
65535
65535
65535
65535
65535
65535
65535
65535
65535
65535
65535
65535
65535
65535
65535
65535
65535
65535
65535
65535
65535
65535
65535
65535
65535
65535
65535
65535
65535
65535
65535
65535
65535
65535
65535
65535
65535
65535
65535
65535
65535
65535
65535
65535
65535
65535
65535
65535
65535
65535
65535
65535
65535
65535
65535
65535
65535
65535
65535
65535
65535
65535
65535
65535
65535
65535
65535
65535
65535
65535
65535
65535
65535
65535
65535
65535
65535
65535
65535
65535
65535
65535
65535
65535
65535
65535
65535
65535
65535
65535
65535
65535
65535
65535
65535
65535
65535
65535
65535
65535
65535
65535
65535
65535
65535
65535
65535
65535
65535
65535
65535
65535
65535
65535
65535
65535
65535
65535
65535
65535
65535
65535
65535
65535
65535
65535
65535
65535
65535
65535
65535
65535
65535
65535
65535
65535
65535
65535
65535
65535
65535
65535
65535
65535
65535
65535
65535
65535
65535
65535
65535
65535
65535
65535
65535
65535
65535
65535
65535
65535
65535
65535
65535
65535
65535
65535
65535
65535
65535
65535
65535
65535
65535
65535
65535
65535
65535
65535
65535
65535
65535
65535
65535
65535
65535
65535
65535
65535
65535
65535
65535
65535
65535
65535
65535
65535
65535
65535
65535
65535
65535
65535
65535
65535
65535
65535
65535
65535
65535
65535
65535
65535
65535
65535
65535
65535
65535
65535
65535
65535
65535
65535
65535
65535
65535
65535
65535
65535
65535
65535
65535
65535
65535
65535
65535
65535
65535
65535
65535
65535
65535
65535
65535
65535
65535
65535
65535
65535
65535
65535
65535
65535
65535
65535
65535
65535
65535
65535
65535
65535
65535
65535
65535
65535
65535
65535
65535
65535
65535
65535
65535
65535
65535
65535
65535
65535
65535
65535
65535
65535
65535
65535
65535
65535
65535
65535
65535
65535
65535
65535
65535
65535
65535
65535
65535
65535
65535
65535
65535
65535
65535
65535
65535
65535
65535
65535
65535
65535
65535
65535
65535
65535
65535
65535
65535
65535
65535
65535
65535
65535
65535
65535
65535
65535
65535
65535
65535
65535
65535
65535
65535
65535
65535
65535
65535
65535
65535
65535
65535
65535
65535
65535
65535
65535
65535
65535
65535
65535
65535
65535
65535
65535
65535
65535
65535
65535
65535
65535
65535
65535
65535
65535
65535
65535
65535
65535
65535
65535
65535
65535
65535
65535
65535
65535
65535
65535
65535
65535
65535
65535
65535
65535
65535
65535
65535
65535
65535
65535
65535
65535
65535
65535
65535
65535
65535
65535
65535
65535
65535
65535
65535
65535
65535
65535
65535
65535
65535
65535
65535
65535
65535
65535
65535
65535
65535
65535
65535
65535
65535
65535
65535
65535
65535
65535
65535
65535
65535
65535
65535
65535
65535
65535
65535
65535
65535
65535
65535
65535
65535
65535
65535
65535
65535
65535
65535
65535
65535
65535
65535
65535
65535
65535
65535
65535
65535
65535
65535
65535
65535
65535
65535
65535
65535
65535
65535
65535
65535
65535
65535
65535
65535
65535
65535
65535
65535
65535
65535
65535
65535
65535
65535
65535
65535
65535
65535
65535
65535
65535
65535
65535
65535
65535
65535
65535
65535
65535
65535
65535
65535
65535
65535
65535
65535
65535
65535
65535
65535
65535
65535
65535
65535
65535
65535
65535
65535
65535
65535
65535
65535
65535
65535
65535
65535
65535
65535
65535
65535
65535
65535
65535
65535
65535
65535
65535
65535
65535
65535
65535
65535
65535
65535
65535
65535
65535
65535
65535
65535
65535
65535
65535
65535
65535
65535
65535
65535
65535
65535
65535
65535
65535
65535
65535
65535
65535
65535
65535
65535
65535
65535
65535
65535
65535
65535
65535
65535
65535
65535
65535
65535
65535
65535
65535
65535
65535
65535
65535
65535
65535
65535
65535
65535
65535
65535
65535
65535
65535
65535
65535
65535
65535
65535
65535
65535
65535
65535
65535
65535
65535
65535
65535
65535
65535
65535
65535
65535
65535
65535
65535
65535
65535
65535
65535
65535
65535
65535
65535
65535
65535
65535
65535
65535
65535
65535
65535
65535
65535
65535
65535
65535
65535
65535
65535
65535
65535
65535
65535
65535
65535
65535
65535
65535
65535
65535
65535
65535
65535
65535
65535
65535
65535
65535
65535
65535
65535
65535
65535
65535
65535
65535
65535
65535
65535
65535
65535
65535
65535
65535
65535
65535
65535
65535
65535
65535
65535
65535
65535
65535
65535
65535
65535
65535
65535
65535
65535
65535
65535
65535
65535
65535
65535
65535
65535
65535
65535
65535
65535
65535
65535
65535
65535
65535
65535
65535
65535
65535
65535
65535
65535
65535
65535
65535
65535
65535
65535
65535
65535
65535
65535
65535
65535
65535
65535
65535
65535
65535
65535
65535
65535
65535
65535
65535
65535
65535
65535
65535
65535
65535
65535
65535
65535
65535
65535
65535
65535
65535
65535
65535
65535
65535
65535
65535
65535
65535
65535
65535
65535
65535
65535
65535
65535
65535
65535
65535
65535
65535
65535
65535
65535
65535
65535
65535
65535
65535
65535
65535
65535
65535
65535
65535
65535
65535
65535
65535
65535
65535
65535
65535
65535
65535
65535
65535
65535
65535
65535
65535
65535
65535
65535
65535
65535
65535
65535
65535
65535
65535
65535
65535
65535
65535
65535
65535
65535
65535
65535
65535
65535
65535
65535
65535
65535
65535
65535
65535
65535
65535
65535
65535
65535
65535
65535
65535
65535
65535
65535
65535
65535
65535
65535
65535
65535
65535
65535
65535
65535
65535
65535
65535
65535
65535
65535
65535
65535
65535
65535
65535
65535
65535
65535
65535
65535
65535
65535
65535
65535
65535
65535
65535
65535
65535
65535
65535
65535
65535
65535
65535
65535
65535
65535
65535
65535
65535
65535
65535
65535
65535
65535
65535
65535
65535
65535
65535
65535
65535
65535
65535
65535
65535
65535
65535
65535
65535
65535
65535
65535
65535
65535
65535
65535
65535
65535
65535
65535
65535