0
0
1
1
2
3
3
4
4
5
6
7
7
8
8
9
10
11
12
13
14
15
16
17
18
19
20
22
23
24
26
27
29
30
32
33
35
36
37
39
40
42
44
46
48
50
52
54
56
58
60
62
64
65
67
70
71
73
76
78
80
82
84
87
89
92
94
97
98
100
103
105
107
109
111
113
116
117
120
122
125
128
130
133
136
139
141
143
146
149
151
155
157
160
163
166
167
170
172
175
178
181
184
186
188
192
194
197
199
203
205
208
211
214
216
219
222
225
228
231
234
238
241
243
245
248
250
253
255
258
260
263
266
269
271
274
277
279
282
285
287
290
292
294
296
298
301
303
306
308
311
313
316
319
321
323
326
328
332
334
336
338
340
343
346
348
351
354
356
358
361
363
366
369
371
374
376
379
382
385
388
390
393
395
398
400
402
405
408
410
412
415
417
420
422
425
428
430
432
435
437
440
442
445
448
450
453
455
458
460
463
466
468
470
472
475
477
480
483
486
488
490
493
495
497
499
502
504
506
508
510
513
514
517
519
521
523
525
528
530
532
534
537
539
542
544
546
548
550
553
555
557
558
560
563
565
568
570
572
575
577
579
582
584
586
588
590
592
594
596
598
600
603
605
607
609
612
613
616
617
619
621
624
626
628
631
633
635
637
640
641
643
645
647
649
651
653
656
658
660
662
664
666
668
670
673
675
677
679
681
683
685
687
689
691
693
695
697
698
700
702
704
706
708
710
712
713
715
717
719
721
723
725
727
728
730
732
734
736
738
741
743
746
748
750
752
753
756
758
760
762
764
766
768
770
772
774
777
779
781
782
785
787
789
791
793
795
796
798
800
802
804
807
808
811
812
814
816
819
821
823
826
827
829
831
833
835
836
838
840
842
843
845
847
849
851
853
855
857
859
861
863
865
867
869
871
873
875
877
879
881
883
886
888
890
893
894
896
898
900
902
904
906
909
911
913
916
918
919
921
922
925
927
929
931
933
935
937
940
941
943
945
947
949
951
953
955
956
959
960
963
965
967
970
971
974
976
978
980
982
984
986
988
990
993
995
997
999
1001
1003
1006
1008
1011
1013
1015
1018
1019
1021
1023
1024
1027
1029
1031
1033
1035
1037
1039
1041
1043
1045
1048
1049
1052
1054
1056
1057
1060
1062
1064
1066
1068
1070
1072
1075
1077
1079
1081
1083
1086
1088
1090
1092
1094
1097
1099
1101
1104
1107
1109
1111
1113
1115
1118
1120
1122
1124
1126
1128
1131
1133
1135
1137
1140
1142
1144
1147
1150
1152
1154
1157
1159
1161
1163
1166
1167
1170
1172
1174
1176
1179
1181
1184
1185
1188
1190
1193
1195
1198
1200
1202
1204
1206
1209
1211
1214
1216
1218
1221
1223
1225
1228
1230
1233
1235
1238
1240
1242
1244
1246
1249
1251
1253
1256
1258
1260
1263
1265
1267
1270
1272
1275
1277
1279
1282
1284
1287
1289
1292
1294
1297
1300
1302
1304
1307
1309
1311
1313
1316
1319
1321
1325
1327
1330
1332
1335
1337
1339
1342
1345
1347
1349
1352
1354
1357
1359
1362
1365
1368
1371
1373
1376
1378
1380
1383
1386
1389
1392
1394
1397
1400
1402
1406
1408
1411
1414
1416
1419
1422
1425
1427
1430
1433
1435
1438
1441
1444
1447
1449
1451
1453
1457
1459
1462
1464
1467
1470
1472
1475
1478
1481
1484
1487
1490
1492
1495
1498
1500
1503
1506
1508
1511
1514
1517
1520
1522
1525
1528
1531
1534
1536
1539
1542
1545
1547
1550
1553
1556
1558
1561
1564
1567
1570
1573
1576
1579
1582
1585
1588
1591
1594
1596
1599
1603
1606
1609
1612
1614
1616
1620
1623
1626
1629
1633
1636
1640
1643
1646
1648
1651
1654
1657
1660
1664
1667
1670
1673
1676
1679
1681
1684
1687
1691
1694
1697
1700
1703
1706
1710
1714
1717
1720
1723
1727
1730
1733
1737
1740
1743
1747
1750
1753
1757
1760
1764
1767
1771
1774
1777
1780
1784
1787
1791
1794
1797
1800
1804
1807
1811
1814
1818
1821
1825
1827
1831
1834
1838
1841
1844
1847
1851
1854
1858
1861
1864
1868
1872
1875
1878
1882
1886
1889
1893
1897
1900
1903
1907
1911
1914
1918
1921
1925
1929
1933
1937
1941
1944
1947
1950
1954
1957
1962
1966
1969
1972
1976
1980
1984
1987
1991
1994
1999
2002
2006
2009
2013
2016
2021
2025
2028
2032
2036
2040
2044
2047
2051
2055
2059
2063
2067
2071
2075
2078
2082
2086
2090
2093
2097
2101
2105
2109
2113
2117
2121
2125
2129
2133
2138
2141
2144
2147
2151
2155
2159
2162
2167
2171
2175
2179
2183
2186
2191
2196
2201
2205
2209
2214
2219
2222
2226
2230
2234
2238
2242
2246
2250
2253
2258
2262
2266
2270
2274
2278
2283
2287
2291
2296
2300
2304
2308
2312
2316
2321
2325
2330
2334
2339
2344
2349
2353
2358
2362
2366
2369
2373
2376
2380
2384
2388
2393
2397
2402
2406
2410
2415
2419
2423
2427
2432
2436
2441
2446
2450
2454
2459
2464
2468
2472
2476
2479
2483
2487
2491
2494
2499
2503
2507
2512
2516
2521
2525
2530
2534
2539
2544
2548
2553
2559
2565
2570
2576
2580
2585
2590
2595
2601
2606
2610
2615
2618
2623
2628
2633
2637
2642
2646
2652
2658
2663
2667
2672
2677
2682
2687
2692
2697
2701
2706
2710
2715
2719
2724
2729
2733
2738
2742
2747
2752
2756
2761
2765
2770
2774
2779
2784
2789
2794
2800
2804
2809
2814
2820
2825
2830
2835
2839
2844
2849
2854
2858
2863
2868
2872
2877
2882
2886
2891
2896
2901
2906
2910
2916
2921
2926
2930
2935
2941
2945
2951
2956
2961
2966
2971
2976
2981
2986
2990
2996
3001
3006
3011
3016
3022
3027
3033
3037
3042
3046
3052
3058
3062
3068
3074
3079
3084
3090
3095
3100
3105
3110
3114
3119
3124
3129
3135
3140
3145
3150
3155
3161
3165
3171
3176
3181
3186
3192
3196
3202
3207
3213
3218
3224
3229
3234
3240
3246
3251
3256
3261
3267
3271
3278
3283
3288
3293
3298
3304
3309
3314
3320
3325
3331
3336
3342
3346
3352
3357
3362
3367
3372
3378
3384
3389
3395
3402
3408
3413
3420
3425
3430
3436
3442
3446
3452
3458
3463
3468
3474
3479
3485
3490
3496
3501
3506
3511
3517
3521
3528
3533
3538
3544
3549
3554
3559
3565
3571
3577
3582
3587
3593
3598
3603
3609
3615
3619
3625
3630
3636
3642
3648
3653
3659
3664
3671
3676
3681
3687
3693
3698
3704
3710
3715
3720
3726
3732
3738
3743
3749
3753
3759
3765
3771
3776
3783
3789
3795
3800
3805
3811
3817
3822
3828
3834
3839
3845
3851
3857
3863
3869
3875
3881
3887
3893
3898
3904
3911
3916
3922
3929
3935
3940
3946
3953
3959
3964
3971
3976
3982
3988
3993
3999
4004
4009
4015
4021
4027
4033
4040
4046
4053
4060
4065
4072
4077
4084
4090
4096
4102
4107
4113
4119
4125
4131
4136
4143
4149
4154
4159
4165
4171
4176
4181
4187
4192
4199
4205
4211
4218
4224
4230
4236
4242
4249
4255
4261
4266
4271
4278
4285
4291
4297
4301
4307
4313
4318
4326
4331
4338
4344
4350
4356
4362
4368
4375
4381
4387
4394
4400
4406
4411
4418
4425
4431
4437
4444
4450
4457
4463
4470
4477
4482
4490
4495
4501
4507
4514
4521
4527
4533
4539
4544
4550
4556
4563
4568
4574
4580
4586
4592
4599
4605
4611
4618
4625
4631
4637
4643
4649
4655
4661
4667
4673
4679
4685
4691
4697
4702
4709
4715
4720
4725
4732
4739
4745
4751
4757
4763
4769
4776
4783
4789
4796
4802
4809
4815
4822
4829
4835
4843
4850
4857
4864
4870
4877
4883
4889
4894
4901
4907
4912
4919
4924
4931
4938
4943
4949
4955
4960
4967
4974
4979
4985
4991
4997
5004
5011
5016
5022
5028
5033
5040
5047
5053
5060
5065
5070
5077
5083
5089
5095
5101
5106
5113
5120
5126
5133
5140
5146
5152
5158
5165
5172
5178
5184
5190
5197
5203
5209
5215
5221
5228
5235
5241
5247
5254
5261
5266
5272
5278
5285
5292
5298
5304
5310
5316
5322
5328
5334
5341
5347
5352
5358
5364
5370
5378
5384
5391
5396
5403
5410
5416
5422
5428
5435
5440
5447
5452
5458
5464
5471
5477
5483
5489
5496
5502
5509
5515
5521
5527
5533
5539
5545
5552
5558
5565
5571
5578
5583
5589
5595
5601
5607
5612
5619
5625
5630
5637
5644
5651
5657
5664
5668
5674
5681
5687
5693
5699
5706
5712
5720
5727
5733
5738
5744
5750
5756
5762
5768
5774
5780
5785
5791
5797
5804
5809
5817
5823
5830
5836
5841
5847
5853
5859
5865
5871
5877
5883
5888
5895
5901
5907
5912
5919
5925
5930
5935
5941
5948
5954
5961
5966
5972
5979
5985
5992
5998
6004
6011
6017
6022
6028
6033
6039
6045
6051
6057
6062
6069
6075
6080
6086
6091
6097
6103
6109
6115
6121
6127
6133
6138
6144
6150
6155
6161
6167
6172
6177
6182
6187
6193
6199
6204
6210
6216
6222
6227
6231
6237
6244
6250
6256
6261
6267
6272
6277
6282
6288
6293
6297
6302
6307
6312
6317
6323
6328
6333
6339
6343
6349
6353
6359
6364
6368
6374
6379
6383
6388
6393
6399
6405
6409
6414
6419
6425
6429
6434
6440
6446
6451
6457
6461
6466
6472
6476
6481
6486
6491
6496
6502
6507
6511
6517
6521
6526
6531
6535
6540
6544
6550
6554
6559
6563
6568
6573
6578
6583
6587
6591
6595
6599
6604
6609
6614
6619
6624
6628
6632
6637
6640
6645
6650
6654
6660
6666
6671
6675
6680
6685
6689
6694
6699
6704
6709
6714
6719
6724
6729
6733
6739
6743
6747
6752
6757
6762
6766
6770
6775
6779
6784
6789
6793
6798
6803
6807
6812
6816
6821
6825
6830
6835
6839
6843
6848
6853
6857
6861
6866
6871
6875
6880
6885
6890
6895
6900
6906
6910
6915
6921
6926
6930
6936
6940
6946
6950
6955
6960
6964
6968
6973
6977
6982
6986
6991
6995
7000
7004
7009
7015
7020
7024
7029
7033
7038
7042
7048
7052
7057
7061
7066
7071
7076
7081
7086
7091
7095
7101
7105
7111
7115
7120
7125
7130
7136
7142
7147
7152
7157
7163
7168
7173
7178
7183
7188
7194
7199
7204
7210
7215
7221
7225
7230
7235
7240
7246
7251
7256
7261
7266
7271
7276
7281
7286
7291
7297
7302
7307
7313
7318
7323
7328
7333
7338
7344
7349
7355
7360
7366
7372
7377
7382
7388
7393
7399
7405
7410
7415
7421
7426
7432
7438
7444
7450
7455
7461
7466
7471
7477
7483
7489
7495
7500
7505
7511
7517
7522
7528
7534
7541
7548
7554
7559
7564
7570
7575
7581
7587
7593
7599
7606
7612
7617
7622
7629
7635
7640
7647
7653
7660
7666
7673
7679
7686
7691
7696
7703
7709
7715
7721
7727
7733
7740
7747
7752
7759
7765
7771
7777
7783
7789
7795
7801
7807
7813
7820
7826
7833
7840
7846
7853
7860
7868
7874
7880
7886
7893
7899
7906
7912
7919
7926
7933
7939
7947
7954
7961
7967
7974
7981
7987
7993
8000
8006
8013
8019
8026
8033
8041
8047
8054
8060
8067
8074
8080
8087
8094
8102
8108
8114
8122
8130
8137
8143
8151
8158
8164
8171
8178
8186
8194
8200
8207
8214
8222
8228
8235
8243
8250
8257
8265
8272
8279
8285
8292
8299
8307
8315
8322
8329
8337
8344
8351
8358
8366
8373
8380
8386
8394
8401
8409
8416
8423
8431
8439
8446
8454
8462
8470
8478
8485
8494
8502
8509
8517
8526
8534
8541
8549
8558
8567
8575
8583
8592
8599
8608
8617
8624
8633
8641
8651
8659
8667
8674
8683
8691
8700
8709
8717
8725
8733
8741
8749
8757
8766
8775
8783
8792
8800
8808
8815
8823
8831
8840
8848
8856
8865
8874
8882
8890
8898
8906
8916
8925
8935
8945
8954
8963
8971
8979
8989
8996
9005
9015
9023
9032
9041
9051
9060
9068
9077
9085
9093
9101
9111
9121
9130
9141
9151
9160
9169
9179
9188
9198
9207
9217
9226
9234
9244
9253
9261
9271
9281
9290
9301
9311
9321
9331
9342
9352
9362
9372
9382
9392
9401
9411
9420
9430
9441
9451
9461
9472
9481
9492
9501
9511
9522
9532
9543
9553
9564
9573
9583
9593
9604
9614
9625
9637
9647
9657
9667
9676
9687
9698
9710
9720
9730
9741
9753
9763
9774
9784
9794
9804
9815
9826
9837
9848
9859
9871
9883
9896
9908
9919
9930
9939
9951
9962
9974
9984
9996
10007
10019
10030
10041
10053
10065
10075
10086
10095
10106
10119
10130
10141
10152
10164
10176
10187
10197
10210
10221
10232
10244
10256
10267
10279
10289
10301
10313
10325
10337
10346
10358
10368
10380
10391
10402
10414
10426
10440
10451
10463
10476
10488
10500
10511
10524
10536
10549
10561
10574
10588
10601
10613
10626
10638
10651
10665
10677
10690
10705
10718
10731
10744
10757
10771
10785
10798
10811
10825
10839
10852
10866
10879
10893
10908
10922
10936
10951
10965
10980
10993
11006
11020
11034
11049
11065
11078
11092
11107
11121
11134
11149
11163
11178
11192
11208
11223
11239
11253
11267
11283
11297
11313
11327
11342
11359
11375
11391
11407
11421
11437
11451
11466
11481
11496
11511
11528
11543
11558
11573
11588
11603
11618
11633
11648
11662
11677
11694
11709
11724
11741
11757
11775
11790
11806
11823
11840
11857
11873
11889
11906
11923
11939
11955
11971
11988
12003
12019
12037
12052
12069
12085
12102
12121
12138
12154
12172
12189
12207
12225
12242
12260
12277
12295
12314
12332
12350
12368
12387
12407
12423
12443
12461
12480
12500
12519
12538
12555
12573
12592
12610
12629
12647
12665
12685
12704
12723
12741
12761
12778
12798
12818
12837
12857
12875
12893
12913
12933
12952
12972
12990
13013
13032
13052
13072
13092
13113
13133
13154
13175
13197
13217
13238
13259
13278
13299
13321
13341
13363
13383
13404
13426
13446
13468
13489
13511
13533
13553
13575
13598
13618
13642
13664
13685
13707
13730
13752
13776
13798
13823
13845
13869
13892
13915
13940
13963
13986
14011
14034
14057
14081
14107
14131
14154
14177
14201
14227
14252
14276
14300
14325
14351
14375
14401
14426
14450
14477
14502
14528
14554
14579
14604
14631
14655
14682
14707
14733
14761
14788
14814
14839
14867
14892
14922
14948
14977
15004
15031
15058
15085
15113
15142
15168
15195
15223
15252
15282
15315
15344
15372
15400
15429
15459
15487
15516
15545
15574
15604
15635
15664
15694
15723
15755
15787
15815
15846
15878
15907
15939
15970
16001
16033
16067
16096
16127
16161
16193
16228
16259
16293
16327
16359
16390
16424
16457
16490
16524
16557
16592
16626
16658
16691
16725
16759
16795
16833
16868
16903
16940
16974
17011
17049
17085
17121
17160
17197
17235
17274
17309
17345
17383
17421
17459
17499
17536
17575
17614
17653
17693
17732
17774
17813
17853
17890
17933
17972
18013
18053
18096
18138
18181
18224
18266
18310
18352
18397
18443
18489
18534
18581
18628
18675
18721
18769
18814
18859
18906
18953
19002
19049
19096
19142
19191
19239
19287
19335
19384
19432
19483
19533
19583
19635
19685
19737
19787
19841
19894
19946
19999
20053
20107
20163
20219
20275
20332
20385
20440
20495
20551
20608
20668
20727
20787
20848
20908
20967
21027
21088
21145
21207
21268
21330
21392
21454
21513
21575
21642
21708
21775
21838
21905
21969
22037
22103
22172
22240
22309
22379
22452
22523
22594
22667
22741
22816
22889
22963
23039
23116
23191
23268
23344
23423
23502
23584
23663
23746
23831
23913
23995
24082
24166
24256
24341
24426
24517
24604
24691
24778
24868
24960
25050
25143
25236
25336
25433
25530
25633
25731
25832
25934
26038
26141
26247
26355
26462
26571
26683
26793
26906
27018
27135
27249
27369
27490
27609
27730
27857
27985
28113
28240
28372
28503
28631
28766
28904
29041
29178
29319
29463
29608
29758
29907
30065
30222
30380
30538
30705
30872
31038
31208
31382
31558
31737
31918
32108
32290
32481
32671
32866
33067
33270
33479
33692
33910
34129
34350
34583
34815
35054
35299
35548
35806
36072
36331
36607
36881
37171
37458
37760
38065
38382
38709
39035
39376
39723
40078
40449
40827
41217
41618
42028
42438
42863
43301
43757
44220
44696
45180
45670
46173
46697
47219
47758
48305
48862
49418
49992
50562
51137
51713
52295
52882
53464
54047
54627
55196
55762
56314
56865
57395
57920
58418
58915
59394
59849
60292
60713
61115
61495
61858
62193
62508
62806
63085
63334
63571
63779
63973
64153
64316
64463
64595
64718
64827
64925
65008
65087
65154
65211
65263
65302
65341
65372
65400
65423
65442
65460
65474
65486
65495
65503
65509
65515
65520
65523
65525
65527
65529
65531
65532
65533
65533
65534
65534
65534
65534
65535
65535
65535
65535
65535
65535
65535
65535
65535
65535
65535
65535
65535
65535
65535
65535
65535
65535
65535
65535
65535
65535
65535
65535
65535
65535
65535
65535
65535
65535
65535
65535
65535
65535
65535
65535
65535
65535
65535
65535
65535
65535
65535
65535
65535
65535
65535
65535
65535
65535
65535
65535
65535
65535
65535
65535
65535
65535
65535
65535
65535
65535
65535
65535
65535
65535
65535
65535
65535
65535
65535
65535
65535
65535
65535
65535
65535
65535
65535
65535
65535
65535
65535
65535
65535
65535
65535
65535
65535
65535
65535
65535
65535
65535
65535
65535
65535
65535
65535
65535
65535
65535
65535
65535
65535
65535
65535
65535
65535
65535
65535
65535
65535
65535
65535
65535
65535
65535
65535
65535
65535
65535
65535
65535
65535
65535
65535
65535
65535
65535
65535
65535
65535
65535
65535
65535
65535
65535
65535
65535
65535
65535
65535
65535
65535
65535
65535
65535
65535
65535
65535
65535
65535
65535
65535
65535
65535
65535
65535
65535
65535
65535
65535
65535
65535
65535
65535
65535
65535
65535
65535
65535
65535
65535
65535
65535
65535
65535
65535
65535
65535
65535
65535
65535
65535
65535
65535
65535
65535
65535
65535
65535
65535
65535
65535
65535
65535
65535
65535
65535
65535
65535
65535
65535
65535
65535
65535
65535
65535
65535
65535
65535
65535
65535
65535
65535
65535
65535
65535
65535
65535
65535
65535
65535
65535
65535
65535
65535
65535
65535
65535
65535
65535
65535
65535
65535
65535
65535
65535
65535
65535
65535
65535
65535
65535
65535
65535
65535
65535
65535
65535
65535
65535
65535
65535
65535
65535
65535
65535
65535
65535
65535
65535
65535
65535
65535
65535
65535
65535
65535
65535
65535
65535
65535
65535
65535
65535
65535
65535
65535
65535
65535
65535
65535
65535
65535
65535
65535
65535
65535
65535
65535
65535
65535
65535
65535
65535
65535
65535
65535
65535
65535
65535
65535
65535
65535
65535
65535
65535
65535
65535
65535
65535
65535
65535
65535
65535
65535
65535
65535
65535
65535
65535
65535
65535
65535
65535
65535
65535
65535
65535
65535
65535
65535
65535
65535
65535
65535
65535
65535
65535
65535
65535
65535
65535
65535
65535
65535
65535
65535
65535
65535
65535
65535
65535
65535
65535
65535
65535
65535
65535
65535
65535
65535
65535
65535
65535
65535
65535
65535
65535
65535
65535
65535
65535
65535
65535
65535
65535
65535
65535
65535
65535
65535
65535
65535
65535
65535
65535
65535
65535
65535
65535
65535
65535
65535
65535
65535
65535
65535
65535
65535
65535
65535
65535
65535
65535
65535
65535
65535
65535
65535
65535
65535
65535
65535
65535
65535
65535
65535
65535
65535
65535
65535
65535
65535
65535
65535
65535
65535
65535
65535
65535
65535
65535
65535
65535
65535
65535
65535
65535
65535
65535
65535
65535
65535
65535
65535
65535
65535
65535
65535
65535
65535
65535
65535
65535
65535
65535
65535
65535
65535
65535
65535
65535
65535
65535
65535
65535
65535
65535
65535
65535
65535
65535
65535
65535
65535
65535
65535
65535
65535
65535
65535
65535
65535
65535
65535
65535
65535
65535
65535
65535
65535
65535
65535
65535
65535
65535
65535
65535
65535
65535
65535
65535
65535
65535
65535
65535
65535
65535
65535
65535
65535
65535
65535
65535
65535
65535
65535
65535
65535
65535
65535
65535
65535
65535
65535
65535
65535
65535
65535
65535
65535
65535
65535
65535
65535
65535
65535
65535
65535
65535
65535
65535
65535
65535
65535
65535
65535
65535
65535
65535
65535
65535
65535
65535
65535
65535
65535
65535
65535
65535
65535
65535
65535
65535
65535
65535
65535
65535
65535
65535
65535
65535
65535
65535
65535
65535
65535
65535
65535
65535
65535
65535
65535
65535
65535
65535
65535
65535
65535
65535
65535
65535
65535
65535
65535
65535
65535
65535
65535
65535
65535
65535
65535
65535
65535
65535
65535
65535
65535
65535
65535
65535
65535
65535
65535
65535
65535
65535
65535
65535
65535
65535
65535
65535
65535
65535
65535
65535
65535
65535
65535
65535
65535
65535
65535
65535
65535
65535
65535
65535
65535
65535
65535
65535
65535
65535
65535
65535
65535
65535
65535
65535
65535
65535
65535
65535
65535
65535
65535
65535
65535
65535
65535
65535
65535
65535
65535
65535
65535
65535
65535
65535
65535
65535
65535
65535
65535
65535
65535
65535
65535
65535
65535
65535
65535
65535
65535
65535
65535
65535
65535
65535
65535
65535
65535
65535
65535
65535
65535
65535
65535
65535
65535
65535
65535
65535
65535
65535
65535
65535
65535
65535
65535
65535
65535
65535
65535
65535
65535
65535
65535
65535
65535
65535
65535
65535
65535
65535
65535
65535
65535
65535
65535
65535
65535
65535
65535
65535
65535
65535
65535
65535
65535
65535
65535
65535
65535
65535
65535
65535
65535
65535
65535
65535
65535
65535
65535
65535
65535
65535
65535
65535
65535
65535
65535
65535
65535
65535
65535
65535
65535
65535
65535
65535
65535
65535
65535
65535
65535
65535
65535
65535
65535
65535
65535
65535
65535
65535
65535
65535
65535
65535
65535
65535
65535
65535
65535
65535
65535
65535
65535
65535
65535
65535
65535
65535
65535
65535
65535
65535
65535
65535
65535
65535
65535
65535
65535
65535
65535
65535
65535
65535
65535
65535
65535
65535
65535
65535
65535
65535
65535
65535
65535
65535
65535
65535
65535
65535
65535
65535
65535
65535
65535
65535
65535
65535
65535
65535
65535
65535
65535
65535
65535
65535
65535
65535
65535
65535
65535
65535
65535
65535
65535
65535
65535
65535
65535
65535
65535
65535
65535
65535
65535
65535
65535
65535
65535
65535
65535
65535
65535
65535
65535
65535
65535
65535
65535
65535
65535
65535
65535
65535
65535
65535
65535
65535
65535
65535
65535
65535
65535
65535
65535
65535
65535
65535
65535
65535
65535
65535
65535
65535
65535
65535
65535
65535
65535
65535
65535
65535
65535
65535
65535
65535
65535
65535
65535
65535
65535
65535
65535
65535
65535
65535
65535
65535
65535
65535
65535
65535
65535
65535
65535
65535
65535
65535
65535
65535
65535
65535
65535
65535
65535
65535
65535
65535
65535
65535
65535
65535
65535
65535
65535
65535
65535
65535
65535
65535
65535
65535
65535
65535
65535
65535
65535
65535
65535
65535
65535
65535
65535
65535
65535
65535
65535
65535
65535
65535
65535
65535
65535
65535
65535
65535
65535
65535
65535
65535
65535
65535
65535
65535
65535
65535
65535
65535
65535
65535
65535
65535
65535
65535
65535
65535
65535
65535
65535
65535
65535
65535
65535
65535
65535
65535
65535
65535
65535
65535
65535
65535
65535
65535
65535
65535
65535
65535
65535
65535
65535
65535
65535
65535
65535
65535
65535
65535
65535
65535
65535
65535
65535
65535
65535
65535
65535
65535
65535
65535
65535
65535
65535
65535
65535
65535
65535
65535
65535
65535
65535
65535
65535
65535
65535
65535
65535
65535
65535
65535
65535
65535
65535
65535
65535
65535
65535
65535
65535
65535
65535
65535
65535
65535
65535
65535
65535
65535
65535
65535
65535
65535
65535
65535
65535
65535
65535
65535
65535
65535
65535
65535
65535
65535
65535
65535
65535
65535
65535
65535
65535
65535
65535
65535
65535
65535
65535
65535
65535
65535
65535
65535
65535
65535
65535
65535
65535
65535
65535
65535
65535
65535
65535
65535
65535
65535
65535
65535
65535
65535
65535
65535
65535
65535
65535
65535
65535
65535
65535
65535
65535
65535
65535
65535
65535
65535
65535
65535
65535
65535
65535
65535
65535
65535
65535
65535
65535
65535
65535
65535
65535
65535
65535
65535
65535
65535
65535
65535
65535
65535
65535
65535
65535
65535
65535
65535
65535
65535
65535
65535
65535
65535
65535
65535
65535
65535
65535
65535
65535
65535
65535
65535
65535
65535
65535
65535
65535
65535
65535
65535
65535
65535
65535
65535
65535
65535
65535
65535
65535
65535
65535
65535
65535
65535
65535
65535
65535
65535
65535
65535
65535
65535
65535
65535
65535
65535
65535
65535
65535
65535
65535
65535
65535
65535
65535
65535
65535
65535
65535
65535
65535
65535
65535
65535
65535
65535
65535
65535
65535
65535
65535
65535
65535
65535
65535
65535
65535
65535
65535
65535
65535
65535
65535
65535
65535
65535
65535
65535
65535
65535
65535
65535
65535
65535
65535
65535
65535
65535
65535
65535
65535
65535
65535
65535
65535
65535
65535
65535
65535
65535
65535
65535
65535
65535
65535
65535
65535
65535
65535
65535
65535
65535
65535
65535
65535
65535
65535
65535
65535
65535
65535
65535
65535
65535
65535
65535
65535
65535
65535
65535
65535
65535
65535
65535
65535
65535
65535
65535
65535
65535
65535
65535
65535
65535
65535
65535
65535
65535
65535
65535
65535
65535
65535
65535
65535
65535
65535
65535
65535
65535
65535
65535
65535
65535
65535
65535
65535
65535
65535
65535
65535
65535
65535
65535
65535
65535
65535
65535
65535
65535
65535
65535
65535
65535
65535
65535
65535
65535
65535
65535
65535
65535
65535
65535
65535
65535
65535
65535
65535
65535
65535
65535
65535
65535
65535
65535
65535
65535
65535
65535
65535
65535
65535
65535
65535
65535
65535
65535
65535
65535
65535
65535
65535
65535
65535
65535
65535
65535
65535
65535
65535
65535
65535
65535
65535
65535
65535
65535
65535
65535
65535
65535
65535
65535
65535
65535
65535
65535
65535
65535
65535
65535
65535
65535
65535
65535
65535
65535
65535
65535
65535
65535
65535
65535
65535
65535
65535
65535
65535
65535
65535
65535
65535
65535
65535
65535
65535
65535
65535
65535
65535
65535
65535
65535
65535
65535
65535
65535
65535
65535
65535
65535
65535
65535
65535
65535
65535
65535
65535
65535
65535
65535
65535
65535
65535
65535
65535
65535
65535
65535
65535
65535
65535
65535
65535
65535
65535
65535
65535
65535
65535
65535
65535
65535
65535
65535
65535
65535
65535
65535
65535
65535
65535
65535
65535
65535
65535
65535
65535
65535
65535
65535
65535
65535
65535
65535
65535
65535
65535
65535
65535
65535
65535
65535
65535
65535
65535
65535
65535
65535
65535
65535
65535
65535
65535
65535
65535
65535
65535
65535
65535
65535
65535
65535
65535
65535
65535
65535
65535
65535
65535
65535
65535
65535
65535
65535
65535
65535
65535
65535
65535
65535
65535
65535
65535
65535
65535
65535
65535
65535
65535
65535
65535
65535
65535
65535
65535
65535
65535
65535
65535
65535
65535
65535
65535
65535
65535
65535
65535
65535
65535
65535
65535
65535
65535
65535
65535
65535
65535
65535
65535
65535
65535
65535
65535
65535
65535
65535
65535
65535
65535
65535
65535
65535
65535
65535
65535
65535
65535
65535
65535
65535
65535
65535
65535
65535
65535
65535
65535
65535
65535
65535
65535
65535
65535
65535
65535
65535
65535
65535
65535
65535
65535
65535
65535
65535
65535
65535
65535
65535
65535
65535
65535
65535
65535
65535
65535
65535
65535
65535
65535
65535
65535
65535
65535
65535
65535
65535
65535
65535
65535
65535
65535
65535
65535
65535
65535
65535
65535
65535
65535
65535
65535
65535
65535
65535
65535
65535
65535
65535
65535
65535
65535
65535
65535
65535
65535
65535
65535
65535
65535
65535
65535
65535
65535
65535
65535
65535
65535
65535
65535
65535
65535
65535
65535
65535
65535
65535
65535
65535
65535
65535
65535
65535
65535
65535
65535
65535
65535
65535
65535
65535
65535
65535
65535
65535
65535
65535
65535
65535
65535
65535
65535
65535
65535
65535
65535
65535
65535
65535
65535
65535
65535
65535
65535
65535
65535
65535
65535
65535
65535
65535
65535
65535
65535
65535
65535
65535
65535
65535
65535
65535
65535
65535
65535
65535
65535
65535
65535
65535
65535
65535
65535
65535
65535
65535
65535
65535
65535
65535
65535
65535
65535
65535
65535
65535
65535
65535
65535
65535
65535
65535
65535
65535
65535
65535
65535
65535
65535
65535
65535
65535
65535
65535
65535
65535
65535
65535
65535
65535
65535
65535
65535
65535
65535
65535
65535
65535
65535
65535
65535
65535
65535
65535
65535
65535
65535
65535
65535
65535
65535
65535
65535
65535
65535
65535
65535
65535
65535
65535
65535
65535
65535
65535
65535
65535
65535
65535
65535
65535
65535
65535
65535
65535
65535
65535
65535
65535
65535
65535
65535
65535
65535
65535
65535
65535
65535
65535
65535
65535
65535
65535
65535
65535
65535
65535
65535
65535
65535
65535
65535
65535
65535
65535
65535
65535
65535
65535
65535
65535
65535
65535
65535
65535
65535
65535
65535
65535
65535
65535
65535
65535
65535
65535
65535
65535
65535
65535
65535
65535
65535
65535
65535
65535
65535
65535
65535
65535
65535
65535
65535
65535
65535
65535
65535
65535
65535
65535
65535
65535
65535
65535
65535
65535
65535
65535
65535
65535
65535
65535
65535
65535
65535
65535
65535
65535
65535
65535
65535
65535
65535
65535
65535
65535
65535
65535
65535
65535
65535
65535
65535
65535
65535
65535
65535
65535
65535
65535
65535
65535
65535
65535
65535
65535
65535
65535
65535
65535
65535
65535
65535
65535
65535
65535
65535
65535
65535
65535
65535
65535
65535
65535
65535
65535
65535
65535
65535
65535
65535
65535
65535
65535
65535
65535
65535
65535
65535
65535
65535
65535
65535
65535
65535
65535
65535
65535
65535
65535
65535
65535
65535
65535
65535
65535
65535
65535
65535
65535
65535
65535
65535
65535
65535
65535
65535
65535
65535
65535
65535
65535
65535
65535
65535
65535
65535
65535
65535
65535
65535
65535
65535
65535
65535
65535
65535
65535
65535
65535
65535
65535
65535
65535
65535
65535
65535
65535
65535
65535
65535
65535
65535
65535
65535
65535
65535
65535
65535
65535
65535
65535
65535
65535
65535
65535
65535
65535
65535
65535
65535
65535
65535
65535
65535
65535
65535
65535
65535
65535
65535
65535
65535
65535
65535
65535
65535
65535
65535
65535
65535
65535
65535
65535
65535
65535
65535
65535
65535
65535
65535
65535
65535
65535
65535
65535
65535
65535
65535
65535
65535
65535
65535
65535
65535
65535
65535
65535
65535
65535
65535
65535
65535
65535
65535
65535
65535
65535
65535
65535
65535
65535
65535
65535
65535
65535
65535
65535
65535
65535
65535
65535
65535
65535
65535
65535
65535
65535
65535
65535
65535
65535
65535
65535
65535
65535
65535
65535
65535
65535
65535
65535
65535
65535
65535
65535
65535
65535
65535
65535
65535
65535
65535
65535
65535
65535
65535
65535
65535
65535
65535
65535
65535
65535
65535
65535
65535
65535
65535
65535
65535
65535
65535
65535
65535
65535
65535
65535
65535
65535
65535
65535
65535
65535
65535
65535
65535
65535
65535
65535
65535
65535
65535
65535
65535
65535
65535
65535
65535
65535
65535
65535
65535
65535
65535
65535
65535
65535
65535
65535
65535
65535
65535
65535
65535
65535
65535
65535
65535
65535
65535
65535
65535
65535
65535
65535
65535
65535
65535
65535
65535
65535
65535
65535
65535
65535
65535
65535
65535
65535
65535
65535
65535
65535
65535
65535
65535
65535
65535
65535
65535
65535
65535
65535
65535
65535
65535
65535
65535
65535
65535
65535
65535
65535
65535
65535
65535
65535
65535
65535
65535
65535
65535
65535
65535
65535
65535
65535
65535
65535
65535
65535
65535
65535
65535
65535
65535
65535
65535
65535
65535
65535
65535
65535
65535
65535
65535
65535
65535
65535
65535
65535
65535
65535
65535
65535
65535
65535
65535
65535
65535
65535
65535
65535
65535
65535
65535
65535
65535
65535
65535
65535
65535
65535
65535
65535
65535
65535
65535
65535
65535
65535
65535
65535
65535
65535
65535
65535
65535
65535
65535
65535
65535
65535
65535
65535
65535
65535
65535
65535
65535
65535
65535
65535
65535
65535
65535
65535
65535
65535
65535
65535
65535
65535
65535
65535
65535
65535
65535
65535
65535
65535
65535
65535
65535
65535
65535
65535
65535
65535
65535
65535
65535
65535
65535
65535
65535
65535
65535
65535
65535
65535
65535
65535
65535
65535
65535
65535
65535
65535
65535
65535
65535
65535
65535
65535
65535
65535
65535
65535
65535
65535
65535
65535
65535
65535
65535
65535
65535
65535
65535
65535
65535
65535
65535
65535
65535
65535
65535
65535
65535
65535
65535
65535
65535
65535
65535
65535
65535
65535
65535
65535
65535
65535
65535
65535
65535
65535
65535
65535
65535
65535
65535
65535
65535
65535
65535
65535
65535
65535
65535
65535
65535
65535
65535
65535
65535
65535
65535
65535
65535
65535
65535
65535
65535
65535
65535
65535
65535
65535
65535
65535
65535
65535
65535
65535
65535
65535
65535
65535
65535
65535
65535
65535
65535
65535
65535
65535
65535
65535
65535
65535
65535
65535
65535
65535
65535
65535
65535
65535
65535
65535
65535
65535
65535
65535
65535
65535
65535
65535
65535
65535
65535
65535
65535
65535
65535
65535
65535
65535
65535
65535
65535
65535
65535
65535
65535
65535
65535
65535
65535
65535
65535
65535
65535
65535
65535
65535
65535
65535
65535
65535
65535
65535
65535
65535
65535
65535
65535
65535
65535
65535
65535
65535
65535
65535
65535
65535
65535
65535
65535
65535
65535
65535
65535
65535
65535
65535
65535
65535
65535
65535
65535
65535
65535
65535
65535
65535
65535
65535
65535
65535
65535
65535
65535
65535
65535
65535
65535
65535
65535
65535
65535
65535
65535
65535
65535
65535
65535
65535
65535
65535
65535
65535
65535
65535
65535
65535
65535
65535
65535
65535
65535
65535
65535
65535
65535
65535
65535
65535
65535
65535
65535
65535
65535
65535
65535
65535
65535
65535
65535
65535
65535
65535
65535
65535
65535
65535
65535
65535
65535
65535
65535
65535
65535
65535
65535
65535
65535
65535
65535
65535
65535
65535
65535
65535
65535
65535
65535
65535
65535
65535
65535
65535
65535
65535
65535
65535
65535
65535
65535
65535
65535
65535
65535
65535
65535
65535
65535
65535
65535
65535
65535
65535
65535
65535
65535
65535
65535
65535
65535
65535
65535
65535
65535
65535
65535
65535
65535
65535
65535
65535
65535
65535
65535
65535
65535
65535
65535
65535
65535
65535
65535
65535
65535
65535
65535
65535
65535
65535
65535
65535
65535
65535
65535
65535
65535
65535
65535
65535
65535
65535
65535
65535
65535
65535
65535
65535
65535
65535
65535
65535
65535
65535
65535
65535
65535
65535
65535
65535
65535
65535
65535
65535
65535
65535
65535
65535
65535
65535
65535
65535
65535
65535
65535
65535
65535
65535
65535
65535
65535
65535
65535
65535
65535
65535
65535
65535
65535
65535
65535
65535
65535
65535
65535
65535
65535
65535
65535
65535
65535
65535
65535
65535
65535
65535
65535
65535
65535
65535
65535
65535
65535
65535
65535
65535
65535
65535
65535
65535
65535
65535
65535
65535
65535
65535
65535
65535
65535
65535
65535
65535
65535
65535
65535
65535
65535
65535
65535
65535
65535
65535
65535
65535
65535
65535
65535
65535
65535
65535
65535
65535
65535
65535
65535
65535
65535
65535
65535
65535
65535
65535
65535
65535
65535
65535
65535
65535
65535
65535
65535
65535
65535
65535
65535
65535
65535
65535
65535
65535
65535
65535
65535
65535
65535
65535
65535
65535
65535
65535
65535
65535
65535
65535
65535
65535
65535
65535
65535
65535
65535
65535
65535
65535
65535
65535
65535
65535
65535
65535
65535
65535
65535
65535
65535
65535
65535
65535
65535
65535
65535
65535
65535
65535
65535
65535
65535
65535
65535
65535
65535
65535
65535
65535
65535
65535
65535
65535
65535
65535
65535
65535
65535
65535
65535
65535
65535
65535
65535
65535
65535
65535
65535
65535
65535
65535
65535
65535
65535
65535
65535
65535
65535
65535
65535
65535
65535
65535
65535
65535
65535
65535
65535
65535
65535
65535
65535
65535
65535
65535
65535
65535
65535
65535
65535
65535
65535
65535
65535
65535
65535
65535
65535
65535
65535
65535
65535
65535
65535
65535
65535
65535
65535
65535
65535
65535
65535
65535
65535
65535
65535
65535
65535
65535
65535
65535
65535
65535
65535
65535
65535
65535
65535
65535
65535
65535
65535
65535
65535
65535
65535
65535
65535
65535
65535
65535
65535
65535
65535
65535
65535
65535
65535
65535
65535
65535
65535
65535
65535
65535
65535
65535
65535
65535
65535
65535
65535
65535
65535
65535
65535
65535
65535
65535
65535
65535
65535
65535
65535
65535
65535
65535
65535
65535
65535
65535
65535
65535
65535
65535
65535
65535
65535
65535
65535
65535
65535
65535
65535
65535
65535
65535
65535
65535
65535
65535
65535
65535
65535
65535
65535
65535
65535
65535
65535
65535
65535
65535
65535
65535
65535
65535
65535
65535
65535
65535
65535
65535
65535
65535
65535
65535
65535
65535
65535
65535
65535
65535
65535
65535
65535
65535
65535
65535
65535
65535
65535
65535
65535
65535
65535
65535
65535
65535
65535
65535
65535
65535
65535
65535
65535
65535
65535
65535
65535
65535
65535
65535
65535
65535
65535
65535
65535
65535
65535
65535
65535
65535
65535
65535
65535
65535
65535
65535
65535
65535
65535
65535
65535
65535
65535
65535
65535
65535
65535
65535
65535
65535
65535
65535
65535
65535
65535
65535
65535
65535
65535
65535
65535
65535
65535
65535
65535
65535
65535
65535
65535
65535
65535
65535
65535
65535
65535
65535
65535
65535
65535
65535
65535
65535
65535
65535
65535
65535
65535
65535
65535
65535
65535
65535
65535
65535
65535
65535
65535
65535
65535
65535
65535
65535
65535
65535
65535
65535
65535
65535
65535
65535
65535
65535
65535
65535
65535
65535
65535
65535
65535
65535
65535
65535
65535
65535
65535
65535
65535
65535
65535
65535
65535
65535
65535
65535
65535
65535
65535
65535
65535
65535
65535
65535
65535
65535
65535
65535
65535
65535
65535
65535
65535
65535
65535
65535
65535
65535
65535
65535
65535
65535
65535
65535
65535
65535
65535
65535
65535
65535
65535
65535
65535
65535
65535
65535
65535
65535
65535
65535
65535
65535
65535
65535
65535
65535
65535
65535
65535
65535
65535
65535
65535
65535
65535
65535
65535
65535
65535
65535
65535
65535
65535
65535
65535
65535
65535
65535
65535
65535
65535
65535
65535
65535
65535
65535
65535
65535
65535
65535
65535
65535
65535
65535
65535
65535
65535
65535
65535
65535
65535
65535
65535
65535
65535
65535
65535
65535
65535
65535
65535
65535
65535
65535
65535
65535
65535
65535
65535
65535
65535
65535
65535
65535
65535
65535
65535
65535
65535
65535
65535
65535
65535
65535
65535
65535
65535
65535
65535
65535
65535
65535
65535
65535
65535
65535
65535
65535
65535
65535
65535
65535
65535
65535
65535
65535
65535
65535
65535
65535
65535
65535
65535
65535
65535
65535
65535
65535
65535
65535
65535
65535
65535
65535
65535
65535
65535
65535
65535
65535
65535
65535
65535
65535
65535
65535
65535
65535
65535
65535
65535
65535
65535
65535
65535
65535
65535
65535
65535
65535
65535
65535
65535
65535
65535
65535
65535
65535
65535
65535
65535
65535
65535
65535
65535
65535
65535
65535
65535
65535
65535
65535
65535
65535
65535
65535
65535
65535
65535
65535
65535
65535
65535
65535
65535
65535
65535
65535
65535
65535
65535
65535
65535
65535
65535
65535
65535
65535
65535
65535
65535
65535
65535
65535
65535
65535
65535
65535
65535
65535
65535
65535
65535
65535
65535
65535
65535
65535
65535
65535
65535
65535
65535
65535
65535
65535
65535
65535
65535
65535
65535
65535
65535
65535
65535
65535
65535
65535
65535
65535
65535
65535
65535
65535
65535
65535
65535
65535
65535
65535
65535
65535
65535
65535
65535
65535
65535
65535
65535
65535
65535
65535
65535
65535
65535
65535
65535
65535
65535
65535
65535
65535
65535
65535
65535
65535
65535
65535
65535
65535
65535
65535
65535
65535
65535
65535
65535
65535
65535
65535
65535
65535
65535
65535
65535
65535
65535
65535
65535
65535
65535
65535
65535
65535
65535
65535
65535
65535
65535
65535
65535
65535
65535
65535
65535
65535
65535
65535
65535
65535
65535
65535
65535
65535
65535
65535
65535
65535
65535
65535
65535
65535
65535
65535
65535
65535
65535
65535
65535
65535
65535
65535
65535
65535
65535
65535
65535
65535
65535
65535
65535
65535
65535
65535
65535
65535
65535
65535
65535
65535
65535
65535
65535
65535
65535
65535
65535
65535
65535
65535
65535
65535
65535
65535
65535
65535
65535
65535
65535
65535
65535
65535
65535
65535
65535
65535
65535
65535
65535
65535
65535
65535
65535
65535
65535
65535
65535
65535
65535
65535
65535
65535
65535
65535
65535
65535
65535
65535
65535
65535
65535
65535
65535
65535
65535
65535
65535
65535
65535
65535
65535
65535
65535
65535
65535
65535
65535
65535
65535
65535
65535
65535
65535
65535
65535
65535
65535
65535
65535
65535
65535
65535
65535
65535
65535
65535
65535
65535
65535
65535
65535
65535
65535
65535
65535
65535
65535
65535
65535
65535
65535
65535
65535
65535
65535
65535
65535
65535
65535
65535
65535
65535
65535
65535
65535
65535
65535
65535
65535
65535
65535
65535
65535
65535
65535
65535
65535
65535
65535
65535
65535
65535
65535
65535
65535
65535
65535
65535
65535
65535
65535
65535
65535
65535
65535
65535
65535
65535
65535
65535
65535
65535
65535
65535
65535
65535
65535
65535
65535
65535
65535
65535
65535
65535
65535
65535
65535
65535
65535
65535
65535
65535
65535
65535
65535
65535
65535
65535
65535
65535
65535
65535
65535
65535
65535
65535
65535
65535
65535
65535
65535
65535
65535
65535
65535
65535
65535
65535
65535
65535
65535
65535
65535
65535
65535
65535
65535
65535
65535
65535
65535
65535
65535
65535
65535
65535
65535
65535
65535
65535
65535
65535
65535
65535
65535
65535
65535
65535
65535
65535
65535
65535
65535
65535
65535
65535
65535
65535
65535
65535
65535
65535
65535
65535
65535
65535
65535
65535
65535
65535
65535
65535
65535
65535
65535
65535
65535
65535
65535
65535
65535
65535
65535
65535
65535
65535
65535
65535
65535
65535
65535
65535
65535
65535
65535
65535
65535
65535
65535
65535
65535
65535
65535
65535
65535
65535
65535
65535
65535
65535
65535
65535
65535
65535
65535
65535
65535
65535
65535
65535
65535
65535
65535
65535
65535
65535
65535
65535
65535
65535
65535
65535
65535
65535
65535
65535
65535
65535
65535
65535
65535
65535
65535
65535
65535
65535
65535
65535
65535
65535
65535
65535
65535
65535
65535
65535
65535
65535
65535
65535
65535
65535
65535
65535
65535
65535
65535
65535
65535
65535
65535
65535
65535
65535
65535
65535
65535
65535
65535
65535
65535
65535
65535
65535
65535
65535
65535
65535
65535
65535
65535
65535
65535
65535
65535
65535
65535
65535
65535
65535
65535
65535
65535
65535
65535
65535
65535
65535
65535
65535
65535
65535
65535
65535
65535
65535
65535
65535
65535
65535
65535
65535
65535
65535
65535
65535
65535
65535
65535
65535
65535
65535
65535
65535
65535
65535
65535
65535
65535
65535
65535
65535
65535
65535
65535
65535
65535
65535
65535
65535
65535
65535
65535
65535
65535
65535
65535
65535
65535
65535
65535
65535
65535
65535
65535
65535
65535
65535
65535
65535
65535
65535
65535
65535
65535
65535
65535
65535
65535
65535
65535
65535
65535
65535
65535
65535
65535
65535
65535
65535
65535
65535
65535
65535
65535
65535
65535
65535
65535
65535
65535
65535
65535
65535
65535
65535
65535
65535
65535
65535
65535
65535
65535
65535
65535
65535
65535
65535
65535
65535
65535
65535
65535
65535
65535
65535
65535
65535
65535
65535
65535
65535
65535
65535
65535
65535
65535
65535
65535
65535
65535
65535
65535
65535
65535
65535
65535
65535
65535
65535
65535
65535
65535
65535
65535
65535
65535
65535
65535
65535
65535
65535
65535
65535
65535
65535
65535
65535
65535
65535
65535
65535
65535
65535
65535
65535
65535
65535
65535
65535
65535
65535
65535
65535
65535
65535
65535
65535
65535
65535
65535
65535
65535
65535
65535
65535
65535
65535
65535
65535
65535
65535
65535
65535
65535
65535
65535
65535
65535
65535
65535
65535
65535
65535
65535
65535
65535
65535
65535
65535
65535
65535
65535
65535
65535
65535
65535
65535
65535
65535
65535
65535
65535
65535
65535
65535
65535
65535
65535
65535
65535
65535
65535
65535
65535
65535
65535
65535
65535
65535
65535
65535
65535
65535
65535
65535
65535
65535
65535
65535
65535
65535
65535
65535
65535
65535
65535
65535
65535
65535
65535
65535
65535
65535
65535
65535
65535
65535
65535
65535
65535
65535
65535
65535
65535
65535
65535
65535
65535
65535
65535
65535
65535
65535
65535
65535
65535
65535
65535
65535
65535
65535
65535
65535
65535
65535
65535
65535
65535
65535
65535
65535
65535
65535
65535
65535
65535
65535
65535
65535
65535
65535
65535
65535
65535
65535
65535
65535
65535
65535
65535
65535
65535
65535
65535
65535
65535
65535
65535
65535
65535
65535
65535
65535
65535
65535
65535
65535
65535
65535
65535
65535
65535
65535
65535
65535
65535
65535
65535
65535
65535
65535
65535
65535
65535
65535
65535
65535
65535
65535
65535
65535
65535
65535
65535
65535
65535
65535
65535
65535
65535
65535
65535
65535
65535
65535
65535
65535
65535
65535
65535
65535
65535
65535
65535
65535
65535
65535
65535
65535
65535
65535
65535
65535
65535
65535
65535
65535
65535
65535
65535
65535
65535
65535
65535
65535
65535
65535
65535
65535
65535
65535
65535
65535
65535
65535
65535
65535
65535
65535
65535
65535
65535
65535
65535
65535
65535
65535
65535
65535
65535
65535
65535
65535
65535
65535
65535
65535
65535
65535
65535
65535
65535
65535
65535
65535
65535
65535
65535
65535
65535
65535
65535
65535
65535
65535
65535
65535
65535
65535
65535
65535
65535
65535
65535
65535
65535
65535
65535
65535
65535
65535
65535
65535
65535
65535
65535
65535
65535
65535
65535
65535
65535
65535
65535
65535
65535
65535
65535
65535
65535
65535
65535
65535
65535
65535
65535
65535
65535
65535
65535
65535
65535
65535
65535
65535
65535
65535
65535
65535
65535
65535
65535
65535
65535
65535
65535
65535
65535
65535
65535
65535
65535
65535
65535
65535
65535
65535
65535
65535
65535
65535
65535
65535
65535
65535
65535
65535
65535
65535
65535
65535
65535
65535
65535
65535
65535
65535
65535
65535
65535
65535
65535
65535
65535
65535
65535
65535
65535
65535
65535
65535
65535
65535
65535
65535
65535
65535
65535
65535
65535
65535
65535
65535
65535
65535
65535
65535
65535
65535
65535
65535
65535
65535
65535
65535
65535
65535
65535
65535
65535
65535
65535
65535
65535
65535
65535
65535
65535
65535
65535
65535
65535
65535
65535
65535
65535
65535
65535
65535
65535
65535
65535
65535
65535
65535
65535
65535
65535
65535
65535
65535
65535
65535
65535
65535
65535
65535
65535
65535
65535
65535
65535
65535
65535
65535
65535
65535
65535
65535
65535
65535
65535
65535
65535
65535
65535
65535
65535
65535
65535
65535
65535
65535
65535
65535
65535
65535
65535
65535
65535
65535
65535
65535
65535
65535
65535
65535
65535
65535
65535
65535
65535
65535
65535
65535
65535
65535
65535
65535
65535
65535
65535
65535
65535
65535
65535
65535
65535
65535
65535
65535
65535
65535
65535
65535
65535
65535
65535
65535
65535
65535
65535
65535
65535
65535
65535
65535
65535
65535
65535
65535
65535
65535
65535
65535
65535
65535
65535
65535
65535
65535
65535
65535
65535
65535
65535
65535
65535
65535
65535
65535
65535
65535
65535
65535
65535
65535
65535
65535
65535
65535
65535
65535
65535
65535
65535
65535
65535
65535
65535
65535
65535
65535
65535
65535
65535
65535
65535
65535
65535
65535
65535
65535
65535
65535
65535
65535
65535
65535
65535
65535
65535
65535
65535
65535
65535
65535
65535
65535
65535
65535
65535
65535
65535
65535
65535
65535
65535
65535
65535
65535
65535
65535
65535
65535
65535
65535
65535
65535
65535
65535
65535
65535
65535
65535
65535
65535
65535
65535
65535
65535
65535
65535
65535
65535
65535
65535
65535
65535
65535
65535
65535
65535
65535
65535
65535
65535
65535
65535
65535
65535
65535
65535
65535
65535
65535
65535
65535
65535
65535
65535
65535
65535
65535
65535
65535
65535
65535
65535
65535
65535
65535
65535
65535
65535
65535
65535
65535
65535
65535
65535
65535
65535
65535
65535
65535
65535
65535
65535
65535
65535
65535
65535
65535
65535
65535
65535
65535
65535
65535
65535
65535
65535
65535
65535
65535
65535
65535
65535
65535
65535
65535
65535
65535
65535
65535
65535
65535
65535
65535
65535
65535
65535
65535
65535
65535
65535
65535
65535
65535
65535
65535
65535
65535
65535
65535
65535
65535
65535
65535
65535
65535
65535
65535
65535
65535
65535
65535
65535
65535
65535
65535
65535
65535
65535
65535
65535
65535
65535
65535
65535
65535
65535
65535
65535
65535
65535
65535
65535
65535
65535
65535
65535
65535
65535
65535
65535
65535
65535
65535
65535
65535
65535
65535
65535
65535
65535
65535
65535
65535
65535
65535
65535
65535
65535
65535
65535
65535
65535
65535
65535
65535
65535
65535
65535
65535
65535
65535
65535
65535
65535
65535
65535
65535
65535
65535
65535
65535
65535
65535
65535
65535
65535
65535
65535
65535
65535
65535
65535
65535
65535
65535
65535
65535
65535
65535
65535
65535
65535
65535
65535
65535
65535
65535
65535
65535
65535
65535
65535
65535
65535
65535
65535
65535
65535
65535
65535
65535
65535
65535
65535
65535
65535
65535
65535
65535
65535
65535
65535
65535
65535
65535
65535
65535
65535
65535
65535
65535
65535
65535
65535
65535
65535
65535
65535
65535
65535
65535
65535
65535
65535
65535
65535
65535
65535
65535
65535
65535
65535
65535
65535
65535
65535
65535
65535
65535
65535
65535
65535
65535
65535
65535
65535
65535
65535
65535
65535
65535
65535
65535
65535
65535
65535
65535
65535
65535
65535
65535
65535
65535
65535
65535
65535
65535
65535
65535
65535
65535
65535
65535
65535
65535
65535
65535
65535
65535
65535
65535
65535
65535
65535
65535
65535
65535
65535
65535
65535
65535
65535
65535
65535
65535
65535
65535
65535
65535
65535
65535
65535
65535
65535
65535
65535
65535
65535
65535
65535
65535
65535
65535
65535
65535
65535
65535
65535
65535
65535
65535
65535
65535
65535
65535
65535
65535
65535
65535
65535
65535
65535
65535
65535
65535
65535
65535
65535
65535
65535
65535
65535
65535
65535
65535
65535
65535
65535
65535
65535
65535
65535
65535
65535