24870
52848
18399
43268
58812
39906
11674
33435
58304
26964
29819
23348
1334
60399
25950
7044
3682
37878
28298
21827
65349
61986
58624
49045
27030
17451
29632
13835
19799
13328
63067
386
21893
27857
55582
11553
26843
35915
44988
10285
3814
6416
52793
8764
27163
8003
51272
35221
53620
12700
43533
15048
55207
23613
32432
838
31672
21838
36875
14607
17208
29136
37955
37448
8709
8202
23239
971
50456
56166
61877
5160
38848
7254
16073
62196
36820
58074
26480
51096
50589
25212
30922
49067
33017
29401
41329
37713
62075
52242
45518
51228
16272
43743
43236
2062
38860
60113
6505
37085
36324
17165
44636
12789
30934
42861
45209
927
25289
46543
33601
4863
50732
47117
65262
33414
54668
16603
9878
40458
64821
8104
26249
6836
37416
18003
11279
10772
44460
9504
24287
48649
10584
62925
24860
17882
36027
32158
3419
58868
11477
38948
7101
56586
52971
30449
14145
22964
34892
53037
39841
14211
32356
50501
46886
58813
2096
20241
57039
28300
15104
39467
54503
60213
25257
43402
55330
54823
32555
32048
59519
59012
46070
14223
35476
56730
40426
11687
4963
54195
31673
56036
61746
8138
7377
37957
65428
42907
20385
4081
25335
52806
27429
20451
7510
56995
9604
34220
18170
8083
57568
53953
56554
18489
61504
45453
63598
3773
62584
43171
26867
29469
53831
18875
27694
61383
4666
32137
44065
65318
8601
4985
54471
57073
3464
21609
58406
64117
29161
15965
37219
21168
45531
10575
25611
65517
18126
30054
51307
60126
62728
24663
36591
39192
13562
13055
6077
30693
20860
17244
47824
15977
6143
2528
39325
26383
47637
44021
31079
5449
8051
32413
13254
3421
9131
2407
26769
32479
10211
53479
43646
49357
45741
35908
63632
53799
43966
49676
5394
4887
10597
10090
59576
9076
45873
1845
38642
28809
43845
40229
11744
26780
60722
63324
37947
21897
5846
61549
61042
7434
56919
37760
59014
11876
55144
60855
19935
22536
28247
33957
39921
39414
20255
19747
41255
15878
15371
39733
29900
48045
63082
147
27872
2495
64416
23242
57184
34916
40627
43228
27178
45323
32381
19439
18932
21534
21026
14302
51353
10433
56810
12781
15382
17984
5042
10752
54021
22427
37717
62332
55608
20905
63920
4094
59797
15768
52819
52312
26935
10885
60370
31885
28269
9110
43052
51871
45147
50857
41024
9430
2705
39756
11271
45213
19836
56887
62597
37221
52511
52004
42170
4359
41410
47120
24852
49468
58287
60889
10389
38114
31389
65331
27520
61462
1636
10455
13057
34311
8934
58420
48586
38753
47572
34630
40341
27399
26892
7733
7226
50494
31334
33936
27212
20487
60647
25944
3676
62488
18205
58365
39206
38698
35083
53481
43648
15163
5330
61033
20113
38511
13135
18845
59004
58497
42447
48157
28998
56722
18911
59070
33694
33187
35788
1086
22340
28050
2673
61485
7876
19804
44420
37696
15428
64913
42645
42138
50957
38015
34400
55907
52291
17588
1538
51023
10103
9596
59082
55466
64285
35800
16641
50583
9663
46713
65112
8395
7888
38468
19308
59468
34091
14932
48620
23244
4085
50461
25085
40121
27179
48433
19948
10115
62709
9101
5485
54970
38920
63282
62775
49833
49326
8406
20334
7392
3776
50153
30994
64682
42414
20147
47871
50726
37785
31060
36770
20720
13995
54155
62974
6257
5750
2134
29859
63801
19772
34808
59171
15142
27070
45215
19838
53527
21933
33860
24027
45281
54100
492
53086
21492
14767
64253
32659
50804
40971
46681
30631
5254
23399
10457
6841
9443
55820
27081
4813
13632
690
183
46560
49162
36220
7734
54111
44278
9575
9068
2344
58047
14018
25946
16113
15606
21316
42570
42062
25758
44157
37433
33817
30201
4824
10535
60020
47078
52789
64716
23796
54630
60340
514
43529
27478
23863
7812
1088
50573
9653
59138
14856
29893
35603
50639
19045
37190
39792
39285
41886
47597
3315
55909
49184
20445
13721
56989
22033
2874
33453
42272
63526
9918
24954
5542
58136
7636
35361
28636
65433
27369
54840
10557
34920
59536
2819
20964
51544
44819
47421
56240
8849
11450
51610
7328
63030
59415
37147
64618
4792
57386
47553
62590
43430
61575
36199
54344
3844
3084
39881
58026
51301
53650
50034
49527
61454
26498
63295
12796
12289
2455
61267
54543
38239
53275
58985
20920
14196
23015
38051
59305
21240
8298
23335
29045
44081
37357
2401
42560
26256
31966
9445
2720
61278
57663
44721
37743
21692
33620
48656
13700
53606
3106
46121
17382
13766
25694
37622
49549
36608
64079
10470
12818
6094
49108
36167
16754
53551
15486
39849
20689
48161
53871
15806
65038
42516
19995
28814
15619
18220
20568
63583
44424
9467
30721
42395
16765
28693
46838
33643
4904
19940
50520
52868
52361
54963
23115
35043
3195
43101
51920
54522
913
3515
49638
42914
7958
57190
3581
40378
39618
60872
25915
18937
5996
8597
17416
4221
3460
18496
42859
54787
63606
28396
34106
36708
14186
63418
62658
37028
30050
1311
12985
6007
21043
20283
13305
25232
24472
64378
13878
3791
12610
55625
54864
32343
40908
62162
61401
26445
28793
43576
58359
23403
19787
22388
40534
64896
42374
22962
34889
59252
8499
45296
57224
34702
30833
42760
51579
38384
18971
58877
39464
4508
31726
21639
58436
10792
47589
15742
36742
30017
26148
31605
55967
2105
19997
584
37381
24186
60983
1157
6614
21397
29962
22984
6680
12137
8268
26413
53630
24638
36312
20008
34791
2943
55284
60741
59980
59220
27372
17285
981
53322
5678
32895
50787
3142
58591
51613
63288
34549
8919
5049
10506
12854
46543
2260
42166
47623
9305
46102
26689
10385
3153
11719
7850
7089
40524
64633
32785
56894
31011
27141
13946
13185
40403
11664
57534
3672
49542
36346
57346
22137
49354
7927
19601
59507
64964
1776
13450
255
24364
29820
41495
62241
49046
38959
47525
2735
33062
32301
31287
14729
29512
34969
5976
39411
60665
56796
24695
30152
16956
37956
65174
42399
35167
65494
36501
35741
25654
65306
2118
26227
31431
17982
1424
13098
49642
64425
16780
22237
27694
64237
32136
53137
58593
32710
47492
56058
11522
38740
62595
64690
7719
31828
33922
58031
51053
44075
65076
42301
41286
46743
61526
13881
34882
5889
39324
41672
15789
33680
29811
41485
62485
17949
57602
34827
58682
35907
63125
59002
4887
35213
21764
5206
25953
6287
33251
22910
3244
17773
13904
56665
61868
42202
22536
46645
39667
7566
37892
12008
20320
3763
15183
7952
32061
59278
42467
16583
50018
55475
23374
599
15128
54527
34861
2760
57956
35181
3080
58275
51044
6508
64812
38929
22371
40263
29922
32271
28148
20916
54098
6200
21236
51309
28534
5759
51628
9948
40020
26825
10268
12362
33362
32348
31334
52081
57284
60
17951
4502
9706
18017
48344
50438
21446
48410
53613
30838
14281
7049
65354
45687
44673
18789
48862
7435
43725
55146
41443
9342
5219
10423
9408
51916
7127
15692
20895
57439
9794
42976
63976
62708
2376
20014
31434
42601
19826
49899
8218
63161
43241
29538
12727
33474
23134
53460
15141
7656
59490
8483
48136
25361
49216
26187
6521
64826
48014
31457
64638
29175
53284
27147
51002
56205
42756
35271
3170
23663
9961
27599
63889
53295
26904
10093
18405
54695
44102
14856
10733
31480
33574
41886
43980
8517
63713
9598
45888
51091
3193
2179
16708
18803
64672
10557
34412
2058
7261
65058
1617
63030
15132
20335
669
21415
51488
25351
5431
10381
40454
51874
41280
18252
32781
59745
24282
7471
43761
42493
50805
18451
57849
50364
40024
35648
19090
42945
51257
62424
52084
10404
24933
51897
38194
40289
57927
31790
52536
38834
25131
36552
47719
6039
14350
50641
62061
63902
25077
61367
25903
55976
36056
22607
21340
20072
40565
5102
38283
46595
14241
16082
14814
51104
6061
33025
47301
8729
35693
3085
11143
9876
49274
1376
40775
64631
35385
3030
14197
41161
43256
23336
307
42815
29112
24736
5070
53795
33875
4629
56462
5456
7550
34514
27029
3747
49110
50951
43466
41944
3119
26974
50576
2425
60475
40556
11056
28694
39861
48173
9601
30094
59913
17979
60487
65436
4850
50213
61633
13482
15323
23635
47490
58657
7650
40832
51999
47623
27703
23326
56508
33479
60443
15654
51944
684
61843
4366
6207
20736
62990
5512
60455
24991
39267
31782
58746
4377
43776
26965
31914
11995
57611
9713
8192
16250
33888
63961
18918
42520
63013
49057
29137
12326
57688
43986
17849
51030
24893
32951
53444
11764
22931
34098
64171
729
30295
29027
27759
51615
16151
33789
54283
53015
61327
50479
8799
47944
62473
29865
16163
5569
10519
46555
60831
49984
1832
25434
49289
26007
49863
11037
21951
64205
16053
36546
19735
34011
60721
3244
61295
3817
5658
7499
12449
54956
59906
24189
41573
62067
1480
53314
64481
3641
61438
47482
14874
51164
58969
41904
3079
26681
53645
17928
50856
61769
57393
12350
63930
12923
64757
35258
27773
7853
25237
17752
56897
46050
35456
12174
51319
59378
45422
6596
42633
53800
24301
54373
43526
32932
50317
27035
6861
36934
35666
9275
54638
50262
5472
35292
15372
4778
28380
8460
7192
18106
44816
5991
29593
31434
20586
22174
24015
25856
2827
32646
18944
11459
31952
33793
16982
62345
11084
59809
33418
59875
30376
59942
11790
60261
49414
19661
11922
51068
27786
51387
56337
8186
19099
33121
59832
61419
16123
17964
47783
65167
60791
31292
17082
59590
54960
591
45953
10237
15186
1230
40376
13985
37587
51862
28580
45965
28900
36958
51234
21735
63989
37598
54729
31700
8418
680
43187
23014
33927
23333
53153
14327
371
4814
47321
33365
6975
8562
23091
12244
35846
59448
26840
56659
64717
38326
58566
25958
43342
13843
40553
48358
59525
45569
3635
17911
25969
62006
26289
24768
63913
47102
14494
62965
8596
10437
46474
7395
49395
29475
53077
36012
18948
51875
10195
2456
44710
52515
20160
12168
51060
33995
44909
56076
54555
12620
64200
6469
54941
25441
39463
63065
58689
57421
21704
26654
37567
54952
25453
45946
28881
24505
41889
6172
51535
6492
33202
594
5544
35363
55856
54589
62393
4916
56242
39178
47236
27063
672
17803
38296
2579
13746
44
32972
22378
17494
53531
14705
32090
5699
29301
15345
57345
62041
23216
9260
26644
56717
14783
44602
2414
57103
2734
54314
37250
23040
9338
4708
3186
58129
47281
36434
25587
52297
41703
46653
35806
62263
23437
46786
54590
18620
29787
28266
11201
354
64622
16471
5877
54348
24595
4675
9625
11466
41285
52199
50931
49410
60577
12425
61150
37868
51890
62804
17761
19602
58747
38320
55705
57292
12249
42069
134
33062
22469
36491
38078
8579
41760
31166
51660
12834
11059
40878
42466
38090
36822
32445
49576
10751
56113
23505
34419
4919
19195
55232
7080
49588
16980
168
64437
488
45851
50547
24156
41541
24476
63875
40593
45542
22260
2087
50305
33240
35081
27596
38509
55640
54626
15801
8062
37881
5273
13332
5593
22724
21456
48167
21776
14291
6552
14357
34850
8713
974
49446
19946
12461
42280
37904
55288
25789
24521
1239
56181
20465
44066
42545
19263
20851
50670
2518
50990
34178
8041
50295
5252
35072
52456
38500
52522
7479
34190
48212
37618
32988
44155
49105
41620
40352
51519
6476
5209
59897
18217
20058
43660
54573
43979
48929
38335
37068
29583
50076
48808
28635
33584
57186
40121
63977
12717
33210
10181
55797
45204
3269
14690
38545
18625
1814
10126
11967
29352
15649
29925
19331
55368
19651
33927
32659
59370
23906
13312
40277
45480
53538
24292
35713
62677
55192
38381
30896
42063
47266
45998
57165
43463
61101
47398
33442
47972
24943
58124
41567
37191
14162
38017
58510
35482
12453
30091
16643
43607
5035
22673
15187
48369
471
55413
4153
33972
14052
16147
55546
32771
9742
61576
38547
59294
39374
25925
49780
1882
60187
62281
58159
19587
18572
11341
19399
30820
7791
12995
52647
60959
53727
27590
63880
22199
11859
1519
44280
24360
54433
40731
8376
35340
6348
14406
53805
49682
45306
59835
52603
7814
19235
5532
48293
44170
58446
63649
40874
24317
60860
59846
21528
39166
7065
34029
36123
59979
58964
45262
25342
46089
13734
6503
27249
60431
25221
8410
16722
59483
36454
23005
40643
2325
38869
59615
21043
16921
34558
58667
16987
9755
42937
4365
3097
30061
35264
31141
11475
44657
49860
51954
4056
18586
64455
32101
3108
36290
3935
6030
58117
26016
43654
55074
22720
12126
23547
12953
18410
36048
584
18222
38969
47281
64919
20129
56420
33645
60609
56486
61689
14044
16139
55791
20328
34857
24264
32576
34670
42982
60873
6758
61700
32708
53455
21100
54281
62593
11587
54094
31066
45595
7023
46422
45408
62792
24220
38749
25300
30250
25874
59055
64258
41230
65085
51636
47260
58681
51449
50435
2537
13957
9835
27473
7553
12502
58119
47525
43148
35663
49939
26911
53875
15303
64028
22347
12007
60732
47283
30471
57435
9284
61117
34727
42785
60423
28068
58141
13352
46533
45266
28454
55419
41970
9615
36579
7333
43623
17233
9747
5625
26371
3343
8292
35256
6011
54482
22127
14642
940
24542
29745
47129
61405
22580
46181
7356
62298
17255
50437
46060
23032
53104
42257
28555
11744
57360
15679
20629
37760
36746
26152
43536
60921
37892
33516
54262
2749
54582
47097
33395
19692
49511
10939
44121
39491
41332
36956
26108
52819
51551
59609
33472
57328
30937
57901
59742
64438
53844
61649
10389
65331
20035
59180
39006
56391
57978
59819
24103
19726
46437
13829
65155
63634
49678
38831
24621
42005
37375
17456
50384
27101
56921
46327
44806
24632
48234
12517
10996
3511
48874
3831
61628
44817
49513
44883
49579
4536
9486
42414
25349
11393
50539
24401
13554
11779
44200
42932
38303
33673
10391
65079
10710
9443
60769
6147
57727
46879
36032
53163
20555
21889
51708
34643
51774
62688
1848
16124
8385
44168
11813
26089
37003
4141
5728
63779
28063
23433
12332
1231
12398
4659
62203
39175
12530
60748
40321
57452
2830
60627
2896
1375
40520
54542
31007
7471
37037
19718
5762
60198
64894
32286
8750
3867
8563
37875
11231
59448
48347
59007
54378
43784
64023
15618
38967
56097
60794
40620
26664
24889
54202
52680
4275
52493
35175
5422
41205
45901
63032
14627
6635
1751
37281
51049
30622
10196
27073
50168
45284
9314
45097
43322
51127
46243
41360
64455
19158
29818
34261
29377
5588
705
14473
43786
60663
58635
63077
64411
21970
16833
14805
22102
35871
6118
22742
11641
40953
51360
43114
6890
29985
34427
19964
8863
10197
23966
53278
29489
30823
25939
52396
6846
54811
34130
44537
36545
6538
42067
62054
7431
8765
13461
58570
34781
26535
6108
4334
52298
28509
39169
40249
25786
20649
62142
60114
58086
12536
48065
14950
16031
17111
21300
620
45475
65461
22766
61151
62231
9957
51704
43458
19922
39655
15866
35345
20628
34143
38332
29833
15370
60226
14422
59024
62960
1866
65120
56621
32579
52311
37594
19769
23705
27894
53590
32656
52135
9440
32281
30253
34442
1073
55002
58937
22460
42192
55707
41244
20310
43151
9783
19682
51596
24444
25525
32569
39867
18679
41267
57384
55102
15516
19451
45401
27576
43693
44266
26187
23905
34565
54044
42436
30828
6532
35337
11294
46570
16057
54188
64341
52479
50197
13213
4967
2432
62577
13412
29782
61696
53196
38226
45017
14503
49526
28338
16477
17050
39891
37356
3734
26068
33112
15287
12751
7107
42130
36485
55964
56538
26024
60793
8519
18164
62006
21913
25088
13226
7582
29916
52504
229
56759
44898
57906
8740
3096
9887
53981
13888
14462
33941
15608
62812
60530
42705
15046
43851
47787
60541
5158
18166
21595
154
53828
57510
51613
58403
15455
53586
35507
45406
58161
45792
2591
55758
59187
28419
59826
47711
26523
55075
24054
37062
43600
31485
16261
56994
10683
7894
48880
24077
24397
27825
53014
53334
806
41793
45475
17816
54933
2152
52210
61856
18147
49554
43656
62375
46644
24696
62066
27937
49764
15127
55607
24332
21036
14632
8480
64503
64316
42621
55122
14522
20805
29944
55133
54946
51650
32811
38587
16639
29394
41641
47418
3709
6630
6696
40958
19010
50163
40903
62477
24985
9001
43262
64836
64649
20940
17644
45688
7943
29516
41764
41577
10302
19441
41015
3270
37278
14823
23708
36209
29804
14073
4306
41423
47200
49614
18086
11935
64596
23742
54388
4208
50397
47101
33972
8408
57706
44831
57078
9500
37291
36850
36409
61091
44854
56847
62370
18154
46199
33323
60607
53695
153
21473
52373
45461
23006
22311
15653
36719
39134
31968
56143
48978
7364
38263
27989
61744
57434
50269
18487
11575
38606
21861
5623
17363
35068
31011
8302
41803
15732
2096
60467
44229
48991
4522
22226
55220
29149
18621
36326
19834
37285
21047
29172
12934
49290
22966
40416
36106
44738
31355
14864
1228
12714
27310
35181
36835
48068
49975
26759
13123
46371
23155
43968
64273
34840
24313
41763
43163
38600
30927
64175
40706
36142
16035
14833
10270
65278
35084
11361
25196
7944
18924
17469
50463
42791
25539
61641
59679
57717
28031
26322
40157
41557
64464
24691
50707
45636
56616
54654
24967
1244
8862
10262
8300
12555
38571
2160
3560
29830
65172
60101
61248
15764
16911
17550
37602
63618
36026
45992
62682
7619
18091
15622
35421
26988
18808
54150
26558
49466
15910
62672
1138
51770
61989
53556
60413
61053
39424
21665
12725
25799
51308
16992
39139
17510
26969
24246
33958
65177
18933
31754
41466
32779
32912
4812
26706
58178
11681
9211
43793
44179
12971
27886
52888
46550
46682
9257
12244
65478
6038
53055
53187
3073
18496
59295
9181
27458
55316
17637
44987
54192
969
3450
43742
24461
8543
39002
53664
6659
46697
42960
45948
60863
7134
3143
64942
64568
48142
3486
12691
36678
38905
53314
2439
17354
23197
9627
36724
35081
15040
61043
25458
33395
48057
44067
52765
17687
4117
46250
31920
33132
25273
45898
13169
5056
12993
57981
382
48479
34148
54520
9356
10823
58666
25683
30258
28109
54191
58259
47037
13801
54919
34371
3990
1334
40358
38209
64037
33149
5877
47756
35520
11103
58946
46456
7002
47868
4037
7598
61152
39336
14158
42589
51860
32899
58474
39514
8119
17136
29263
19375
56624
24468
36848
48974
57231
56923
12586
39748
26245
50552
27976
26907
14164
35109
52946
39188
815
65535
36742
716
12082
63861
37922
5006
34263
45122
42785
50788
55176
43767
28995
20441
50459
48376
39568
9000
47076
41631
11823
3522
25801
44718
10534
48357
54839
17546
57970
29496
44291
273
55987
42
54
15101
49055
33016
35375
40590
58492
10606
25653
43810
2394
50623
64910
45509
54339
43503
10906
56280
14104
27884
17048
3357
23101
33011
64683
12420
37874
31988
32319
51556
14075
35407
62955
6316
46299
32928
23426
6946
13241
18775
39346
20011
58726
8051
59708
13982
62278
45544
40738
22230
23134
21691
51334
53319
37919
10084
43917
22046
58480
42066
50775
28651
33491
50512
18809
39445
19416
36183
43625
6784
18922
28712
25813
44929
14305
14262
26399
17283
4298
28110
41835
28089
26778
3452
25742
17200
29911
12549
57868
23949
32537
50958
59293
5707
14802
28593
23733
31307
59627
905
7464
11169
7896
9572
49060
54352
34267
35437
31910
26355
24162
36244
60001
12512
36269
12888
55297
5019
63291
40231
21293
17138
18693
50828
45405
14099
1191
56167
46368
49831
54054
29284
57363
7790
36696
22586
51238
1919
64006
34419
19615
63116
2255
19365
20678
64245
65118
53048
44341
53018
16652
20952
17261
58425
2966
53710
18490
55851
29771
8640
13966
59452
46192
29316
23928
2422
47092
27560
8282
58221
49922
4319
60862
43116
62928
29451
16721
55637
23373
36792
62392
9073
35312
52545
1773
18697
23507
19376
9921
14301
24204
31891
58297
33509
53708
48598
57895
22029
43331
24673
31083
641
29904
9560
45239
30925
42869
27772
4153
39951
25601
49856
52260
25396
45339
45097
29686
32861
50499
22013
40665
62426
65535
65535
65535
65535
65535
65535
65535
65535
65535
65535
65535
65535
65535
65535
65535
65535
65535
65535
65535
65535
65535
65535
65535
65535
65535
65535
65535
65535
65535
65535
65535
65535
65535
65535
65535
65535
65535
65535
65535
65535
65535
65535
65535
65535
65535
65535
65535
65535
65535
65535
65535
65535
65535
65535
65535
65535
65535
65535
65535
65535
65535
65535
65535
65535
65535
65535
65535
65535
65535
65535
65535
65535
65535
65535
65535
65535
65535
65535
65535
65535
65535
65535
65535
65535
65535
65535
65535
65535
65535
65535
65535
65535
65535
65535
65535
65535
65535
65535
65535
65535
65535
65535
65535
65535
65535
65535
65535
65535
65535
65535
65535
65535
65535
65535
65535
65535
65535
65535
65535
65535
65535
65535
65535
65535
65535
65535
65535
65535
65535
65535
65535
65535
65535
65535
65535
65535
65535
65535
65535
65535
65535
65535
65535
65535
65535
65535
65535
65535
65535
65535
65535
65535
65535
65535
65535
65535
65535
65535
65535
65535
65535
65535
65535
65535
65535
65535
65535
65535
65535
65535
65535
65535
65535
65535
65535
65535
65535
65535
65535
65535
65535
65535
65535
65535
65535
65535
65535
65535
65535
65535
65535
65535
65535
65535
65535
65535
65535
65535
65535
65535
65535
65535
65535
65535
65535
65535
65535
65535
65535
65535
65535
65535
65535
65535
65535
65535
65535
65535
65535
65535
65535
65535
65535
65535
65535
65535
65535
65535
65535
65535
65535
65535
65535
65535
65535
65535
65535
65535
65535
65535
65535
65535
65535
65535
65535
65535
65535
65535
65535
65535
65535
65535
65535
65535
65535
65535
65535
65535
65535
65535
65535
65535
65535
65535
65535
65535
65535
65535
65535
65535
65535
65535
65535
65535
65535
65535
65535
65535
65535
65535
65535
65535
65535
65535
65535
65535
65535
65535
65535
65535
65535
65535
65535
65535
65535
65535
65535
65535
65535
65535
65535
65535
65535
65535
65535
65535
65535
65535
65535
65535
65535
65535
65535
65535
65535
65535
65535
65535
65535
65535
65535
65535
65535
65535
65535
65535
65535
65535
65535
65535
65535
65535
65535
65535
65535
65535
65535
65535
65535
65535
65535
65535
65535
65535
65535
65535
65535
65535
65535
65535
65535
65535
65535
65535
65535
65535
65535
65535
65535
65535
65535
65535
65535
65535
65535
65535
65535
65535
65535
65535
65535
65535
65535
65535
65535
65535
65535
65535
65535
65535
65535
65535
65535
65535
65535
65535
65535
65535
65535
65535
65535
65535
65535
65535
65535
65535
65535
65535
65535
65535
65535
65535
65535
65535
65535
65535
65535
65535
65535
65535
65535
65535
65535
65535
65535
65535
65535
65535
65535
65535
65535
65535
65535
65535
65535
65535
65535
65535
65535
65535
65535
65535
65535
65535
65535
65535
65535
65535
65535
65535
65535
65535
65535
65535
65535
65535
65535
65535
65535
65535
65535
65535
65535
65535
65535
65535
65535
65535
65535
65535
65535
65535
65535
65535
65535
65535
65535
65535
65535
65535
65535
65535
65535
65535
65535
65535
65535
65535
65535
65535
65535
65535
65535
65535
65535
65535
65535
65535
65535
65535
65535
65535
65535
65535
65535
65535
65535
65535
65535
65535
65535
65535
65535
65535
65535
65535
65535
65535
65535
65535
65535
65535
65535
65535
65535
65535
65535
65535
65535
65535
65535
65535
65535
65535
65535
65535
65535
65535
65535
65535
65535
65535
65535
65535
65535
65535
65535
65535
65535
65535
65535
65535
65535
65535
65535
65535
65535
65535
65535
65535
65535
65535
65535
65535
65535
65535
65535
65535
65535
65535
65535
65535
65535
65535
65535
65535
65535
65535
65535
65535
65535
65535
65535
65535
65535
65535
65535
65535
65535
65535
65535
65535
65535
65535
65535
65535
65535
65535
65535
65535
65535
65535
65535
65535
65535
65535
65535
65535
65535
65535
65535
65535
65535
65535
65535
65535
65535
65535
65535
65535
65535
65535
65535
65535
65535
65535
65535
65535
65535
65535
65535
65535
65535
65535
65535
65535
65535
65535
65535
65535
65535
65535
65535
65535
65535
65535
65535
65535
65535
65535
65535
65535
65535
65535
65535
65535
65535
65535
65535
65535
65535
65535
65535
65535
65535
65535
65535
65535
65535
65535
65535
65535
65535
65535
65535
65535
65535
65535
65535
65535
65535
65535
65535
65535
65535
65535
65535
65535
65535
65535
65535
65535
65535
65535
65535
65535
65535
65535
65535
65535
65535
65535
65535
65535
65535
65535
65535
65535
65535
65535
65535
65535
65535
65535
65535
65535
65535
65535
65535
65535
65535
65535
65535
65535
65535
65535
65535
65535
65535
65535
65535
65535
65535
65535
65535
65535
65535
65535
65535
65535
65535
65535
65535
65535
65535
65535
65535
65535
65535
65535
65535
65535
65535
65535
65535
65535
65535
65535
65535
65535
65535
65535
65535
65535
65535
65535
65535
65535
65535
65535
65535
65535
65535
65535
65535
65535
65535
65535
65535
65535
65535
65535
65535
65535
65535
65535
65535
65535
65535
65535
65535
65535
65535
65535
65535
65535
65535
65535
65535
65535
65535
65535
65535
65535
65535
65535
65535
65535
65535
65535
65535
65535
65535
65535
65535
65535
65535
65535
65535
65535
65535
65535
65535
65535
65535
65535
65535
65535
65535
65535
65535
65535
65535
65535
65535
65535
65535
65535
65535
65535
65535
65535
65535
65535
65535
65535
65535
65535
65535
65535
65535
65535
65535
65535
65535
65535
65535
65535
65535
65535
65535
65535
65535
65535
65535
65535
65535
65535
65535
65535
65535
65535
65535
65535
65535
65535
65535
65535
65535
65535
65535
65535
65535
65535
65535
65535
65535
65535
65535
65535
65535
65535
65535
65535
65535
65535
65535
65535
65535
65535
65535
65535
65535
65535
65535
65535
65535
65535
65535
65535
65535
65535
65535
65535
65535
65535
65535
65535
65535
65535
65535
65535
65535
65535
65535
65535
65535
65535
65535
65535
65535
65535
65535
65535
65535
65535
65535
65535
65535
65535
65535
65535
65535
65535
65535
65535
65535
65535
65535
65535
65535
65535
65535
65535
65535
65535
65535
65535
65535
65535
65535
65535
65535
65535
65535
65535
65535
65535
65535
65535
65535
65535
65535
65535
65535
65535
65535
65535
65535
65535
65535
65535
65535
65535
65535
65535
65535
65535
65535
65535
65535
65535
65535
65535
65535
65535
65535
65535
65535
65535
65535
65535
65535
65535
65535
65535
65535
65535
65535
65535
65535
65535
65535
65535
65535
65535
65535
65535
65535
65535
65535
65535
65535
65535
65535
65535
65535
65535
65535
65535
65535
65535
65535
65535
65535
65535
65535
65535
65535
65535
65535
65535
65535
65535
65535
65535
65535
65535
65535
65535
65535
65535
65535
65535
65535
65535
65535
65535
65535
65535
65535
65535
65535
65535
65535
65535
65535
65535
65535
65535
65535
65535
65535
65535
65535
65535
65535
65535
65535
65535
65535
65535
65535
65535
65535
65535
65535
65535
65535
65535
65535
65535
65535
65535
65535
65535
65535
65535
65535
65535
65535
65535
65535
65535
65535
65535
65535
65535
65535
65535
65535
65535
65535
65535
65535
65535
65535
65535
65535
65535
65535
65535
65535
65535
65535
65535
65535
65535
65535
65535
65535
65535
65535
65535
65535
65535
65535
65535
65535
65535
65535
65535
65535
65535
65535
65535
65535
65535
65535
65535
65535
65535
65535
65535
65535
65535
65535
65535
65535
65535
65535
65535
65535
65535
65535
65535
65535
65535
65535
65535
65535
65535
65535
65535
65535
65535
65535
65535
65535
65535
65535
65535
65535
65535
65535
65535
65535
65535
65535
65535
65535
65535
65535
65535
65535
65535
65535
65535
65535
65535
65535
65535
65535
65535
65535
65535
65535
65535
65535
65535
65535
65535
65535
65535
65535
65535
65535
65535
65535
65535
65535
65535
65535
65535
65535
65535
65535
65535
65535
65535
65535
65535
65535
65535
65535
65535
65535
65535
65535
65535
65535
65535
65535
65535
65535
65535
65535
65535
65535
65535
65535
65535
65535
65535
65535
65535
65535
65535
65535
65535
65535
65535
65535
65535
65535
65535
65535
65535
65535
65535
65535
65535
65535
65535
65535
65535
65535
65535
65535
65535
65535
65535
65535
65535
65535
65535
65535
65535
65535
65535
65535
65535
65535
65535
65535
65535
65535
65535
65535
65535
65535
65535
65535
65535
65535
65535
65535
65535
65535
65535
65535
65535
65535
65535
65535
65535
65535
65535
65535
65535
65535
65535
65535
65535
65535
65535
65535
65535
65535
65535
65535
65535
65535
65535
65535
65535
65535
65535
65535
65535
65535
65535
65535
65535
65535
65535
65535
65535
65535
65535
65535
65535
65535
65535
65535
65535
65535
65535
65535
65535
65535
65535
65535
65535
65535
65535
65535
65535
65535
65535
65535
65535
65535
65535
65535
65535
65535
65535
65535
65535
65535
65535
65535
65535
65535
65535
65535
65535
65535
65535
65535
65535
65535
65535
65535
65535
65535
65535
65535
65535
65535
65535
65535
65535
65535
65535
65535
65535
65535
65535
65535
65535
65535
65535
65535
65535
65535
65535
65535
65535
65535
65535
65535
65535
65535
65535
65535
65535
65535
65535
65535
65535
65535
65535
65535
65535
65535
65535
65535
65535
65535
65535
65535
65535
65535
65535
65535
65535
65535
65535
65535
65535
65535
65535
65535
65535
65535
65535
65535
65535
65535
65535
65535
65535
65535
65535
65535
65535
65535
65535
65535
65535
65535
65535
65535
65535
65535
65535
65535
65535
65535
65535
65535
65535
65535
65535
65535
65535
65535
65535
65535
65535
65535
65535
65535
65535
65535
65535
65535
65535
65535
65535
65535
65535
65535
65535
65535
65535
65535
65535
65535
65535
65535
65535
65535
65535
65535
65535
65535
65535
65535
65535
65535
65535
65535
65535
65535
65535
65535
65535
65535
65535
65535
65535
65535
65535
65535
65535
65535
65535
65535
65535
65535
65535
65535
65535
65535
65535
65535
65535
65535
65535
65535
65535
65535
65535
65535
65535
65535
65535
65535
65535
65535
65535
65535
65535
65535
65535
65535
65535
65535
65535
65535
65535
65535
65535
65535
65535
65535
65535
65535
65535
65535
65535
65535
65535
65535
65535
65535
65535
65535
65535
65535
65535
65535
65535
65535
65535
65535
65535
65535
65535
65535
65535
65535
65535
65535
65535
65535
65535
65535
65535
65535
65535
65535
65535
65535
65535
65535
65535
65535
65535
65535
65535
65535
65535
65535
65535
65535
65535
65535
65535
65535
65535
65535
65535
65535
65535
65535
65535
65535
65535
65535
65535
65535
65535
65535
65535
65535
65535
65535
65535
65535
65535
65535
65535
65535
65535
65535
65535
65535
65535
65535
65535
65535
65535
65535
65535
65535
65535
65535
65535
65535
65535
65535
65535
65535
65535
65535
65535
65535
65535
65535
65535
65535
65535
65535
65535
65535
65535
65535
65535
65535
65535
65535
65535
65535
65535
65535
65535
65535
65535
65535
65535
65535
65535
65535
65535
65535
65535
65535
65535
65535
65535
65535
65535
65535
65535
65535
65535
65535
65535
65535
65535
65535
65535
65535
65535
65535
65535
65535
65535
65535
65535
65535
65535
65535
65535
65535
65535
65535
65535
65535
65535
65535
65535
65535
65535
65535
65535
65535
65535
65535
65535
65535
65535
65535
65535
65535
65535
65535
65535
65535
65535
65535
65535
65535
65535
65535
65535
65535
65535
65535
65535
65535
65535
65535
65535
65535
65535
65535
65535
65535
65535
65535
65535
65535
65535
65535
65535
65535
65535
65535
65535
65535
65535
65535
65535
65535
65535
65535
65535
65535
65535
65535
65535
65535
65535
65535
65535
65535
65535
65535
65535
65535
65535
65535
65535
65535
65535
65535
65535
65535
65535
65535
65535
65535
65535
65535
65535
65535
65535
65535
65535
65535
65535
65535
65535
65535
65535
65535
65535
65535
65535
65535
65535
65535
65535
65535
65535
65535
65535
65535
65535
65535
65535
65535
65535
65535
65535
65535
65535
65535
65535
65535
65535
65535
65535
65535
65535
65535
65535
65535
65535
65535
65535
65535
65535
65535
65535
65535
65535
65535
65535
65535
65535
65535
65535
65535
65535
65535
65535
65535
65535
65535
65535
65535
65535
65535
65535
65535
65535
65535
65535
65535
65535
65535
65535
65535
65535
65535
65535
65535
65535
65535
65535
65535
65535
65535
65535
65535
65535
65535
65535
65535
65535
65535
65535
65535
65535
65535
65535
65535
65535
65535
65535
65535
65535
65535
65535
65535
65535
65535
65535
65535
65535
65535
65535
65535
65535
65535
65535
65535
65535
65535
65535
65535
65535
65535
65535
65535
65535
65535
65535
65535
65535
65535
65535
65535
65535
65535
65535
65535
65535
65535
65535
65535
65535
65535
65535
65535
65535
65535
65535
65535
65535
65535
65535
65535
65535
65535
65535
65535
65535
65535
65535
65535
65535
65535
65535
65535
65535
65535
65535
65535
65535
65535
65535
65535
65535
65535
65535
65535
65535
65535
65535
65535
65535
65535
65535
65535
65535
65535
65535
65535
65535
65535
65535
65535
65535
65535
65535
65535
65535
65535
65535
65535
65535
65535
65535
65535
65535
65535
65535
65535
65535
65535
65535
65535
65535
65535
65535
65535
65535
65535
65535
65535
65535
65535
65535
65535
65535
65535
65535
65535
65535
65535
65535
65535
65535
65535
65535
65535
65535
65535
65535
65535
65535
65535
65535
65535
65535
65535
65535
65535
65535
65535
65535
65535
65535
65535
65535
65535
65535
65535
65535
65535
65535
65535
65535
65535
65535
65535
65535
65535
65535
65535
65535
65535
65535
65535
65535
65535
65535
65535
65535
65535
65535
65535
65535
65535
65535
65535
65535
65535
65535
65535
65535
65535
65535
65535
65535
65535
65535
65535
65535
65535
65535
65535
65535
65535
65535
65535
65535
65535
65535
65535
65535
65535
65535
65535
65535
65535
65535
65535
65535
65535
65535
65535
65535
65535
65535
65535
65535
65535
65535
65535
65535
65535
65535
65535
65535
65535
65535
65535
65535
65535
65535
65535
65535
65535
65535
65535
65535
65535
65535
65535
65535
65535
65535
65535
65535
65535
65535
65535
65535
65535
65535
65535
65535
65535
65535
65535
65535
65535
65535
65535
65535
65535
65535
65535
65535
65535
65535
65535
65535
65535
65535
65535
65535
65535
65535
65535
65535
65535
65535
65535
65535
65535
65535
65535
65535
65535
65535
65535
65535
65535
65535
65535
65535
65535
65535
65535
65535
65535
65535
65535
65535
65535
65535
65535
65535
65535
65535
65535
65535
65535
65535
65535
65535
65535
65535
65535
65535
65535
65535
65535
65535
65535
65535
65535
65535
65535
65535
65535
65535
65535
65535
65535
65535
65535
65535
65535
65535
65535
65535
65535
65535
65535
65535
65535
65535
65535
65535
65535
65535
65535
65535
65535
65535
65535
65535
65535
65535
65535
65535
65535
65535
65535
65535
65535
65535
65535
65535
65535
65535
65535
65535
65535
65535
65535
65535
65535
65535
65535
65535
65535
65535
65535
65535
65535
65535
65535
65535
65535
65535
65535
65535
65535
65535
65535
65535
65535
65535
65535
65535
65535
65535
65535
65535
65535
65535
65535
65535
65535
65535
65535
65535
65535
65535
65535
65535
65535
65535
65535
65535
65535
65535
65535
65535
65535
65535
65535
65535
65535
65535
65535
65535
65535
65535
65535
65535
65535
65535
65535
65535
65535
65535
65535
65535
65535
65535
65535
65535
65535
65535
65535
65535
65535
65535
65535
65535
65535
65535
65535
65535
65535
65535
65535
65535
65535
65535
65535
65535
65535
65535
65535
65535
65535
65535
65535
65535
65535
65535
65535
65535
65535
65535
65535
65535
65535
65535
65535
65535
65535
65535
65535
65535
65535
65535
65535
65535
65535
65535
65535
65535
65535
65535
65535
65535
65535
65535
65535
65535
65535
65535
65535
65535
65535
65535
65535
65535
65535
65535
65535
65535
65535
65535
65535
65535
65535
65535
65535
65535
65535
65535
65535
65535
65535
65535
65535
65535
65535
65535
65535
65535
65535
65535
65535
65535
65535
65535
65535
65535
65535
65535
65535
65535
65535
65535
65535
65535
65535
65535
65535
65535
65535
65535
65535
65535
65535
65535
65535
65535
65535
65535
65535
65535
65535
65535
65535
65535
65535
65535
65535
65535
65535
65535
65535
65535
65535
65535
65535
65535
65535
65535
65535
65535
65535
65535
65535
65535
65535
65535
65535
65535
65535
65535
65535
65535
65535
65535
65535
65535
65535
65535
65535
65535
65535
65535
65535
65535
65535
65535
65535
65535
65535
65535
65535
65535
65535
65535
65535
65535
65535
65535
65535
65535
65535
65535
65535
65535
65535
65535
65535
65535
65535
65535
65535
65535
65535
65535
65535
65535
65535
65535
65535
65535
65535
65535
65535
65535
65535
65535
65535
65535
65535
65535
65535
65535
65535
65535
65535
65535
65535
65535
65535
65535
65535
65535
65535
65535
65535
65535
65535
65535
65535
65535
65535
65535
65535
65535
65535
65535
65535
65535
65535
65535
65535
65535
65535
65535
65535
65535
65535
65535
65535
65535
65535
65535
65535
65535
65535
65535
65535
65535
65535
65535
65535
65535
65535
65535
65535
65535
65535
65535
65535
65535
65535
65535
65535
65535
65535
65535
65535
65535
65535
65535
65535
65535
65535
65535
65535
65535
65535
65535
65535
65535
65535
65535
65535
65535
65535
65535
65535
65535
65535
65535
65535
65535
65535
65535
65535
65535
65535
65535
65535
65535
65535
65535
65535
65535
65535
65535
65535
65535
65535
65535
65535
65535
65535
65535
65535
65535
65535
65535
65535
65535
65535
65535
65535
65535
65535
65535
65535
65535
65535
65535
65535
65535
65535
65535
65535
65535
65535
65535
65535
65535
65535
65535
65535
65535
65535
65535
65535
65535
65535
65535
65535
65535
65535
65535
65535
65535
65535
65535
65535
65535
65535
65535
65535
65535
65535
65535
65535
65535
65535
65535
65535
65535
65535
65535
65535
65535
65535
65535
65535
65535
65535
65535
65535
65535
65535
65535
65535
65535
65535
65535
65535
65535
65535
65535
65535
65535
65535
65535
65535
65535
65535
65535
65535
65535
65535
65535
65535
65535
65535
65535
65535
65535
65535
65535
65535
65535
65535
65535
65535
65535
65535
65535
65535
65535
65535
65535
65535
65535
65535
65535
65535
65535
65535
65535
65535
65535
65535
65535
65535
65535
65535
65535
65535
65535
65535
65535
65535
65535
65535
65535
65535
65535
65535
65535
65535
65535
65535
65535
65535
65535
65535
65535
65535
65535
65535
65535
65535
65535
65535
65535
65535
65535
65535
65535
65535
65535
65535
65535
65535
65535
65535
65535
65535
65535
65535
65535
65535
65535
65535
65535
65535
65535
65535
65535
65535
65535
65535
65535
65535
65535
65535
65535
65535
65535
65535
65535
65535
65535
65535
65535
65535
65535
65535
65535
65535
65535
65535
65535
65535
65535
65535
65535
65535
65535
65535
65535
65535
65535
65535
65535
65535
65535
65535
65535
65535
65535
65535
65535
65535
65535
65535
65535
65535
65535
65535
65535
65535
65535
65535
65535
65535
65535
65535
65535
65535
65535
65535
65535
65535
65535
65535
65535
65535
65535
65535
65535
65535
65535
65535
65535
65535
65535
65535
65535
65535
65535
65535
65535
65535
65535
65535
65535
65535
65535
65535
65535
65535
65535
65535
65535
65535
65535
65535
65535
65535
65535
65535
65535
65535
65535
65535
65535
65535
65535
65535
65535
65535
65535
65535
65535
65535
65535
65535
65535
65535
65535
65535
65535
65535
65535
65535
65535
65535
65535
65535
65535
65535
65535
65535
65535
65535
65535
65535
65535
65535
65535
65535
65535
65535
65535
65535
65535
65535
65535
65535
65535
65535
65535
65535
65535
65535
65535
65535
65535
65535
65535
65535
65535
65535
65535
65535
65535
65535
65535
65535
65535
65535
65535
65535
65535
65535
65535
65535
65535
65535
65535
65535
65535
65535
65535
65535
65535
65535
65535
65535
65535
65535
65535
65535
65535
65535
65535
65535
65535
65535
65535
65535
65535
65535
65535
65535
65535
65535
65535
65535
65535
65535
65535
65535
65535
65535
65535
65535
65535
65535
65535
65535
65535
65535
65535
65535
65535
65535
65535
65535
65535
65535
65535
65535
65535
65535
65535
65535
65535
65535
65535
65535
65535
65535
65535
65535
65535
65535
65535
65535
65535
65535
65535
65535
65535
65535
65535
65535
65535
65535
65535
65535
65535
65535
65535
65535
65535
65535
65535
65535
65535
65535
65535
65535
65535
65535
65535
65535
65535
65535
65535
65535
65535
65535
65535
65535
65535
65535
65535
65535
65535
65535
65535
65535
65535
65535
65535
65535
65535
65535
65535
65535
65535
65535
65535
65535
65535
65535
65535
65535
65535
65535
65535
65535
65535
65535
65535
65535
65535
65535
65535
65535
65535
65535
65535
65535
65535
65535
65535
65535
65535
65535
65535
65535
65535
65535
65535
65535
65535
65535
65535
65535
65535
65535
65535
65535
65535
65535
65535
65535
65535
65535
65535
65535
65535
65535
65535
65535
65535
65535
65535
65535
65535
65535
65535
65535
65535
65535
65535
65535
65535
65535
65535
65535
65535
65535
65535
65535
65535
65535
65535
65535
65535
65535
65535
65535
65535
65535
65535
65535
65535
65535
65535
65535
65535
65535
65535
65535
65535
65535
65535
65535
65535
65535
65535
65535
65535
65535
65535
65535
65535
65535
65535
65535
65535
65535
65535
65535
65535
65535
65535
65535
65535
65535
65535
65535
65535
65535
65535
65535
65535
65535
65535
65535
65535
65535
65535
65535
65535
65535
65535
65535
65535
65535
65535
65535
65535
65535
65535
65535
65535
65535
65535
65535
65535
65535
65535
65535
65535
65535
65535
65535
65535
65535
65535
65535
65535
65535
65535
65535
65535
65535
65535
65535
65535
65535
65535
65535
65535
65535
65535
65535
65535
65535
65535
65535
65535
65535
65535
65535
65535
65535
65535
65535
65535
65535
65535
65535
65535
65535
65535
65535
65535
65535
65535
65535
65535
65535
65535
65535
65535
65535
65535
65535
65535
65535
65535
65535
65535
65535
65535
65535
65535
65535
65535
65535
65535
65535
65535
65535
65535
65535
65535
65535
65535
65535
65535
65535
65535
65535
65535
65535
65535
65535
65535
65535
65535
65535
65535
65535
65535
65535
65535
65535
65535
65535
65535
65535
65535
65535
65535
65535
65535
65535
65535
65535
65535
65535
65535
65535
65535
65535
65535
65535
65535
65535
65535
65535
65535
65535
65535
65535
65535
65535
65535
65535
65535
65535
65535
65535
65535
65535
65535
65535
65535
65535
65535
65535
65535
65535
65535
65535
65535
65535
65535
65535
65535
65535
65535
65535
65535
65535
65535
65535
65535
65535
65535
65535
65535
65535
65535
65535
65535
65535
65535
65535
65535
65535
65535
65535
65535
65535
65535
65535
65535
65535
65535
65535
65535
65535
65535
65535
65535
65535
65535
65535
65535
65535
65535
65535
65535
65535
65535
65535
65535
65535
65535
65535
65535
65535
65535
65535
65535
65535
65535
65535
65535
65535
65535
65535
65535
65535
65535
65535
65535
65535
65535
65535
65535
65535
65535
65535
65535
65535
65535
65535
65535
65535
65535
65535
65535
65535
65535
65535
65535
65535
65535
65535
65535
65535
65535
65535
65535
65535
65535
65535
65535
65535
65535
65535
65535
65535
65535
65535
65535
65535
65535
65535
65535
65535
65535
65535
65535
65535
65535
65535
65535
65535
65535
65535
65535
65535
65535
65535
65535
65535
65535
65535
65535
65535
65535
65535
65535
65535
65535
65535
65535
65535
65535
65535
65535
65535
65535
65535
65535
65535
65535
65535
65535
65535
65535
65535
65535
65535
65535
65535
65535
65535
65535
65535
65535
65535
65535
65535
65535
65535
65535
65535
65535
65535
65535
65535
65535
65535
65535
65535
65535
65535
65535
65535
65535
65535
65535
65535
65535
65535
65535
65535
65535
65535
65535
65535
65535
65535
65535
65535
65535
65535
65535
65535
65535
65535
65535
65535
65535
65535
65535
65535
65535
65535
65535
65535
65535
65535
65535
65535
65535
65535
65535
65535
65535
65535
65535
65535
65535
65535
65535
65535
65535
65535
65535
65535
65535
65535
65535
65535
65535
65535
65535
65535
65535
65535
65535
65535
65535
65535
65535
65535
65535
65535
65535
65535
65535
65535
65535
65535
65535
65535
65535
65535
65535
65535
65535
65535
65535
65535
65535
65535
65535
65535
65535
65535
65535
65535
65535
65535
65535
65535
65535
65535
65535
65535
65535
65535
65535
65535
65535
65535
65535
65535
65535
65535
65535
65535
65535
65535
65535
65535
65535
65535
65535
65535
65535
65535
65535
65535
65535
65535
65535
65535
65535
65535
65535
65535
65535
65535
65535
65535
65535
65535
65535
65535
65535
65535
65535
65535
65535
65535
65535
65535
65535
65535
65535
65535
65535
65535
65535
65535
65535
65535
65535
65535
65535
65535
65535
65535
65535
65535
65535
65535
65535
65535
65535
65535
65535
65535
65535
65535
65535
65535
65535
65535
65535
65535
65535
65535
65535
65535
65535
65535
65535
65535
65535
65535
65535
65535
65535
65535
65535
65535
65535
65535
65535
65535
65535
65535
65535
65535
65535
65535
65535
65535
65535
65535
65535
65535
65535
65535
65535
65535
65535
65535
65535
65535
65535
65535
65535
65535
65535
65535
65535
65535
65535
65535
65535
65535
65535
65535
65535
65535
65535
65535
65535
65535
65535
65535
65535
65535
65535
65535
65535
65535
65535
65535
65535
65535
65535
65535
65535
65535
65535
65535
65535
65535
65535
65535
65535
65535
65535
65535
65535
65535
65535
65535
65535
65535
65535
65535
65535
65535
65535
65535
65535
65535
65535
65535
65535
65535
65535
65535
65535
65535
65535
65535
65535
65535
65535
65535
65535
65535
65535
65535
65535
65535
65535
65535
65535
65535
65535
65535
65535
65535
65535
65535
65535
65535
65535
65535
65535
65535
65535
65535
65535
65535
65535
65535
65535
65535
65535
65535
65535
65535
65535
65535
65535
65535
65535
65535
65535
65535
65535
65535
65535
65535
65535
65535
65535
65535
65535
65535
65535
65535
65535
65535
65535
65535
65535
65535
65535
65535
65535
65535
65535
65535
65535
65535
65535
65535
65535
65535
65535
65535
65535
65535
65535
65535
65535
65535
65535
65535
65535
65535
65535
65535
65535
65535
65535
65535
65535
65535
65535
65535
65535
65535
65535
65535
65535
65535
65535
65535
65535
65535
65535
65535
65535
65535
65535
65535
65535
65535
65535
65535
65535
65535
65535
65535
65535
65535
65535
65535
65535
65535
65535
65535
65535
65535
65535
65535
65535
65535
65535
65535
65535
65535
65535
65535
65535
65535
65535
65535
65535
65535
65535
65535
65535
65535
65535
65535
65535
65535
65535
65535
65535
65535
65535
65535
65535
65535
65535
65535
65535
65535
65535
65535
65535
65535
65535
65535
65535
65535
65535
65535
65535
65535
65535
65535
65535
65535
65535
65535
65535
65535
65535
65535
65535
65535
65535
65535
65535
65535
65535
65535
65535
65535
65535
65535
65535
65535
65535
65535
65535
65535
65535
65535
65535
65535
65535
65535
65535
65535
65535
65535
65535
65535
65535
65535
65535
65535
65535
65535
65535
65535
65535
65535
65535
65535
65535
65535
65535
65535
65535
65535
65535
65535
65535
65535
65535
65535
65535
65535
65535
65535
65535
65535
65535
65535
65535
65535
65535
65535
65535
65535
65535
65535
65535
65535
65535
65535
65535
65535
65535
65535
65535
65535
65535
65535
65535
65535
65535
65535
65535
65535
65535
65535
65535
65535
65535
65535
65535
65535
65535
65535
65535
65535
65535
65535
65535
65535
65535
65535
65535
65535
65535
65535
65535
65535
65535
65535
65535
65535
65535
65535
65535
65535
65535
65535
65535
65535
65535
65535
65535
65535
65535
65535
65535
65535
65535
65535
65535
65535
65535
65535
65535
65535
65535
65535
65535
65535
65535
65535
65535
65535
65535
65535
65535
65535
65535
65535
65535
65535
65535
65535
65535
65535
65535
65535
65535
65535
65535
65535
65535
65535
65535
65535
65535
65535
65535
65535
65535
65535
65535
65535
65535
65535
65535
65535
65535
65535
65535
65535
65535
65535
65535
65535
65535
65535
65535
65535
65535
65535
65535
65535
65535
65535
65535
65535
65535
65535
65535
65535
65535
65535
65535
65535
65535
65535
65535
65535
65535
65535
65535
65535
65535
65535
65535
65535
65535
65535
65535
65535
65535
65535
65535
65535
65535
65535
65535
65535
65535
65535
65535
65535
65535
65535
65535
65535
65535
65535
65535
65535
65535
65535
65535
65535
65535
65535
65535
65535
65535
65535
65535
65535
65535
65535
65535
65535
65535
65535
65535
65535
65535
65535
65535
65535
65535
65535
65535
65535
65535
65535
65535
65535
65535
65535
65535
65535
65535
65535
65535
65535
65535
65535
65535
65535
65535
65535
65535
65535
65535
65535
65535
65535
65535
65535
65535
65535
65535
65535
65535
65535
65535
65535
65535
65535
65535
65535
65535
65535
65535
65535
65535
65535
65535
65535
65535
65535
65535
65535
65535
65535
65535
65535
65535
65535
65535
65535
65535
65535
65535
65535
65535
65535
65535
65535
65535
65535
65535
65535
65535
65535
65535
65535
65535
65535
65535
65535
65535
65535
65535
65535
65535
65535
65535
65535
65535
65535
65535
65535
65535
65535
65535
65535
65535
65535
65535
65535
65535
65535
65535
65535
65535
65535
65535
65535
65535
65535
65535
65535
65535
65535
65535
65535
65535
65535
65535
65535
65535
65535
65535
65535
65535
65535
65535
65535
65535
65535
65535
65535
65535
65535
65535
65535
65535
65535
65535
65535
65535
65535
65535
65535
65535
65535
65535
65535
65535
65535
65535
65535
65535
65535
65535
65535
65535
65535
65535
65535
65535
65535
65535
65535
65535
65535
65535
65535
65535
65535
65535
65535
65535
65535
65535
65535
65535
65535
65535
65535
65535
65535
65535
65535
65535
65535
65535
65535
65535
65535
65535
65535
65535
65535
65535
65535
65535
65535
65535
65535
65535
65535
65535
65535
65535
65535
65535
65535
65535
65535
65535
65535
65535
65535
65535
65535
65535
65535
65535
65535
65535
65535
65535
65535
65535
65535
65535
65535
65535
65535
65535
65535
65535
65535
65535
65535
65535
65535
65535
65535
65535
65535
65535
65535
65535
65535
65535
65535
65535
65535
65535
65535
65535
65535
65535
65535
65535
65535
65535
65535
65535
65535
65535
65535
65535
65535
65535
65535
65535
65535
65535
65535
65535
65535
65535
65535
65535
65535
65535
65535
65535
65535
65535
65535
65535
65535
65535
65535
65535
65535
65535
65535
65535
65535
65535
65535
65535
65535
65535
65535
65535
65535
65535
65535
65535
65535
65535
65535
65535
65535
65535
65535
65535
65535
65535
65535
65535
65535
65535
65535
65535
65535
65535
65535
65535
65535
65535
65535
65535
65535
65535
65535
65535
65535
65535
65535
65535
65535
65535
65535
65535
65535
65535
65535
65535
65535
65535
65535
65535
65535
65535
65535
65535
65535
65535
65535
65535
65535
65535
65535
65535
65535
65535
65535
65535
65535
65535
65535
65535
65535
65535
65535
65535
65535
65535
65535
65535
65535
65535
65535
65535
65535
65535
65535
65535
65535
65535
65535
65535
65535
65535
65535
65535
65535
65535
65535
65535
65535
65535
65535
65535
65535
65535
65535
65535
65535
65535
65535
65535
65535
65535
65535
65535
65535
65535
65535
65535
65535
65535
65535
65535
65535
65535
65535
65535
65535
65535
65535
65535
65535
65535
65535
65535
65535
65535
65535
65535
65535
65535
65535
65535
65535
65535
65535
65535
65535
65535
65535
65535
65535
65535
65535
65535
65535
65535
65535
65535
65535
65535
65535
65535
65535
65535
65535
65535
65535
65535
65535
65535
65535
65535
65535
65535
65535
65535
65535
65535
65535
65535
65535
65535
65535
65535
65535
65535
65535
65535
65535
65535
65535
65535
65535
65535
65535
65535
65535
65535
65535
65535
65535
65535
65535
65535
65535
65535
65535
65535
65535
65535
65535
65535
65535
65535
65535
65535
65535
65535
65535
65535
65535
65535
65535
65535
65535
65535
65535
65535
65535
65535
65535
65535
65535
65535
65535
65535
65535
65535
65535
65535
65535
65535
65535
65535
65535
65535
65535
65535
65535
65535
65535
65535
65535
65535
65535
65535
65535
65535
65535
65535
65535
65535
65535
65535
65535
65535
65535
65535
65535
65535
65535
65535
65535
65535
65535
65535
65535
65535
65535
65535
65535
65535
65535
65535
65535
65535
65535
65535
65535
65535
65535
65535
65535
65535
65535
65535
65535
65535
65535
65535
65535
65535
65535
65535
65535
65535
65535
65535
65535
65535
65535
65535
65535
65535
65535
65535
65535
65535