0
0
1
1
1
2
3
3
3
4
5
6
7
7
8
9
10
10
11
12
12
13
14
15
16
17
18
19
20
21
21
23
24
25
26
28
29
30
31
33
34
36
37
39
40
42
43
45
46
48
49
51
52
54
56
58
59
61
63
65
67
69
71
73
76
78
80
82
83
85
87
90
92
94
96
98
100
102
104
105
107
109
111
113
115
117
119
121
123
125
127
129
132
134
136
139
141
143
146
148
151
153
155
158
160
162
165
168
170
172
174
177
180
182
184
187
189
192
194
196
198
201
203
206
208
211
213
215
217
220
223
225
228
230
233
236
238
241
244
246
249
251
254
255
257
260
263
265
267
269
272
275
277
279
281
283
286
288
290
293
296
298
300
302
305
307
309
311
313
315
317
319
321
324
326
328
331
334
336
338
341
343
345
348
351
353
355
358
361
364
366
368
370
373
375
376
379
380
382
385
386
388
390
393
395
397
399
402
403
406
409
411
413
416
418
420
423
425
427
429
432
434
435
437
440
442
444
446
449
452
454
456
458
461
463
465
468
470
472
474
476
479
481
483
486
488
491
492
494
496
498
501
503
505
507
509
511
513
515
518
520
522
524
526
528
530
532
534
536
537
539
541
543
545
546
548
550
552
555
557
559
561
562
565
567
569
571
573
575
577
579
581
582
584
586
588
590
591
593
596
597
599
601
603
604
606
608
610
612
614
615
617
619
621
622
624
626
628
630
632
634
637
638
640
641
644
645
647
649
651
653
655
657
659
661
663
665
667
668
670
671
673
675
677
679
681
682
684
685
686
688
690
692
695
696
698
699
701
703
705
706
708
710
712
713
715
717
719
721
723
725
726
728
729
731
732
734
736
737
739
741
743
744
746
748
749
751
753
756
757
759
760
762
763
766
768
770
772
774
775
777
779
781
783
785
787
789
791
793
794
796
798
800
802
803
805
807
808
811
812
814
816
818
819
821
823
825
826
828
829
831
833
834
836
838
840
842
843
845
846
848
850
852
854
856
858
860
861
864
866
867
869
871
872
874
876
878
880
882
883
885
887
889
890
892
894
895
897
899
901
903
904
906
907
908
911
913
915
917
918
920
922
924
926
928
929
931
933
935
937
939
941
942
945
947
948
950
952
954
956
958
960
962
964
966
967
969
971
973
975
976
977
979
981
983
985
987
988
990
993
995
997
998
999
1001
1003
1005
1007
1009
1011
1013
1015
1017
1019
1021
1023
1025
1028
1029
1031
1033
1034
1036
1038
1040
1042
1044
1046
1048
1050
1052
1054
1055
1058
1060
1062
1064
1066
1067
1069
1071
1073
1074
1076
1078
1080
1082
1083
1085
1087
1089
1091
1093
1095
1097
1100
1101
1103
1105
1107
1109
1111
1112
1114
1116
1118
1120
1121
1123
1126
1128
1130
1132
1134
1136
1137
1139
1140
1143
1145
1147
1149
1151
1153
1155
1157
1159
1161
1164
1165
1167
1170
1172
1173
1176
1178
1180
1182
1184
1187
1189
1192
1193
1196
1197
1199
1201
1204
1206
1209
1211
1212
1215
1217
1219
1221
1223
1225
1228
1230
1231
1234
1235
1237
1239
1241
1244
1245
1247
1249
1251
1253
1255
1257
1260
1263
1265
1267
1269
1272
1274
1276
1278
1281
1283
1286
1288
1290
1291
1293
1296
1298
1300
1303
1305
1307
1309
1311
1314
1316
1318
1320
1322
1324
1327
1328
1331
1333
1336
1338
1340
1342
1344
1347
1349
1351
1353
1356
1358
1361
1363
1366
1368
1370
1372
1374
1376
1378
1381
1384
1386
1388
1390
1393
1395
1398
1400
1402
1404
1406
1409
1411
1414
1417
1419
1422
1424
1427
1429
1431
1434
1436
1439
1442
1444
1446
1449
1452
1454
1456
1459
1461
1463
1466
1468
1471
1473
1475
1477
1480
1482
1484
1486
1489
1491
1494
1496
1499
1501
1504
1507
1509
1511
1513
1516
1519
1521
1523
1525
1527
1531
1533
1535
1538
1540
1543
1546
1549
1552
1555
1558
1560
1563
1566
1568
1571
1573
1576
1579
1581
1583
1586
1589
1592
1594
1597
1600
1603
1606
1609
1612
1614
1616
1618
1620
1623
1626
1628
1630
1634
1636
1638
1641
1644
1646
1648
1651
1654
1656
1659
1662
1665
1668
1670
1674
1676
1679
1682
1684
1687
1690
1692
1696
1699
1702
1704
1707
1709
1712
1715
1718
1721
1724
1727
1730
1733
1735
1738
1742
1745
1748
1751
1754
1756
1759
1762
1765
1768
1771
1774
1776
1780
1783
1786
1790
1792
1795
1798
1801
1804
1807
1810
1813
1815
1818
1820
1823
1827
1829
1832
1835
1839
1842
1845
1848
1851
1854
1857
1860
1864
1867
1870
1873
1876
1879
1882
1886
1889
1892
1895
1899
1902
1906
1909
1911
1914
1918
1921
1924
1927
1930
1933
1937
1940
1943
1946
1951
1954
1957
1961
1965
1968
1971
1975
1978
1980
1983
1987
1990
1993
1996
1999
2003
2007
2010
2014
2017
2020
2023
2027
2030
2034
2038
2042
2045
2048
2051
2055
2058
2061
2064
2068
2071
2074
2078
2081
2084
2088
2091
2095
2099
2103
2106
2110
2113
2116
2119
2122
2126
2130
2133
2136
2140
2143
2147
2150
2153
2157
2160
2163
2166
2169
2173
2176
2180
2184
2188
2191
2195
2200
2203
2207
2211
2215
2219
2223
2227
2231
2235
2238
2241
2245
2249
2253
2256
2259
2263
2266
2270
2274
2278
2282
2286
2289
2292
2297
2301
2304
2307
2311
2315
2319
2323
2327
2331
2334
2338
2342
2345
2349
2353
2356
2360
2364
2367
2371
2374
2378
2382
2386
2391
2393
2397
2401
2405
2408
2413
2417
2420
2424
2428
2431
2435
2439
2443
2447
2452
2455
2459
2463
2467
2470
2474
2478
2482
2486
2490
2494
2498
2501
2505
2509
2513
2517
2521
2525
2529
2534
2538
2542
2546
2550
2554
2559
2562
2566
2569
2573
2577
2580
2585
2590
2594
2598
2603
2607
2611
2616
2620
2625
2630
2635
2639
2643
2646
2650
2655
2659
2664
2667
2671
2675
2680
2684
2687
2692
2696
2700
2705
2708
2713
2717
2721
2725
2730
2734
2739
2744
2748
2752
2757
2763
2768
2772
2776
2781
2786
2790
2794
2798
2802
2806
2811
2814
2819
2823
2827
2832
2836
2840
2844
2847
2852
2856
2861
2865
2870
2875
2878
2883
2887
2891
2895
2899
2904
2909
2914
2918
2922
2927
2932
2936
2940
2945
2950
2954
2959
2963
2968
2972
2977
2981
2986
2990
2994
2998
3003
3007
3012
3016
3020
3025
3029
3033
3038
3042
3047
3052
3056
3061
3066
3070
3074
3078
3083
3089
3093
3098
3102
3107
3111
3116
3121
3126
3131
3135
3139
3144
3149
3154
3158
3164
3168
3173
3178
3182
3188
3193
3198
3202
3207
3211
3215
3220
3225
3230
3234
3238
3243
3248
3252
3257
3262
3266
3270
3275
3280
3284
3289
3293
3297
3302
3308
3313
3318
3323
3329
3335
3339
3344
3350
3354
3359
3365
3369
3374
3378
3383
3388
3393
3399
3403
3408
3414
3419
3423
3429
3434
3438
3442
3447
3452
3456
3461
3466
3471
3476
3480
3485
3489
3494
3498
3504
3508
3514
3519
3523
3528
3534
3538
3543
3548
3553
3557
3563
3567
3572
3577
3582
3586
3591
3597
3602
3606
3610
3616
3621
3626
3632
3637
3642
3647
3652
3657
3661
3666
3671
3676
3681
3686
3691
3695
3700
3706
3711
3716
3720
3725
3729
3734
3739
3743
3749
3754
3759
3763
3769
3774
3779
3784
3789
3794
3800
3806
3811
3815
3821
3825
3831
3837
3842
3848
3853
3858
3863
3868
3874
3878
3884
3889
3894
3899
3903
3908
3914
3919
3924
3930
3934
3939
3946
3951
3957
3963
3967
3973
3979
3985
3990
3994
4000
4005
4011
4016
4022
4027
4032
4036
4042
4047
4052
4057
4062
4067
4073
4078
4084
4089
4094
4100
4106
4111
4116
4122
4126
4132
4137
4142
4148
4154
4158
4163
4169
4174
4179
4184
4189
4194
4199
4204
4209
4214
4220
4225
4231
4236
4241
4247
4253
4258
4263
4268
4273
4278
4283
4288
4293
4298
4303
4309
4313
4319
4325
4331
4337
4343
4348
4354
4361
4367
4372
4378
4383
4388
4394
4400
4406
4411
4417
4424
4429
4434
4439
4444
4450
4457
4461
4467
4473
4478
4484
4489
4495
4500
4506
4511
4516
4522
4527
4533
4538
4543
4549
4554
4560
4566
4571
4577
4583
4587
4593
4599
4604
4609
4615
4621
4628
4632
4638
4644
4650
4654
4660
4665
4670
4676
4681
4686
4692
4698
4704
4709
4715
4720
4726
4731
4737
4743
4748
4753
4758
4764
4770
4775
4780
4786
4791
4797
4802
4807
4814
4820
4825
4830
4836
4842
4847
4852
4858
4863
4869
4874
4881
4887
4893
4899
4904
4910
4916
4921
4928
4933
4939
4945
4950
4955
4960
4966
4971
4977
4982
4988
4993
4999
5004
5009
5015
5020
5026
5031
5037
5042
5047
5052
5057
5063
5069
5075
5081
5086
5092
5098
5104
5109
5115
5120
5125
5130
5135
5142
5147
5153
5158
5164
5169
5175
5181
5187
5193
5199
5204
5208
5214
5219
5226
5231
5237
5242
5248
5255
5260
5266
5272
5276
5282
5288
5294
5299
5304
5309
5315
5321
5327
5333
5339
5346
5351
5357
5363
5369
5373
5379
5384
5389
5396
5401
5406
5411
5416
5422
5427
5433
5438
5444
5448
5454
5460
5466
5472
5477
5482
5489
5494
5500
5506
5511
5517
5522
5527
5533
5539
5545
5549
5554
5559
5565
5572
5577
5583
5588
5593
5598
5604
5610
5615
5621
5627
5633
5638
5643
5649
5653
5659
5664
5668
5675
5680
5686
5692
5697
5703
5707
5713
5718
5724
5730
5736
5742
5747
5752
5758
5764
5768
5774
5780
5785
5791
5796
5802
5808
5813
5818
5824
5829
5835
5841
5846
5851
5857
5862
5868
5873
5878
5883
5888
5894
5899
5905
5909
5915
5920
5926
5932
5938
5943
5949
5954
5959
5964
5969
5975
5980
5985
5991
5997
6003
6008
6014
6019
6025
6030
6035
6040
6045
6050
6056
6061
6066
6071
6076
6081
6087
6092
6097
6102
6107
6112
6117
6122
6128
6133
6138
6144
6148
6154
6159
6164
6168
6173
6179
6183
6187
6192
6197
6201
6206
6211
6216
6221
6226
6231
6237
6242
6247
6252
6257
6262
6266
6270
6275
6280
6284
6288
6293
6298
6303
6308
6312
6317
6322
6327
6331
6336
6342
6346
6351
6355
6359
6364
6369
6373
6378
6383
6388
6392
6396
6400
6405
6409
6414
6418
6423
6427
6433
6438
6443
6447
6451
6455
6460
6464
6469
6473
6478
6482
6486
6491
6494
6498
6502
6507
6511
6515
6520
6524
6529
6533
6536
6540
6544
6549
6553
6558
6562
6566
6569
6574
6578
6583
6588
6592
6596
6601
6605
6609
6614
6618
6622
6627
6631
6636
6639
6643
6648
6652
6656
6660
6663
6667
6671
6675
6679
6683
6687
6691
6695
6700
6705
6709
6714
6718
6722
6726
6730
6735
6739
6742
6747
6751
6755
6759
6762
6766
6771
6775
6779
6782
6787
6791
6795
6800
6805
6809
6813
6817
6821
6825
6829
6833
6838
6842
6845
6850
6854
6858
6863
6867
6870
6874
6878
6882
6887
6892
6896
6901
6904
6908
6913
6917
6921
6925
6929
6934
6938
6942
6946
6950
6954
6958
6962
6965
6970
6974
6979
6983
6987
6991
6994
6999
7003
7007
7011
7016
7020
7024
7029
7033
7038
7042
7047
7051
7055
7060
7065
7069
7073
7078
7083
7087
7091
7096
7100
7104
7109
7113
7117
7121
7126
7130
7134
7138
7143
7148
7152
7157
7162
7167
7172
7177
7181
7186
7190
7195
7199
7203
7207
7212
7216
7222
7226
7232
7237
7241
7246
7250
7255
7259
7264
7269
7273
7277
7282
7286
7291
7295
7301
7306
7310
7314
7319
7324
7328
7333
7338
7343
7348
7353
7358
7362
7367
7372
7378
7383
7389
7393
7399
7403
7408
7413
7417
7423
7428
7433
7437
7442
7447
7453
7457
7462
7467
7472
7477
7482
7486
7493
7497
7502
7507
7512
7517
7522
7526
7532
7537
7542
7548
7553
7558
7563
7568
7572
7578
7582
7587
7593
7598
7604
7610
7614
7621
7626
7632
7637
7643
7648
7654
7659
7664
7670
7676
7682
7688
7694
7701
7706
7712
7717
7722
7728
7733
7738
7744
7750
7755
7761
7767
7772
7777
7783
7788
7793
7799
7805
7811
7817
7822
7827
7833
7839
7844
7849
7855
7862
7869
7874
7880
7886
7892
7897
7903
7908
7914
7921
7926
7932
7938
7944
7950
7957
7962
7968
7974
7980
7987
7992
7998
8004
8009
8014
8020
8027
8033
8037
8043
8049
8056
8063
8068
8074
8080
8085
8092
8098
8105
8111
8118
8123
8130
8136
8141
8147
8154
8161
8167
8174
8180
8186
8192
8198
8205
8212
8218
8225
8232
8238
8245
8252
8258
8263
8269
8276
8282
8288
8294
8300
8306
8313
8320
8326
8333
8339
8346
8353
8359
8365
8371
8378
8385
8392
8399
8406
8413
8420
8427
8434
8441
8448
8454
8461
8467
8474
8481
8488
8495
8502
8509
8516
8524
8531
8538
8545
8552
8560
8567
8574
8582
8590
8598
8606
8613
8620
8628
8635
8642
8650
8658
8666
8673
8680
8688
8695
8702
8709
8716
8724
8731
8738
8744
8752
8759
8767
8775
8782
8790
8797
8804
8811
8818
8824
8830
8838
8846
8853
8860
8867
8875
8882
8890
8898
8906
8914
8922
8930
8938
8945
8953
8961
8969
8977
8985
8992
8999
9008
9016
9024
9034
9041
9049
9056
9064
9072
9081
9090
9098
9106
9115
9123
9130
9139
9147
9156
9164
9172
9181
9190
9198
9207
9216
9225
9233
9242
9251
9260
9269
9277
9285
9293
9302
9310
9319
9328
9336
9344
9352
9361
9369
9378
9388
9397
9406
9414
9423
9431
9441
9450
9460
9469
9478
9487
9495
9504
9514
9524
9534
9543
9550
9559
9568
9577
9587
9596
9605
9613
9623
9632
9641
9651
9660
9671
9679
9689
9697
9707
9716
9725
9734
9744
9754
9764
9773
9783
9793
9803
9811
9821
9831
9841
9850
9859
9869
9879
9888
9898
9907
9917
9927
9937
9947
9958
9969
9980
9992
10002
10012
10022
10031
10041
10051
10061
10071
10081
10091
10101
10111
10122
10132
10141
10152
10162
10171
10180
10191
10200
10209
10220
10230
10240
10251
10262
10271
10281
10292
10302
10312
10321
10331
10341
10352
10364
10375
10386
10397
10408
10419
10430
10440
10450
10462
10472
10483
10494
10505
10516
10527
10538
10548
10560
10571
10582
10593
10604
10615
10625
10635
10646
10659
10671
10682
10693
10706
10717
10728
10740
10753
10766
10778
10790
10802
10816
10828
10841
10854
10867
10879
10891
10904
10916
10928
10941
10953
10966
10977
10990
11003
11016
11030
11043
11054
11067
11081
11094
11107
11119
11131
11144
11156
11168
11181
11194
11208
11220
11233
11246
11259
11272
11284
11298
11311
11324
11337
11350
11363
11376
11390
11403
11418
11432
11444
11457
11470
11484
11497
11511
11526
11540
11552
11565
11579
11593
11607
11621
11634
11649
11664
11678
11692
11705
11721
11734
11748
11762
11775
11790
11804
11819
11834
11846
11860
11875
11890
11905
11919
11932
11947
11962
11977
11991
12006
12021
12037
12052
12068
12085
12098
12114
12128
12145
12161
12176
12191
12207
12224
12239
12254
12270
12286
12302
12317
12334
12351
12366
12381
12399
12415
12431
12448
12465
12482
12498
12514
12531
12546
12563
12578
12594
12612
12629
12646
12661
12677
12693
12710
12726
12742
12760
12778
12795
12812
12830
12847
12863
12881
12897
12915
12933
12950
12967
12986
13004
13022
13038
13057
13075
13093
13110
13128
13144
13165
13185
13204
13223
13241
13259
13276
13294
13313
13330
13350
13370
13389
13408
13427
13446
13466
13488
13508
13528
13546
13566
13585
13605
13624
13643
13663
13683
13703
13724
13743
13762
13782
13802
13822
13842
13862
13884
13903
13923
13946
13968
13988
14009
14029
14051
14071
14092
14112
14132
14155
14175
14197
14221
14243
14264
14285
14306
14328
14350
14374
14395
14418
14440
14462
14487
14510
14534
14558
14581
14604
14628
14651
14674
14697
14719
14743
14768
14792
14815
14839
14861
14884
14907
14932
14959
14983
15008
15032
15057
15082
15105
15131
15154
15178
15204
15229
15252
15278
15304
15329
15355
15382
15407
15433
15460
15485
15512
15538
15565
15593
15619
15645
15672
15697
15724
15752
15780
15806
15832
15860
15889
15914
15942
15970
15999
16028
16055
16081
16110
16138
16169
16199
16226
16256
16286
16314
16342
16369
16397
16426
16456
16488
16520
16551
16580
16611
16643
16673
16704
16735
16766
16798
16828
16859
16890
16922
16954
16985
17018
17050
17083
17115
17148
17182
17214
17248
17283
17313
17346
17379
17415
17449
17480
17516
17551
17583
17620
17653
17688
17726
17761
17795
17832
17870
17905
17942
17980
18014
18052
18090
18128
18166
18205
18242
18283
18320
18358
18399
18437
18477
18517
18558
18597
18637
18678
18716
18756
18796
18838
18879
18918
18958
19002
19043
19084
19125
19169
19213
19256
19302
19344
19388
19433
19479
19525
19566
19611
19658
19705
19751
19797
19841
19886
19933
19981
20030
20077
20125
20174
20223
20274
20326
20377
20427
20476
20525
20576
20626
20677
20729
20782
20834
20888
20939
20990
21043
21098
21152
21204
21255
21310
21365
21419
21475
21531
21586
21640
21697
21756
21815
21874
21933
21993
22053
22112
22174
22237
22300
22364
22427
22492
22554
22619
22680
22744
22810
22874
22942
23007
23073
23143
23210
23276
23344
23417
23487
23554
23621
23699
23772
23845
23920
23994
24071
24148
24224
24299
24378
24458
24534
24612
24691
24772
24853
24937
25024
25108
25193
25277
25361
25447
25534
25619
25707
25797
25890
25981
26072
26164
26260
26355
26452
26545
26636
26733
26834
26933
27035
27136
27235
27340
27445
27550
27659
27768
27877
27985
28096
28212
28326
28440
28556
28674
28786
28906
29025
29149
29276
29402
29529
29658
29785
29922
30060
30200
30336
30475
30616
30759
30903
31051
31200
31351
31500
31658
31813
31972
32131
32302
32470
32636
32805
32975
33147
33325
33506
33690
33881
34071
34262
34458
34663
34870
35076
35287
35504
35720
35943
36173
36404
36633
36870
37115
37365
37620
37881
38143
38416
38691
38982
39263
39565
39875
40184
40502
40829
41156
41497
41849
42200
42565
42934
43320
43717
44130
44544
44975
45411
45858
46328
46813
47309
47828
48368
48927
49501
50096
50703
51328
51984
52654
53353
54083
54845
55642
56475
57343
58233
59147
60073
61000
61897
62729
63472
64091
64589
64947
65195
65350
65443
65493
65517
65529
65533
65535
65535
65535
65535
65535
65535
65535
65535
65535
65535
65535
65535
65535
65535
65535
65535
65535
65535
65535
65535
65535
65535
65535
65535
65535
65535
65535
65535
65535
65535
65535
65535
65535
65535
65535
65535
65535
65535
65535
65535
65535
65535
65535
65535
65535
65535
65535
65535
65535
65535
65535
65535
65535
65535
65535
65535
65535
65535
65535
65535
65535
65535
65535
65535
65535
65535
65535
65535
65535
65535
65535
65535
65535
65535
65535
65535
65535
65535
65535
65535
65535
65535
65535
65535
65535
65535
65535
65535
65535
65535
65535
65535
65535
65535
65535
65535
65535
65535
65535
65535
65535
65535
65535
65535
65535
65535
65535
65535
65535
65535
65535
65535
65535
65535
65535
65535
65535
65535
65535
65535
65535
65535
65535
65535
65535
65535
65535
65535
65535
65535
65535
65535
65535
65535
65535
65535
65535
65535
65535
65535
65535
65535
65535
65535
65535
65535
65535
65535
65535
65535
65535
65535
65535
65535
65535
65535
65535
65535
65535
65535
65535
65535
65535
65535
65535
65535
65535
65535
65535
65535
65535
65535
65535
65535
65535
65535
65535
65535
65535
65535
65535
65535
65535
65535
65535
65535
65535
65535
65535
65535
65535
65535
65535
65535
65535
65535
65535
65535
65535
65535
65535
65535
65535
65535
65535
65535
65535
65535
65535
65535
65535
65535
65535
65535
65535
65535
65535
65535
65535
65535
65535
65535
65535
65535
65535
65535
65535
65535
65535
65535
65535
65535
65535
65535
65535
65535
65535
65535
65535
65535
65535
65535
65535
65535
65535
65535
65535
65535
65535
65535
65535
65535
65535
65535
65535
65535
65535
65535
65535
65535
65535
65535
65535
65535
65535
65535
65535
65535
65535
65535
65535
65535
65535
65535
65535
65535
65535
65535
65535
65535
65535
65535
65535
65535
65535
65535
65535
65535
65535
65535
65535
65535
65535
65535
65535
65535
65535
65535
65535
65535
65535
65535
65535
65535
65535
65535
65535
65535
65535
65535
65535
65535
65535
65535
65535
65535
65535
65535
65535
65535
65535
65535
65535
65535
65535
65535
65535
65535
65535
65535
65535
65535
65535
65535
65535
65535
65535
65535
65535
65535
65535
65535
65535
65535
65535
65535
65535
65535
65535
65535
65535
65535
65535
65535
65535
65535
65535
65535
65535
65535
65535
65535
65535
65535
65535
65535
65535
65535
65535
65535
65535
65535
65535
65535
65535
65535
65535
65535
65535
65535
65535
65535
65535
65535
65535
65535
65535
65535
65535
65535
65535
65535
65535
65535
65535
65535
65535
65535
65535
65535
65535
65535
65535
65535
65535
65535
65535
65535
65535
65535
65535
65535
65535
65535
65535
65535
65535
65535
65535
65535
65535
65535
65535
65535
65535
65535
65535
65535
65535
65535
65535
65535
65535
65535
65535
65535
65535
65535
65535
65535
65535
65535
65535
65535
65535
65535
65535
65535
65535
65535
65535
65535
65535
65535
65535
65535
65535
65535
65535
65535
65535
65535
65535
65535
65535
65535
65535
65535
65535
65535
65535
65535
65535
65535
65535
65535
65535
65535
65535
65535
65535
65535
65535
65535
65535
65535
65535
65535
65535
65535
65535
65535
65535
65535
65535
65535
65535
65535
65535
65535
65535
65535
65535
65535
65535
65535
65535
65535
65535
65535
65535
65535
65535
65535
65535
65535
65535
65535
65535
65535
65535
65535
65535
65535
65535
65535
65535
65535
65535
65535
65535
65535
65535
65535
65535
65535
65535
65535
65535
65535
65535
65535
65535
65535
65535
65535
65535
65535
65535
65535
65535
65535
65535
65535
65535
65535
65535
65535
65535
65535
65535
65535
65535
65535
65535
65535
65535
65535
65535
65535
65535
65535
65535
65535
65535
65535
65535
65535
65535
65535
65535
65535
65535
65535
65535
65535
65535
65535
65535
65535
65535
65535
65535
65535
65535
65535
65535
65535
65535
65535
65535
65535
65535
65535
65535
65535
65535
65535
65535
65535
65535
65535
65535
65535
65535
65535
65535
65535
65535
65535
65535
65535
65535
65535
65535
65535
65535
65535
65535
65535
65535
65535
65535
65535
65535
65535
65535
65535
65535
65535
65535
65535
65535
65535
65535
65535
65535
65535
65535
65535
65535
65535
65535
65535
65535
65535
65535
65535
65535
65535
65535
65535
65535
65535
65535
65535
65535
65535
65535
65535
65535
65535
65535
65535
65535
65535
65535
65535
65535
65535
65535
65535
65535
65535
65535
65535
65535
65535
65535
65535
65535
65535
65535
65535
65535
65535
65535
65535
65535
65535
65535
65535
65535
65535
65535
65535
65535
65535
65535
65535
65535
65535
65535
65535
65535
65535
65535
65535
65535
65535
65535
65535
65535
65535
65535
65535
65535
65535
65535
65535
65535
65535
65535
65535
65535
65535
65535
65535
65535
65535
65535
65535
65535
65535
65535
65535
65535
65535
65535
65535
65535
65535
65535
65535
65535
65535
65535
65535
65535
65535
65535
65535
65535
65535
65535
65535
65535
65535
65535
65535
65535
65535
65535
65535
65535
65535
65535
65535
65535
65535
65535
65535
65535
65535
65535
65535
65535
65535
65535
65535
65535
65535
65535
65535
65535
65535
65535
65535
65535
65535
65535
65535
65535
65535
65535
65535
65535
65535
65535
65535
65535
65535
65535
65535
65535
65535
65535
65535
65535
65535
65535
65535
65535
65535
65535
65535
65535
65535
65535
65535
65535
65535
65535
65535
65535
65535
65535
65535
65535
65535
65535
65535
65535
65535
65535
65535
65535
65535
65535
65535
65535
65535
65535
65535
65535
65535
65535
65535
65535
65535
65535
65535
65535
65535
65535
65535
65535
65535
65535
65535
65535
65535
65535
65535
65535
65535
65535
65535
65535
65535
65535
65535
65535
65535
65535
65535
65535
65535
65535
65535
65535
65535
65535
65535
65535
65535
65535
65535
65535
65535
65535
65535
65535
65535
65535
65535
65535
65535
65535
65535
65535
65535
65535
65535
65535
65535
65535
65535
65535
65535
65535
65535
65535
65535
65535
65535
65535
65535
65535
65535
65535
65535
65535
65535
65535
65535
65535
65535
65535
65535
65535
65535
65535
65535
65535
65535
65535
65535
65535
65535
65535
65535
65535
65535
65535
65535
65535
65535
65535
65535
65535
65535
65535
65535
65535
65535
65535
65535
65535
65535
65535
65535
65535
65535
65535
65535
65535
65535
65535
65535
65535
65535
65535
65535
65535
65535
65535
65535
65535
65535
65535
65535
65535
65535
65535
65535
65535
65535
65535
65535
65535
65535
65535
65535
65535
65535
65535
65535
65535
65535
65535
65535
65535
65535
65535
65535
65535
65535
65535
65535
65535
65535
65535
65535
65535
65535
65535
65535
65535
65535
65535
65535
65535
65535
65535
65535
65535
65535
65535
65535
65535
65535
65535
65535
65535
65535
65535
65535
65535
65535
65535
65535
65535
65535
65535
65535
65535
65535
65535
65535
65535
65535
65535
65535
65535
65535
65535
65535
65535
65535
65535
65535
65535
65535
65535
65535
65535
65535
65535
65535
65535
65535
65535
65535
65535
65535
65535
65535
65535
65535
65535
65535
65535
65535
65535
65535
65535
65535
65535
65535
65535
65535
65535
65535
65535
65535
65535
65535
65535
65535
65535
65535
65535
65535
65535
65535
65535
65535
65535
65535
65535
65535
65535
65535
65535
65535
65535
65535
65535
65535
65535
65535
65535
65535
65535
65535
65535
65535
65535
65535
65535
65535
65535
65535
65535
65535
65535
65535
65535
65535
65535
65535
65535
65535
65535
65535
65535
65535
65535
65535
65535
65535
65535
65535
65535
65535
65535
65535
65535
65535
65535
65535
65535
65535
65535
65535
65535
65535
65535
65535
65535
65535
65535
65535
65535
65535
65535
65535
65535
65535
65535
65535
65535
65535
65535
65535
65535
65535
65535
65535
65535
65535
65535
65535
65535
65535
65535
65535
65535
65535
65535
65535
65535
65535
65535
65535
65535
65535
65535
65535
65535
65535
65535
65535
65535
65535
65535
65535
65535
65535
65535
65535
65535
65535
65535
65535
65535
65535
65535
65535
65535
65535
65535
65535
65535
65535
65535
65535
65535
65535
65535
65535
65535
65535
65535
65535
65535
65535
65535
65535
65535
65535
65535
65535
65535
65535
65535
65535
65535
65535
65535
65535
65535
65535
65535
65535
65535
65535
65535
65535
65535
65535
65535
65535
65535
65535
65535
65535
65535
65535
65535
65535
65535
65535
65535
65535
65535
65535
65535
65535
65535
65535
65535
65535
65535
65535
65535
65535
65535
65535
65535
65535
65535
65535
65535
65535
65535
65535
65535
65535
65535
65535
65535
65535
65535
65535
65535
65535
65535
65535
65535
65535
65535
65535
65535
65535
65535
65535
65535
65535
65535
65535
65535
65535
65535
65535
65535
65535
65535
65535
65535
65535
65535
65535
65535
65535
65535
65535
65535
65535
65535
65535
65535
65535
65535
65535
65535
65535
65535
65535
65535
65535
65535
65535
65535
65535
65535
65535
65535
65535
65535
65535
65535
65535
65535
65535
65535
65535
65535
65535
65535
65535
65535
65535
65535
65535
65535
65535
65535
65535
65535
65535
65535
65535
65535
65535
65535
65535
65535
65535
65535
65535
65535
65535
65535
65535
65535
65535
65535
65535
65535
65535
65535
65535
65535
65535
65535
65535
65535
65535
65535
65535
65535
65535
65535
65535
65535
65535
65535
65535
65535
65535
65535
65535
65535
65535
65535
65535
65535
65535
65535
65535
65535
65535
65535
65535
65535
65535
65535
65535
65535
65535
65535
65535
65535
65535
65535
65535
65535
65535
65535
65535
65535
65535
65535
65535
65535
65535
65535
65535
65535
65535
65535
65535
65535
65535
65535
65535
65535
65535
65535
65535
65535
65535
65535
65535
65535
65535
65535
65535
65535
65535
65535
65535
65535
65535
65535
65535
65535
65535
65535
65535
65535
65535
65535
65535
65535
65535
65535
65535
65535
65535
65535
65535
65535
65535
65535
65535
65535
65535
65535
65535
65535
65535
65535
65535
65535
65535
65535
65535
65535
65535
65535
65535
65535
65535
65535
65535
65535
65535
65535
65535
65535
65535
65535
65535
65535
65535
65535
65535
65535
65535
65535
65535
65535
65535
65535
65535
65535
65535
65535
65535
65535
65535
65535
65535
65535
65535
65535
65535
65535
65535
65535
65535
65535
65535
65535
65535
65535
65535
65535
65535
65535
65535
65535
65535
65535
65535
65535
65535
65535
65535
65535
65535
65535
65535
65535
65535
65535
65535
65535
65535
65535
65535
65535
65535
65535
65535
65535
65535
65535
65535
65535
65535
65535
65535
65535
65535
65535
65535
65535
65535
65535
65535
65535
65535
65535
65535
65535
65535
65535
65535
65535
65535
65535
65535
65535
65535
65535
65535
65535
65535
65535
65535
65535
65535
65535
65535
65535
65535
65535
65535
65535
65535
65535
65535
65535
65535
65535
65535
65535
65535
65535
65535
65535
65535
65535
65535
65535
65535
65535
65535
65535
65535
65535
65535
65535
65535
65535
65535
65535
65535
65535
65535
65535
65535
65535
65535
65535
65535
65535
65535
65535
65535
65535
65535
65535
65535
65535
65535
65535
65535
65535
65535
65535
65535
65535
65535
65535
65535
65535
65535
65535
65535
65535
65535
65535
65535
65535
65535
65535
65535
65535
65535
65535
65535
65535
65535
65535
65535
65535
65535
65535
65535
65535
65535
65535
65535
65535
65535
65535
65535
65535
65535
65535
65535
65535
65535
65535
65535
65535
65535
65535
65535
65535
65535
65535
65535
65535
65535
65535
65535
65535
65535
65535
65535
65535
65535
65535
65535
65535
65535
65535
65535
65535
65535
65535
65535
65535
65535
65535
65535
65535
65535
65535
65535
65535
65535
65535
65535
65535
65535
65535
65535
65535
65535
65535
65535
65535
65535
65535
65535
65535
65535
65535
65535
65535
65535
65535
65535
65535
65535
65535
65535
65535
65535
65535
65535
65535
65535
65535
65535
65535
65535
65535
65535
65535
65535
65535
65535
65535
65535
65535
65535
65535
65535
65535
65535
65535
65535
65535
65535
65535
65535
65535
65535
65535
65535
65535
65535
65535
65535
65535
65535
65535
65535
65535
65535
65535
65535
65535
65535
65535
65535
65535
65535
65535
65535
65535
65535
65535
65535
65535
65535
65535
65535
65535
65535
65535
65535
65535
65535
65535
65535
65535
65535
65535
65535
65535
65535
65535
65535
65535
65535
65535
65535
65535
65535
65535
65535
65535
65535
65535
65535
65535
65535
65535
65535
65535
65535
65535
65535
65535
65535
65535
65535
65535
65535
65535
65535
65535
65535
65535
65535
65535
65535
65535
65535
65535
65535
65535
65535
65535
65535
65535
65535
65535
65535
65535
65535
65535
65535
65535
65535
65535
65535
65535
65535
65535
65535
65535
65535
65535
65535
65535
65535
65535
65535
65535
65535
65535
65535
65535
65535
65535
65535
65535
65535
65535
65535
65535
65535
65535
65535
65535
65535
65535
65535
65535
65535
65535
65535
65535
65535
65535
65535
65535
65535
65535
65535
65535
65535
65535
65535
65535
65535
65535
65535
65535
65535
65535
65535
65535
65535
65535
65535
65535
65535
65535
65535
65535
65535
65535
65535
65535
65535
65535
65535
65535
65535
65535
65535
65535
65535
65535
65535
65535
65535
65535
65535
65535
65535
65535
65535
65535
65535
65535
65535
65535
65535
65535
65535
65535
65535
65535
65535
65535
65535
65535
65535
65535
65535
65535
65535
65535
65535
65535
65535
65535
65535
65535
65535
65535
65535
65535
65535
65535
65535
65535
65535
65535
65535
65535
65535
65535
65535
65535
65535
65535
65535
65535
65535
65535
65535
65535
65535
65535
65535
65535
65535
65535
65535
65535
65535
65535
65535
65535
65535
65535
65535
65535
65535
65535
65535
65535
65535
65535
65535
65535
65535
65535
65535
65535
65535
65535
65535
65535
65535
65535
65535
65535
65535
65535
65535
65535
65535
65535
65535
65535
65535
65535
65535
65535
65535
65535
65535
65535
65535
65535
65535
65535
65535
65535
65535
65535
65535
65535
65535
65535
65535
65535
65535
65535
65535
65535
65535
65535
65535
65535
65535
65535
65535
65535
65535
65535
65535
65535
65535
65535
65535
65535
65535
65535
65535
65535
65535
65535
65535
65535
65535
65535
65535
65535
65535
65535
65535
65535
65535
65535
65535
65535
65535
65535
65535
65535
65535
65535
65535
65535
65535
65535
65535
65535
65535
65535
65535
65535
65535
65535
65535
65535
65535
65535
65535
65535
65535
65535
65535
65535
65535
65535
65535
65535
65535
65535
65535
65535
65535
65535
65535
65535
65535
65535
65535
65535
65535
65535
65535
65535
65535
65535
65535
65535
65535
65535
65535
65535
65535
65535
65535
65535
65535
65535
65535
65535
65535
65535
65535
65535
65535
65535
65535
65535
65535
65535
65535
65535
65535
65535
65535
65535
65535
65535
65535
65535
65535
65535
65535
65535
65535
65535
65535
65535
65535
65535
65535
65535
65535
65535
65535
65535
65535
65535
65535
65535
65535
65535
65535
65535
65535
65535
65535
65535
65535
65535
65535
65535
65535
65535
65535
65535
65535
65535
65535
65535
65535
65535
65535
65535
65535
65535
65535
65535
65535
65535
65535
65535
65535
65535
65535
65535
65535
65535
65535
65535
65535
65535
65535
65535
65535
65535
65535
65535
65535
65535
65535
65535
65535
65535
65535
65535
65535
65535
65535
65535
65535
65535
65535
65535
65535
65535
65535
65535
65535
65535
65535
65535
65535
65535
65535
65535
65535
65535
65535
65535
65535
65535
65535
65535
65535
65535
65535
65535
65535
65535
65535
65535
65535
65535
65535
65535
65535
65535
65535
65535
65535
65535
65535
65535
65535
65535
65535
65535
65535
65535
65535
65535
65535
65535
65535
65535
65535
65535
65535
65535
65535
65535
65535
65535
65535
65535
65535
65535
65535
65535
65535
65535
65535
65535
65535
65535
65535
65535
65535
65535
65535
65535
65535
65535
65535
65535
65535
65535
65535
65535
65535
65535
65535
65535
65535
65535
65535
65535
65535
65535
65535
65535
65535
65535
65535
65535
65535
65535
65535
65535
65535
65535
65535
65535
65535
65535
65535
65535
65535
65535
65535
65535
65535
65535
65535
65535
65535
65535
65535
65535
65535
65535
65535
65535
65535
65535
65535
65535
65535
65535
65535
65535
65535
65535
65535
65535
65535
65535
65535
65535
65535
65535
65535
65535
65535
65535
65535
65535
65535
65535
65535
65535
65535
65535
65535
65535
65535
65535
65535
65535
65535
65535
65535
65535
65535
65535
65535
65535
65535
65535
65535
65535
65535
65535
65535
65535
65535
65535
65535
65535
65535
65535
65535
65535
65535
65535
65535
65535
65535
65535
65535
65535
65535
65535
65535
65535
65535
65535
65535
65535
65535
65535
65535
65535
65535
65535
65535
65535
65535
65535
65535
65535
65535
65535
65535
65535
65535
65535
65535
65535
65535
65535
65535
65535
65535
65535
65535
65535
65535
65535
65535
65535
65535
65535
65535
65535
65535
65535
65535
65535
65535
65535
65535
65535
65535
65535
65535
65535
65535
65535
65535
65535
65535
65535
65535
65535
65535
65535
65535
65535
65535
65535
65535
65535
65535
65535
65535
65535
65535
65535
65535
65535
65535
65535
65535
65535
65535
65535
65535
65535
65535
65535
65535
65535
65535
65535
65535
65535
65535
65535
65535
65535
65535
65535
65535
65535
65535
65535
65535
65535
65535
65535
65535
65535
65535
65535
65535
65535
65535
65535
65535
65535
65535
65535
65535
65535
65535
65535
65535
65535
65535
65535
65535
65535
65535
65535
65535
65535
65535
65535
65535
65535
65535
65535
65535
65535
65535
65535
65535
65535
65535
65535
65535
65535
65535
65535
65535
65535
65535
65535
65535
65535
65535
65535
65535
65535
65535
65535
65535
65535
65535
65535
65535
65535
65535
65535
65535
65535
65535
65535
65535
65535
65535
65535
65535
65535
65535
65535
65535
65535
65535
65535
65535
65535
65535
65535
65535
65535
65535
65535
65535
65535
65535
65535
65535
65535
65535
65535
65535
65535
65535
65535
65535
65535
65535
65535
65535
65535
65535
65535
65535
65535
65535
65535
65535
65535
65535
65535
65535
65535
65535
65535
65535
65535
65535
65535
65535
65535
65535
65535
65535
65535
65535
65535
65535
65535
65535
65535
65535
65535
65535
65535
65535
65535
65535
65535
65535
65535
65535
65535
65535
65535
65535
65535
65535
65535
65535
65535
65535
65535
65535
65535
65535
65535
65535
65535
65535
65535
65535
65535
65535
65535
65535
65535
65535
65535
65535
65535
65535
65535
65535
65535
65535
65535
65535
65535
65535
65535
65535
65535
65535
65535
65535
65535
65535
65535
65535
65535
65535
65535
65535
65535
65535
65535
65535
65535
65535
65535
65535
65535
65535
65535
65535
65535
65535
65535
65535
65535
65535
65535
65535
65535
65535
65535
65535
65535
65535
65535
65535
65535
65535
65535
65535
65535
65535
65535
65535
65535
65535
65535
65535
65535
65535
65535
65535
65535
65535
65535
65535
65535
65535
65535
65535
65535
65535
65535
65535
65535
65535
65535
65535
65535
65535
65535
65535
65535
65535
65535
65535
65535
65535
65535
65535
65535
65535
65535
65535
65535
65535
65535
65535
65535
65535
65535
65535
65535
65535
65535
65535
65535
65535
65535
65535
65535
65535
65535
65535
65535
65535
65535
65535
65535
65535
65535
65535
65535
65535
65535
65535
65535
65535
65535
65535
65535
65535
65535
65535
65535
65535
65535
65535
65535
65535
65535
65535
65535
65535
65535
65535
65535
65535
65535
65535
65535
65535
65535
65535
65535
65535
65535
65535
65535
65535
65535
65535
65535
65535
65535
65535
65535
65535
65535
65535
65535
65535
65535
65535
65535
65535
65535
65535
65535
65535
65535
65535
65535
65535
65535
65535
65535
65535
65535
65535
65535
65535
65535
65535
65535
65535
65535
65535
65535
65535
65535
65535
65535
65535
65535
65535
65535
65535
65535
65535
65535
65535
65535
65535
65535
65535
65535
65535
65535
65535
65535
65535
65535
65535
65535
65535
65535
65535
65535
65535
65535
65535
65535
65535
65535
65535
65535
65535
65535
65535
65535
65535
65535
65535
65535
65535
65535
65535
65535
65535
65535
65535
65535
65535
65535
65535
65535
65535
65535
65535
65535
65535
65535
65535
65535
65535
65535
65535
65535
65535
65535
65535
65535
65535
65535
65535
65535
65535
65535
65535
65535
65535
65535
65535
65535
65535
65535
65535
65535
65535
65535
65535
65535
65535
65535
65535
65535
65535
65535
65535
65535
65535
65535
65535
65535
65535
65535
65535
65535
65535
65535
65535
65535
65535
65535
65535
65535
65535
65535
65535
65535
65535
65535
65535
65535
65535
65535
65535
65535
65535
65535
65535
65535
65535
65535
65535
65535
65535
65535
65535
65535
65535
65535
65535
65535
65535
65535
65535
65535
65535
65535
65535
65535
65535
65535
65535
65535
65535
65535
65535
65535
65535
65535
65535
65535
65535
65535
65535
65535
65535
65535
65535
65535
65535
65535
65535
65535
65535
65535
65535
65535
65535
65535
65535
65535
65535
65535
65535
65535
65535
65535
65535
65535
65535
65535
65535
65535
65535
65535
65535
65535
65535
65535
65535
65535
65535
65535
65535
65535
65535
65535
65535
65535
65535
65535
65535
65535
65535
65535
65535
65535
65535
65535
65535
65535
65535
65535
65535
65535
65535
65535
65535
65535
65535
65535
65535
65535
65535
65535
65535
65535
65535
65535
65535
65535
65535
65535
65535
65535
65535
65535
65535
65535
65535
65535
65535
65535
65535
65535
65535
65535
65535
65535
65535
65535
65535
65535
65535
65535
65535
65535
65535
65535
65535
65535
65535
65535
65535
65535
65535
65535
65535
65535
65535
65535
65535
65535
65535
65535
65535
65535
65535
65535
65535
65535
65535
65535
65535
65535
65535
65535
65535
65535
65535
65535
65535
65535
65535
65535
65535
65535
65535
65535
65535
65535
65535
65535
65535
65535
65535
65535
65535
65535
65535
65535
65535
65535
65535
65535
65535
65535
65535
65535
65535
65535
65535
65535
65535
65535
65535
65535
65535
65535
65535
65535
65535
65535
65535
65535
65535
65535
65535
65535
65535
65535
65535
65535
65535
65535
65535
65535
65535
65535
65535
65535
65535
65535
65535
65535
65535
65535
65535
65535
65535
65535
65535
65535
65535
65535
65535
65535
65535
65535
65535
65535
65535
65535
65535
65535
65535
65535
65535
65535
65535
65535
65535
65535
65535
65535
65535
65535
65535
65535
65535
65535
65535
65535
65535
65535
65535
65535
65535
65535
65535
65535
65535
65535
65535
65535
65535
65535
65535
65535
65535
65535
65535
65535
65535
65535
65535
65535
65535
65535
65535
65535
65535
65535
65535
65535
65535
65535
65535
65535
65535
65535
65535
65535
65535
65535
65535
65535
65535
65535
65535
65535
65535
65535
65535
65535
65535
65535
65535
65535
65535
65535
65535
65535
65535
65535
65535
65535
65535
65535
65535
65535
65535
65535
65535
65535
65535
65535
65535
65535
65535
65535
65535
65535
65535
65535
65535
65535
65535
65535
65535
65535
65535
65535
65535
65535
65535
65535
65535
65535
65535
65535
65535
65535
65535
65535
65535
65535
65535
65535
65535
65535
65535
65535
65535
65535
65535
65535
65535
65535
65535
65535
65535
65535
65535
65535
65535
65535
65535
65535
65535
65535
65535
65535
65535
65535
65535
65535
65535
65535
65535
65535
65535
65535
65535
65535
65535
65535
65535
65535
65535
65535
65535
65535
65535
65535
65535
65535
65535
65535
65535
65535
65535
65535
65535
65535
65535
65535
65535
65535
65535
65535
65535
65535
65535
65535
65535
65535
65535
65535
65535
65535
65535
65535
65535
65535
65535
65535
65535
65535
65535
65535
65535
65535
65535
65535
65535
65535
65535
65535
65535
65535
65535
65535
65535
65535
65535
65535
65535
65535
65535
65535
65535
65535
65535
65535
65535
65535
65535
65535
65535
65535
65535
65535
65535
65535
65535
65535
65535
65535
65535
65535
65535
65535
65535
65535
65535
65535
65535
65535
65535
65535
65535
65535
65535
65535
65535
65535
65535
65535
65535
65535
65535
65535
65535
65535
65535
65535
65535
65535
65535
65535
65535
65535
65535
65535
65535
65535
65535
65535
65535
65535
65535
65535
65535
65535
65535
65535
65535
65535
65535
65535
65535
65535
65535
65535
65535
65535
65535
65535
65535
65535
65535
65535
65535
65535
65535
65535
65535
65535
65535
65535
65535
65535
65535
65535
65535
65535
65535
65535
65535
65535
65535
65535
65535
65535
65535
65535
65535
65535
65535
65535
65535
65535
65535
65535
65535
65535
65535
65535
65535
65535
65535
65535
65535
65535
65535
65535
65535
65535
65535
65535
65535
65535
65535
65535
65535
65535
65535
65535
65535
65535
65535
65535
65535
65535
65535
65535
65535
65535
65535
65535
65535
65535
65535
65535
65535
65535
65535
65535
65535
65535
65535
65535
65535
65535
65535
65535
65535
65535
65535
65535
65535
65535
65535
65535
65535
65535
65535
65535
65535
65535
65535
65535
65535
65535
65535
65535
65535
65535
65535
65535
65535
65535
65535
65535
65535
65535
65535
65535
65535
65535
65535
65535
65535
65535
65535
65535
65535
65535
65535
65535
65535
65535
65535
65535
65535
65535
65535
65535
65535
65535
65535
65535
65535
65535
65535
65535
65535
65535
65535
65535
65535
65535
65535
65535
65535
65535
65535
65535
65535
65535
65535
65535
65535
65535
65535
65535
65535
65535
65535
65535
65535
65535
65535
65535
65535
65535
65535
65535
65535
65535
65535
65535
65535
65535
65535
65535
65535
65535
65535
65535
65535
65535
65535
65535
65535
65535
65535
65535
65535
65535
65535
65535
65535
65535
65535
65535
65535
65535
65535
65535
65535
65535
65535
65535
65535
65535
65535
65535
65535
65535
65535
65535
65535
65535
65535
65535
65535
65535
65535
65535
65535
65535
65535
65535
65535
65535
65535
65535
65535
65535
65535
65535
65535
65535
65535
65535
65535
65535
65535
65535
65535
65535
65535
65535
65535
65535
65535
65535
65535
65535
65535
65535
65535
65535
65535
65535
65535
65535
65535
65535
65535
65535
65535
65535
65535
65535
65535
65535
65535
65535
65535
65535
65535
65535
65535
65535
65535
65535
65535
65535
65535
65535
65535
65535
65535
65535
65535
65535
65535
65535
65535
65535
65535
65535
65535
65535
65535
65535
65535
65535
65535
65535
65535
65535
65535
65535
65535
65535
65535
65535
65535
65535
65535
65535
65535
65535
65535
65535
65535
65535
65535
65535
65535
65535
65535
65535
65535
65535
65535
65535
65535
65535
65535
65535
65535
65535
65535
65535
65535
65535
65535
65535
65535
65535
65535
65535
65535
65535
65535
65535
65535
65535
65535
65535
65535
65535
65535
65535
65535
65535
65535
65535
65535
65535
65535
65535
65535
65535
65535
65535
65535
65535
65535
65535
65535
65535
65535
65535
65535
65535
65535
65535
65535
65535
65535
65535
65535
65535
65535
65535
65535
65535
65535
65535
65535
65535
65535
65535
65535
65535
65535
65535
65535
65535
65535
65535
65535
65535
65535
65535
65535
65535
65535
65535
65535
65535
65535
65535
65535
65535
65535
65535
65535
65535
65535
65535
65535
65535
65535
65535
65535
65535
65535
65535
65535
65535
65535
65535
65535
65535
65535
65535
65535
65535
65535
65535
65535
65535
65535
65535
65535
65535
65535
65535
65535
65535
65535
65535
65535
65535
65535
65535
65535
65535
65535
65535
65535
65535
65535
65535
65535
65535
65535
65535
65535
65535
65535
65535
65535
65535
65535
65535
65535
65535
65535
65535
65535
65535
65535
65535
65535
65535
65535
65535
65535
65535
65535
65535
65535
65535
65535
65535
65535
65535
65535
65535
65535
65535
65535
65535
65535
65535
65535
65535
65535
65535
65535
65535
65535
65535
65535
65535
65535
65535
65535
65535
65535
65535
65535
65535
65535
65535
65535
65535
65535
65535
65535
65535
65535
65535
65535
65535
65535
65535
65535
65535
65535
65535
65535
65535
65535
65535
65535
65535
65535
65535
65535
65535
65535
65535
65535
65535
65535
65535
65535
65535
65535
65535
65535
65535
65535
65535
65535
65535
65535
65535
65535
65535
65535
65535
65535
65535
65535
65535
65535
65535
65535
65535
65535
65535
65535
65535
65535
65535
65535
65535
65535
65535
65535
65535
65535
65535
65535
65535
65535
65535
65535
65535
65535
65535
65535
65535
65535
65535
65535
65535
65535
65535
65535
65535
65535
65535
65535
65535
65535
65535
65535
65535
65535
65535
65535
65535
65535
65535
65535
65535
65535
65535
65535
65535
65535
65535
65535
65535
65535
65535
65535
65535
65535
65535
65535
65535
65535
65535
65535
65535
65535
65535
65535
65535
65535
65535
65535
65535
65535
65535
65535
65535
65535
65535
65535
65535
65535
65535
65535
65535
65535
65535
65535
65535
65535
65535
65535
65535
65535
65535
65535
65535
65535
65535
65535
65535
65535
65535
65535
65535
65535
65535
65535
65535
65535
65535
65535
65535
65535
65535
65535
65535
65535
65535
65535
65535
65535
65535
65535
65535
65535
65535
65535
65535
65535
65535
65535
65535
65535
65535
65535
65535
65535
65535
65535
65535
65535
65535
65535
65535
65535
65535
65535
65535
65535
65535
65535
65535
65535
65535
65535
65535
65535
65535
65535
65535
65535
65535
65535
65535
65535
65535
65535
65535
65535
65535
65535
65535
65535
65535
65535
65535
65535
65535
65535
65535
65535
65535
65535
65535
65535
65535
65535
65535
65535
65535
65535
65535
65535
65535
65535
65535
65535
65535
65535
65535
65535
65535
65535
65535
65535
65535
65535
65535
65535
65535
65535
65535
65535
65535
65535
65535
65535
65535
65535
65535
65535
65535
65535
65535
65535
65535
65535
65535
65535
65535
65535
65535
65535
65535
65535
65535
65535
65535
65535
65535
65535
65535
65535
65535
65535
65535
65535
65535
65535
65535
65535
65535
65535
65535
65535
65535
65535
65535
65535
65535
65535
65535
65535
65535
65535
65535
65535
65535
65535
65535
65535
65535
65535
65535
65535
65535
65535
65535
65535
65535
65535
65535
65535
65535
65535
65535
65535
65535
65535
65535
65535
65535
65535
65535
65535
65535
65535
65535
65535
65535
65535
65535
65535
65535
65535
65535
65535
65535
65535
65535
65535
65535
65535
65535
65535
65535
65535
65535
65535
65535
65535
65535
65535
65535
65535
65535
65535
65535
65535
65535
65535
65535
65535
65535
65535
65535
65535
65535
65535
65535
65535
65535
65535
65535
65535
65535
65535
65535
65535
65535
65535
65535
65535
65535
65535
65535
65535
65535
65535
65535
65535
65535
65535
65535
65535
65535
65535
65535
65535
65535
65535
65535
65535
65535
65535
65535
65535
65535
65535
65535
65535
65535
65535
65535
65535
65535
65535
65535
65535
65535
65535
65535
65535
65535
65535
65535
65535
65535
65535
65535
65535
65535
65535
65535
65535
65535
65535
65535
65535
65535
65535
65535
65535
65535
65535
65535
65535
65535
65535
65535
65535
65535
65535
65535
65535
65535
65535
65535
65535
65535
65535
65535
65535
65535
65535
65535
65535
65535
65535
65535
65535
65535
65535
65535
65535
65535
65535
65535
65535
65535
65535
65535
65535
65535
65535
65535
65535
65535
65535
65535
65535
65535
65535
65535
65535
65535
65535
65535
65535
65535
65535
65535
65535
65535
65535
65535
65535
65535
65535
65535
65535
65535
65535
65535
65535
65535
65535
65535
65535
65535
65535
65535
65535
65535
65535
65535
65535
65535
65535
65535
65535
65535
65535
65535
65535
65535
65535
65535
65535
65535
65535
65535
65535
65535
65535
65535
65535
65535
65535
65535
65535
65535
65535
65535
65535
65535
65535
65535
65535
65535
65535
65535
65535
65535
65535
65535
65535
65535
65535
65535
65535
65535
65535
65535
65535
65535
65535
65535
65535
65535
65535
65535
65535
65535
65535
65535
65535
65535
65535
65535
65535
65535
65535
65535
65535
65535
65535
65535
65535
65535
65535
65535
65535
65535
65535
65535
65535
65535
65535
65535
65535
65535
65535
65535
65535
65535
65535
65535
65535
65535
65535
65535
65535
65535
65535
65535
65535
65535
65535
65535
65535
65535
65535
65535
65535
65535
65535
65535
65535
65535
65535
65535
65535
65535
65535
65535
65535
65535
65535
65535
65535
65535
65535
65535
65535
65535
65535
65535
65535
65535
65535
65535
65535
65535
65535
65535
65535
65535
65535
65535
65535
65535
65535
65535
65535
65535
65535
65535
65535
65535
65535
65535
65535
65535
65535
65535
65535
65535
65535
65535
65535
65535
65535
65535
65535
65535
65535
65535
65535
65535
65535
65535
65535
65535
65535
65535
65535
65535
65535
65535
65535
65535
65535
65535
65535
65535
65535
65535
65535
65535
65535
65535
65535
65535
65535
65535
65535
65535
65535
65535
65535
65535
65535
65535