46633
65286
24621
46383
21262
55459
27229
55209
39415
11185
45382
17152
20011
51100
47741
25728
22369
22119
12543
9184
65143
30695
42881
36413
1715
7683
32303
47598
56674
59533
3073
27694
33661
64500
45346
19975
41487
50313
37378
49563
33518
58139
57639
35377
62856
34376
15223
24049
20440
41952
38343
31625
2894
14830
8112
48026
50635
143
5860
55352
48634
10577
6968
28230
55709
17653
17152
19761
13043
62284
2466
29945
17009
47598
31553
52815
33411
29802
57282
41237
12507
46204
5039
32518
6897
59247
27408
30017
44810
16080
40201
52136
63821
31982
53244
8969
5110
45025
38057
6218
18153
42523
20011
22620
6325
46240
23727
16759
38021
55924
14758
42238
19725
62749
46454
23942
48312
22691
15723
55638
61105
60355
31625
9112
33483
42309
63571
56603
18546
27122
7719
4110
59569
55709
8326
29338
38164
28087
21119
42381
26086
6682
52815
64750
32911
60390
22084
43345
64607
20333
50921
43953
49670
39593
48420
60355
50278
59104
52136
45168
63321
47026
46526
5360
7969
4110
31589
2859
8576
48491
19761
34555
58925
45740
44989
53565
9041
48956
23334
41487
12757
49563
23942
54530
10256
25300
65215
52029
51278
47669
43810
55745
39701
60962
47776
44167
12328
33590
48634
60569
56710
46883
39915
14294
4217
44132
65393
33554
7933
19868
3824
37521
61891
1823
38629
34769
62249
36628
29659
35377
56388
5896
17831
35984
63464
40951
15330
2144
45168
50885
53494
9220
24264
29981
45025
38307
47133
65286
11685
45382
1108
6825
62535
2716
17760
61034
38521
53565
43739
49456
17617
45096
63249
22084
52672
8398
14115
13615
22691
56388
52779
30267
54637
1037
12972
15580
55745
17689
29624
19797
3752
31232
15187
11578
29731
29231
56710
18904
55709
5217
64036
1108
608
15652
21369
36413
32804
60534
6933
62642
27694
24085
32911
35520
44346
37628
5789
5289
17224
4288
63106
3288
24550
17832
29767
47920
3895
3645
59354
55745
61463
54745
32482
44418
15938
27873
39808
29981
10828
57210
31589
21762
61677
36056
57318
19261
56317
2716
39772
26837
23227
57175
22477
62642
27694
24085
61141
63750
44596
31661
18725
36878
45704
48313
26050
6647
56138
43203
52029
14222
7505
7004
6504
2895
2395
54745
1144
3752
62570
18296
17796
20404
44775
62928
43774
2609
55209
39165
13794
44382
40773
52708
5325
26837
17010
4074
38021
56174
49456
30303
26694
26193
35020
34519
12257
55531
42595
51422
57139
22191
53030
43203
30267
42202
41702
38093
34484
33983
21048
8112
20047
7112
22155
40308
61570
7969
4360
56960
3359
2859
17903
11185
23120
16402
12793
59176
36663
64143
57425
47598
62642
65251
52315
45597
60641
7040
3431
49563
49063
57889
13615
44453
37736
40344
11864
52029
1537
7254
34734
3145
61963
39451
48277
63321
47276
3002
5611
45776
29731
1001
41166
46883
43274
23871
4717
4217
31696
62535
5825
64643
57925
16760
10042
28195
40130
17867
26694
54173
572
59390
61999
14616
48563
32518
44454
59498
18332
36485
63964
57246
28766
56246
65072
20798
36092
4253
9970
18797
12079
39558
63929
7219
16045
9327
17903
51850
51350
63285
28588
52958
61785
55067
10792
7183
19118
15509
8791
48706
10899
32161
3681
22084
18475
64858
23692
16974
44454
34627
58997
2288
42452
10614
53637
56246
58854
20798
64071
54245
28623
31232
49385
51993
45275
10328
12936
46633
8577
29838
32447
41273
28087
49349
42381
54316
34913
25086
61892
39630
64000
32161
46955
30910
45954
39236
41845
6897
34627
55888
20941
39094
41702
53637
37343
58604
20548
54245
31732
6111
36699
4860
44775
3610
18654
39915
1859
1359
44382
34305
18261
42631
63893
965
34663
33912
58283
54423
57032
15867
62249
24193
45454
35627
53780
34377
64965
8255
10864
32125
44061
43560
33483
23657
54245
9970
15438
58461
20405
26122
41166
37307
27230
39165
63536
31697
52958
14902
29946
41881
41381
37771
15259
33412
60891
19726
28302
49564
51922
29410
680
56139
18082
20441
23049
34734
43310
45669
51136
22406
46776
52244
4861
7469
47384
18654
43024
11185
60427
16152
31196
39773
7934
966
6433
5682
29803
10399
37629
18225
14366
57389
22442
53030
17832
57747
41452
56496
18439
8363
1394
16438
56353
2752
36449
35699
63178
49993
27480
39165
25979
56568
62285
27337
39272
48099
63143
49957
36771
58033
29052
25443
30911
49063
1430
56889
43703
58497
42203
7255
12722
24407
11221
57354
25515
37200
39558
13937
56711
12436
24121
7827
63286
31447
24479
14151
22728
25086
15259
55174
4432
37879
37128
27051
48063
9756
52530
57997
19690
44061
27766
58354
20048
28624
34091
51994
57461
56711
15295
48742
22871
34556
24479
11293
44990
38022
27945
42739
63750
573
46705
49064
13866
13115
49921
58497
10864
47420
46669
61463
16939
13080
9220
49135
60820
25622
15545
45883
16903
63036
24479
7934
60284
31554
15259
51815
25944
28302
8649
29660
35127
40595
61606
35735
34734
21549
5254
32483
3503
43418
2002
13687
44025
21263
7577
31947
2967
42882
51458
44240
31054
64501
1323
573
55782
14366
63357
18833
11865
7755
537
62214
23907
41560
50136
46276
20405
7219
59569
21013
54209
46991
39773
4575
19369
65251
23585
63250
34270
49064
10757
44204
43203
7755
34734
52637
14330
26015
25015
33591
51494
47384
65037
20512
53959
28088
42882
54317
56425
46098
63750
62750
18225
7898
25551
34127
8005
50779
43561
55246
23157
43918
5611
42167
28731
46384
39165
38165
30947
42382
60284
15510
17618
1073
56282
45955
54531
28660
18333
33126
50779
6004
54996
47777
43418
26873
54102
15545
33198
4218
59177
64394
41631
37522
36521
38630
15617
24193
26301
31518
18083
63965
12973
2395
26266
43918
5361
10578
31590
14795
51101
43882
48849
60284
28195
11650
4432
6541
11758
13866
15974
39845
23050
15831
52137
1145
62571
61571
51244
251
52351
23371
59677
64894
10793
28445
33663
1574
35020
49564
14116
10007
46312
13973
53638
58855
1395
15939
24265
63679
31590
21013
63536
52959
14402
35163
46598
32912
19226
36879
4540
12866
14974
51279
50279
27266
41810
37701
20906
4361
1
48993
32448
40774
45741
25837
34163
14259
53674
21335
20334
56640
64715
4147
3146
5004
59963
55853
51744
6969
9078
7827
19262
21120
57176
18619
61142
573
52423
38737
12615
2038
7005
33984
45169
37701
39559
28982
43275
60928
44133
33305
22728
9042
8042
63000
30661
7649
47063
8506
44812
53138
27016
38201
61821
10579
12437
51851
35307
27838
32805
44240
61642
51065
28053
14367
41346
27660
26409
37594
58105
25766
52495
16796
21763
36057
59927
40024
17011
53317
30304
10400
49815
33020
56890
33877
7756
40702
36343
22657
12080
20155
15796
5219
57069
37165
57676
466
18119
19977
9400
8149
62858
58498
19941
34485
33234
35092
40059
1252
43526
8077
31698
5326
4075
21478
29554
37379
23443
28160
64466
13223
11973
48028
31233
5112
47385
48993
3968
15153
57426
6434
14510
28803
33770
35628
65466
29768
6755
64823
13581
59213
7970
37808
27231
7327
52959
51709
466
64501
44348
24194
41596
58998
63715
12473
61214
28625
8721
35450
18655
54710
15903
51959
28696
61393
50565
49315
10508
43454
1538
3146
36343
13080
5362
22764
12187
42025
28089
23479
62643
11401
16368
39988
38737
37237
32627
12473
1896
47528
21406
57462
59320
4719
59427
45741
10043
49458
29554
62751
20835
41346
21192
35236
6005
32734
56354
2003
53353
48993
10186
8685
35664
62143
41989
18726
11008
34628
5148
41203
27517
41560
52495
51244
37308
45134
18762
26838
28696
33413
13509
12259
45205
37487
54889
38094
52138
31734
36701
57212
9078
7828
46992
39274
19120
8292
25695
58641
7649
12116
35736
40453
26767
6613
23765
40917
57820
9436
11044
40882
14260
15868
8149
22193
11616
19441
17940
41561
24516
23265
15546
32949
62536
14153
15761
39381
574
8400
47314
11365
7006
64573
9972
64681
16547
37058
16904
6077
29697
25087
29804
47207
17726
50673
21192
29018
15082
35343
58713
19906
12187
54461
18512
26588
65502
8042
31412
8150
53532
33378
538
42811
44419
42919
22765
43276
35557
49851
4576
28196
4934
13009
42847
4040
21443
38595
5755
35343
18298
38809
24873
57820
37666
4826
50208
20728
6542
29912
37737
36236
50280
30126
50637
11580
56962
21014
53961
2468
38273
39631
7042
61751
16226
64716
44563
30376
28875
8721
7221
33699
63037
39774
19620
49458
19727
36880
60250
24552
4148
8864
47779
21157
1003
65038
35308
64895
60286
18120
60143
30412
38238
55640
29018
61965
60464
8722
4112
40167
29340
12295
45242
40632
17369
18977
11259
53532
17834
7006
42812
37952
58213
56462
23623
43884
8186
50209
64252
25195
33021
62358
17083
43312
54247
43419
63680
24623
23122
27839
17012
52817
1325
49565
63859
49923
26160
37094
1396
40561
63931
31091
54461
3219
64395
47100
64252
31663
48815
59750
14475
59607
42562
9472
1754
62430
57820
3219
39274
6685
20978
574
30162
16226
24052
28768
2147
3505
17798
35201
43026
50602
8436
47600
14761
31913
55283
25803
52281
13224
42812
3755
42919
47636
55462
38417
18263
4076
11902
29054
55533
19585
27411
16583
58606
10223
58463
16297
61680
3969
49101
47600
61644
47708
61751
60000
46064
34986
11473
37952
11581
25624
20764
19263
24230
16512
65003
57034
55533
35129
5649
60107
30627
4005
5613
41418
58821
47994
6078
1218
2576
35522
27554
57141
36987
35487
33736
4005
8722
13689
65289
25981
24481
54068
58785
63502
43098
26053
24802
23301
46671
57606
15690
51746
62680
4970
53461
45742
62645
54676
40489
48315
3040
45063
31377
64074
59464
1504
22015
17405
3469
27089
16262
5435
22837
65110
22944
55891
47922
5756
60465
27625
38560
65039
22873
62037
54068
24338
16619
58893
38488
58750
44563
21300
29126
58964
41919
3
26732
28090
48601
15762
39132
43849
1933
9758
8258
31878
55498
50638
61573
754
58571
29091
5828
16762
46350
44849
49816
29662
40597
29770
25160
54748
47029
14440
34951
48744
44135
64646
47601
5685
1075
8901
41597
24302
4148
52639
51389
15690
39060
28233
1861
41026
61287
50460
24088
53926
46207
32271
21193
38346
2898
42062
37452
54605
9580
42527
7079
49352
10545
37274
45099
46958
30163
22444
30520
32128
52639
29377
56356
26875
3612
55462
10438
6078
48351
37524
30056
3934
33772
38739
15726
17334
40954
11474
16441
11831
60322
30842
51353
15905
58178
63145
24338
35523
37381
36130
3791
15226
1790
50531
36845
63574
49888
26875
56713
52604
38918
22123
55069
7186
40383
54676
37881
23945
54033
18585
35987
25410
5506
16691
55856
63931
6471
26983
53962
37167
17263
34916
49209
63503
59143
64360
60001
12117
54641
37846
2398
60465
62574
30234
32093
49495
7579
15905
33308
63395
9294
23838
7043
15119
42098
37739
27161
47923
18442
51889
25768
30735
35702
62681
20765
7079
34058
4828
22230
11653
60394
15619
2183
57142
24803
51532
50531
11974
45171
9473
2255
57214
31092
23624
7079
21623
33057
56928
11903
7794
28555
64861
1183
3041
11367
44564
33987
48280
397
27376
1504
31592
36810
23123
34558
20872
54069
21730
17370
9902
2684
48316
432
36738
19943
31378
5257
44421
55856
20408
504
64789
41777
49853
39275
35166
46601
29806
56535
36631
48066
28162
48673
3649
24410
10724
37453
14440
13190
2612
7579
50103
61287
32057
55927
23338
47208
52175
13368
36988
20193
22302
36845
26518
19050
27126
32093
33951
51353
31450
64396
10045
37024
41991
43599
57893
56642
24303
51032
43563
48781
59965
61823
10581
59322
48495
59429
33058
62645
48709
29056
52676
54534
9759
48924
22802
21551
57607
53247
61323
56964
21266
10438
37167
57678
43492
20229
56535
51925
56642
58500
29020
27769
51139
24768
14190
44278
24374
1112
24732
35917
6436
64254
25446
2434
60251
9009
51532
56499
27019
34845
48888
47387
30592
51103
15155
60287
52569
57285
30914
7651
31271
42456
6758
42813
647
8473
4113
11939
44886
27841
51461
62395
1576
6293
1934
56392
8008
46923
64075
31235
20158
62431
10939
50103
20372
25089
20480
3435
23696
59751
51783
18693
45422
43921
7973
34452
51854
44135
33058
50460
24089
22588
55284
28663
45815
38096
14333
43921
39311
40919
58072
15906
57929
50210
61145
46959
38990
37239
45065
34237
20301
46530
57214
18157
862
36417
62896
23839
15870
38990
31021
35488
2649
44922
65183
1255
43278
25983
61788
38275
58286
576
1934
18836
57750
3149
57607
30735
22767
30593
60180
33558
63146
61395
46959
57643
49674
44815
11975
19551
55356
13190
30342
25483
23482
40634
32665
27805
63611
2541
7008
48781
62574
4614
59073
51104
40026
10296
36524
3685
30164
15977
60859
15084
47531
55106
25376
45387
2970
16764
52319
7044
8152
12368
540
11225
62575
29485
37061
7080
39526
37775
1577
52426
56643
11118
40205
22660
45780
62682
54463
27591
47102
1327
33773
56893
14227
12226
898
23768
24625
41277
14155
61896
47209
26305
27413
28270
63825
40062
56714
1613
11797
3328
13762
11511
53034
32380
24161
41063
29485
55464
22374
23482
46352
40991
54785
33880
60109
11225
8974
12940
39169
65148
6937
57786
43350
53784
1791
2649
648
61074
65291
37668
44994
64755
52927
16228
17086
36596
56357
63432
29843
49603
34667
10654
45708
40098
3149
25769
20409
30593
9689
63397
64254
24447
34881
35739
27270
21660
32094
51855
46495
6687
1327
64362
18336
37597
57108
32594
8081
15156
47102
13512
10761
11618
62218
22410
7473
23375
52462
28199
41492
60753
45566
30629
56357
50747
26234
45494
40134
6294
34881
1041
54749
33595
65291
12798
25591
60646
64612
24554
31630
26270
11333
18158
37168
59288
3686
28914
35739
23661
46030
24626
43886
16264
19730
38741
26663
58359
12083
37562
50855
17015
20231
42850
14978
39956
52749
15550
363
38026
50819
38741
26663
45673
36704
21517
59181
220
19230
28914
60360
4758
42672
11940
6330
37776
577
38241
38598
4758
17551
11690
24733
15514
31416
15978
28521
44423
19159
863
44744
41993
14120
26913
24162
36704
43029
30701
49461
24448
18337
33988
9225
18659
113
40885
13013
53785
62969
44173
12941
44137
25341
12763
56394
56251
9475
21768
65149
65006
30915
11869
5509
33846
33453
27092
42493
45209
20195
57359
44530
19516
13406
32166
19338
9868
47032
12191
62290
62147
65113
14978
30129
45531
32952
7689
41493
28664
24912
18302
36562
61039
63505
53785
25663
49390
8332
7939
57788
1185
62719
40064
17659
13906
16622
47318
56251
15443
43030
51713
32167
28414
50034
43173
17909
14157
828
49926
61719
26878
60682
44495
3437
5902
26771
10583
56573
62398
8654
10869
649
49498
39528
7296
16229
59360
39564
47997
16015
46460
14478
20053
40922
65149
5188
25556
49784
33346
25985
50212
5545
13978
37706
49248
26092
28308
55394
60718
25127
42637
7296
43459
1650
44031
39778
35526
9512
17695
25628
27093
44602
9262
42065
37313
1472
34526
42709
31238
64292
41136
58396
19696
8726
1114
52571
47819
2651
19910
46497
10906
28165
26521
19160
30202
50320
52035
59718
30095
53072
60754
5760
13693
58932
19982
15480
63327
42780
34669
48569
15587
7725
30702
6546
17088
62077
614
39136
12121
63077
51607
65257
31524
63578
33204
12157
25557
44925
39672
34669
13872
61469
24628
47355
29416
46175
49999
35420
20340
8869
53108
41137
32525
5010
34205
47105
4295
17195
45890
65007
9262
9977
17160
10906
17839
24771
21626
15373
47176
62935
19625
35634
20304
42531
20983
5403
37207
65401
12514
3402
34455
222
21698
19054
59433
24950
6261
6225
56181
34384
14945
58683
5046
54252
53966
56789
62971
44032
62399
15231
30239
48606
57397
10228
37171
2438
11228
29095
31918
49785
8834
45605
50786
31597
56182
42460
54109
31561
52537
45783
22985
6405
26880
60041
5904
29739
13158
62114
17554
22735
64973
29489
62650
36243
3868
52073
29274
9085
44855
17947
47999
58648
16196
51966
13623
52252
31812
14731
47642
1581
2903
16411
57898
27881
13159
54646
5476
30919
3761
63901
58505
19162
44605
35600
29704
58005
11944
9907
26023
10551
14231
45891
9157
31491
10300
23057
54468
60507
23772
20735
11230
29454
35493
13302
41604
15804
6048
11837
14517
7621
59792
47428
52967
8014
42033
62365
27489
57648
19163
46214
26882
7299
34600
51324
63080
8550
59721
14518
7121
39389
31241
35529
42426
18985
28740
49073
59078
62616
37924
35994
30455
62223
6943
59972
57542
38317
25560
16162
29026
38531
13839
19986
40926
5656
43141
51896
29562
1511
63867
22380
21558
54433
15555
27169
16520
56613
15126
57078
9123
23345
8337
547
8051
52861
59865
10910
55970
47680
29813
11696
6265
83
56578
41070
28420
31314
43035
64833
52183
60795
60330
37103
64869
45001
18665
16950
37497
51826
62796
44786
24168
41106
5193
17772
33709
30493
17951
26920
29922
23847
38784
16915
49754
64441
59724
11483
32638
18844
41857
41857
11769
30923
15378
46967
37391
46967
6302
45967
20846
63870
9769
57509
47432
2408
6624
3873
7339
42394
65514
61762
56152
46182
11842
23384
55938
32032
4016
40787
14022
36749
33104
8698
57903
34855
27851
12879
52508
38036
26672
2373
51936
10592
34034
47398
35642
65051
31283
6340
29639
38144
21527
32140
57798
37072
9378
42861
57441
24137
5376
29390
24923
56762
13989
42469
2304
13739
14346
8736
23887
25853
52939
24674
15562
15026
28283
58693
18457
983
16206
64375
12811
64697
45580
11525
64626
21102
29428
54156
13098
18780
16994
57730
47225
33217
58124
18853
16637
31681
12028
64736
20426
32182
51014
36507
46477
46370
37651
43976
4633
38902
4884
36616
39725
1168
51875
9066
43335
11818
17965
30186
40656
885
25756
22647
5496
64957
33869
14358
65387
39194
61135
57848
47878
30333
60171
139
12253
39589
65211
60637
55349
23975
61031
8216
34910
15864
25941
44129
9253
41557
47274
51277
35661
22297
24369
3715
44380
37055
16436
17973
48990
19831
39056
37019
58245
27871
47990
16508
13506
7646
33374
15829
39449
60211
9468
46274
5109
35947
23012
19653
25620
499
28479
50241
3358
22011
34446
43773
46882
53100
62426
62426
62426
65535
65535
65535
65535
65535
65535
65535
65535
65535
65535
65535
65535
65535
65535
65535
65535
65535
65535
65535
65535
65535
65535
65535
65535
65535
65535
65535
65535
65535
65535
65535
65535
65535
65535
65535
65535
65535
65535
65535
65535
65535
65535
65535
65535
65535
65535
65535
65535
65535
65535
65535
65535
65535
65535
65535
65535
65535
65535
65535
65535
65535
65535
65535
65535
65535
65535
65535
65535
65535
65535
65535
65535
65535
65535
65535
65535
65535
65535
65535
65535
65535
65535
65535
65535
65535
65535
65535
65535
65535
65535
65535
65535
65535
65535
65535
65535
65535
65535
65535
65535
65535
65535
65535
65535
65535
65535
65535
65535
65535
65535
65535
65535
65535
65535
65535
65535
65535
65535
65535
65535
65535
65535
65535
65535
65535
65535
65535
65535
65535
65535
65535
65535
65535
65535
65535
65535
65535
65535
65535
65535
65535
65535
65535
65535
65535
65535
65535
65535
65535
65535
65535
65535
65535
65535
65535
65535
65535
65535
65535
65535
65535
65535
65535
65535
65535
65535
65535
65535
65535
65535
65535
65535
65535
65535
65535
65535
65535
65535
65535
65535
65535
65535
65535
65535
65535
65535
65535
65535
65535
65535
65535
65535
65535
65535
65535
65535
65535
65535
65535
65535
65535
65535
65535
65535
65535
65535
65535
65535
65535
65535
65535
65535
65535
65535
65535
65535
65535
65535
65535
65535
65535
65535
65535
65535
65535
65535
65535
65535
65535
65535
65535
65535
65535
65535
65535
65535
65535
65535
65535
65535
65535
65535
65535
65535
65535
65535
65535
65535
65535
65535
65535
65535
65535
65535
65535
65535
65535
65535
65535
65535
65535
65535
65535
65535
65535
65535
65535
65535
65535
65535
65535
65535
65535
65535
65535
65535
65535
65535
65535
65535
65535
65535
65535
65535
65535
65535
65535
65535
65535
65535
65535
65535
65535
65535
65535
65535
65535
65535
65535
65535
65535
65535
65535
65535
65535
65535
65535
65535
65535
65535
65535
65535
65535
65535
65535
65535
65535
65535
65535
65535
65535
65535
65535
65535
65535
65535
65535
65535
65535
65535
65535
65535
65535
65535
65535
65535
65535
65535
65535
65535
65535
65535
65535
65535
65535
65535
65535
65535
65535
65535
65535
65535
65535
65535
65535
65535
65535
65535
65535
65535
65535
65535
65535
65535
65535
65535
65535
65535
65535
65535
65535
65535
65535
65535
65535
65535
65535
65535
65535
65535
65535
65535
65535
65535
65535
65535
65535
65535
65535
65535
65535
65535
65535
65535
65535
65535
65535
65535
65535
65535
65535
65535
65535
65535
65535
65535
65535
65535
65535
65535
65535
65535
65535
65535
65535
65535
65535
65535
65535
65535
65535
65535
65535
65535
65535
65535
65535
65535
65535
65535
65535
65535
65535
65535
65535
65535
65535
65535
65535
65535
65535
65535
65535
65535
65535
65535
65535
65535
65535
65535
65535
65535
65535
65535
65535
65535
65535
65535
65535
65535
65535
65535
65535
65535
65535
65535
65535
65535
65535
65535
65535
65535
65535
65535
65535
65535
65535
65535
65535
65535
65535
65535
65535
65535
65535
65535
65535
65535
65535
65535
65535
65535
65535
65535
65535
65535
65535
65535
65535
65535
65535
65535
65535
65535
65535
65535
65535
65535
65535
65535
65535
65535
65535
65535
65535
65535
65535
65535
65535
65535
65535
65535
65535
65535
65535
65535
65535
65535
65535
65535
65535
65535
65535
65535
65535
65535
65535
65535
65535
65535
65535
65535
65535
65535
65535
65535
65535
65535
65535
65535
65535
65535
65535
65535
65535
65535
65535
65535
65535
65535
65535
65535
65535
65535
65535
65535
65535
65535
65535
65535
65535
65535
65535
65535
65535
65535
65535
65535
65535
65535
65535
65535
65535
65535
65535
65535
65535
65535
65535
65535
65535
65535
65535
65535
65535
65535
65535
65535
65535
65535
65535
65535
65535
65535
65535
65535
65535
65535
65535
65535
65535
65535
65535
65535
65535
65535
65535
65535
65535
65535
65535
65535
65535
65535
65535
65535
65535
65535
65535
65535
65535
65535
65535
65535
65535
65535
65535
65535
65535
65535
65535
65535
65535
65535
65535
65535
65535
65535
65535
65535
65535
65535
65535
65535
65535
65535
65535
65535
65535
65535
65535
65535
65535
65535
65535
65535
65535
65535
65535
65535
65535
65535
65535
65535
65535
65535
65535
65535
65535
65535
65535
65535
65535
65535
65535
65535
65535
65535
65535
65535
65535
65535
65535
65535
65535
65535
65535
65535
65535
65535
65535
65535
65535
65535
65535
65535
65535
65535
65535
65535
65535
65535
65535
65535
65535
65535
65535
65535
65535
65535
65535
65535
65535
65535
65535
65535
65535
65535
65535
65535
65535
65535
65535
65535
65535
65535
65535
65535
65535
65535
65535
65535
65535
65535
65535
65535
65535
65535
65535
65535
65535
65535
65535
65535
65535
65535
65535
65535
65535
65535
65535
65535
65535
65535
65535
65535
65535
65535
65535
65535
65535
65535
65535
65535
65535
65535
65535
65535
65535
65535
65535
65535
65535
65535
65535
65535
65535
65535
65535
65535
65535
65535
65535
65535
65535
65535
65535
65535
65535
65535
65535
65535
65535
65535
65535
65535
65535
65535
65535
65535
65535
65535
65535
65535
65535
65535
65535
65535
65535
65535
65535
65535
65535
65535
65535
65535
65535
65535
65535
65535
65535
65535
65535
65535
65535
65535
65535
65535
65535
65535
65535
65535
65535
65535
65535
65535
65535
65535
65535
65535
65535
65535
65535
65535
65535
65535
65535
65535
65535
65535
65535
65535
65535
65535
65535
65535
65535
65535
65535
65535
65535
65535
65535
65535
65535
65535
65535
65535
65535
65535
65535
65535
65535
65535
65535
65535
65535
65535
65535
65535
65535
65535
65535
65535
65535
65535
65535
65535
65535
65535
65535
65535
65535
65535
65535
65535
65535
65535
65535
65535
65535
65535
65535
65535
65535
65535
65535
65535
65535
65535
65535
65535
65535
65535
65535
65535
65535
65535
65535
65535
65535
65535
65535
65535
65535
65535
65535
65535
65535
65535
65535
65535
65535
65535
65535
65535
65535
65535
65535
65535
65535
65535
65535
65535
65535
65535
65535
65535
65535
65535
65535
65535
65535
65535
65535
65535
65535
65535
65535
65535
65535
65535
65535
65535
65535
65535
65535
65535
65535
65535
65535
65535
65535
65535
65535
65535
65535
65535
65535
65535
65535
65535
65535
65535
65535
65535
65535
65535
65535
65535
65535
65535
65535
65535
65535
65535
65535
65535
65535
65535
65535
65535
65535
65535
65535
65535
65535
65535
65535
65535
65535
65535
65535
65535
65535
65535
65535
65535
65535
65535
65535
65535
65535
65535
65535
65535
65535
65535
65535
65535
65535
65535
65535
65535
65535
65535
65535
65535
65535
65535
65535
65535
65535
65535
65535
65535
65535
65535
65535
65535
65535
65535
65535
65535
65535
65535
65535
65535
65535
65535
65535
65535
65535
65535
65535
65535
65535
65535
65535
65535
65535
65535
65535
65535
65535
65535
65535
65535
65535
65535
65535
65535
65535
65535
65535
65535
65535
65535
65535
65535
65535
65535
65535
65535
65535
65535
65535
65535
65535
65535
65535
65535
65535
65535
65535
65535
65535
65535
65535
65535
65535
65535
65535
65535
65535
65535
65535
65535
65535
65535
65535
65535
65535
65535
65535
65535
65535
65535
65535
65535
65535
65535
65535
65535
65535
65535
65535
65535
65535
65535
65535
65535
65535
65535
65535
65535
65535
65535
65535
65535
65535
65535
65535
65535
65535
65535
65535
65535
65535
65535
65535
65535
65535
65535
65535
65535
65535
65535
65535
65535
65535
65535
65535
65535
65535
65535
65535
65535
65535
65535
65535
65535
65535
65535
65535
65535
65535
65535
65535
65535
65535
65535
65535
65535
65535
65535
65535
65535
65535
65535
65535
65535
65535
65535
65535
65535
65535
65535
65535
65535
65535
65535
65535
65535
65535
65535
65535
65535
65535
65535
65535
65535
65535
65535
65535
65535
65535
65535
65535
65535
65535
65535
65535
65535
65535
65535
65535
65535
65535
65535
65535
65535
65535
65535
65535
65535
65535
65535
65535
65535
65535
65535
65535
65535
65535
65535
65535
65535
65535
65535
65535
65535
65535
65535
65535
65535
65535
65535
65535
65535
65535
65535
65535
65535
65535
65535
65535
65535
65535
65535
65535
65535
65535
65535
65535
65535
65535
65535
65535
65535
65535
65535
65535
65535
65535
65535
65535
65535
65535
65535
65535
65535
65535
65535
65535
65535
65535
65535
65535
65535
65535
65535
65535
65535
65535
65535
65535
65535
65535
65535
65535
65535
65535
65535
65535
65535
65535
65535
65535
65535
65535
65535
65535
65535
65535
65535
65535
65535
65535
65535
65535
65535
65535
65535
65535
65535
65535
65535
65535
65535
65535
65535
65535
65535
65535
65535
65535
65535
65535
65535
65535
65535
65535
65535
65535
65535
65535
65535
65535
65535
65535
65535
65535
65535
65535
65535
65535
65535
65535
65535
65535
65535
65535
65535
65535
65535
65535
65535
65535
65535
65535
65535
65535
65535
65535
65535
65535
65535
65535
65535
65535
65535
65535
65535
65535
65535
65535
65535
65535
65535
65535
65535
65535
65535
65535
65535
65535
65535
65535
65535
65535
65535
65535
65535
65535
65535
65535
65535
65535
65535
65535
65535
65535
65535
65535
65535
65535
65535
65535
65535
65535
65535
65535
65535
65535
65535
65535
65535
65535
65535
65535
65535
65535
65535
65535
65535
65535
65535
65535
65535
65535
65535
65535
65535
65535
65535
65535
65535
65535
65535
65535
65535
65535
65535
65535
65535
65535
65535
65535
65535
65535
65535
65535
65535
65535
65535
65535
65535
65535
65535
65535
65535
65535
65535
65535
65535
65535
65535
65535
65535
65535
65535
65535
65535
65535
65535
65535
65535
65535
65535
65535
65535
65535
65535
65535
65535
65535
65535
65535
65535
65535
65535
65535
65535
65535
65535
65535
65535
65535
65535
65535
65535
65535
65535
65535
65535
65535
65535
65535
65535
65535
65535
65535
65535
65535
65535
65535
65535
65535
65535
65535
65535
65535
65535
65535
65535
65535
65535
65535
65535
65535
65535
65535
65535
65535
65535
65535
65535
65535
65535
65535
65535
65535
65535
65535
65535
65535
65535
65535
65535
65535
65535
65535
65535
65535
65535
65535
65535
65535
65535
65535
65535
65535
65535
65535
65535
65535
65535
65535
65535
65535
65535
65535
65535
65535
65535
65535
65535
65535
65535
65535
65535
65535
65535
65535
65535
65535
65535
65535
65535
65535
65535
65535
65535
65535
65535
65535
65535
65535
65535
65535
65535
65535
65535
65535
65535
65535
65535
65535
65535
65535
65535
65535
65535
65535
65535
65535
65535
65535
65535
65535
65535
65535
65535
65535
65535
65535
65535
65535
65535
65535
65535
65535
65535
65535
65535
65535
65535
65535
65535
65535
65535
65535
65535
65535
65535
65535
65535
65535
65535
65535
65535
65535
65535
65535
65535
65535
65535
65535
65535
65535
65535
65535
65535
65535
65535
65535
65535
65535
65535
65535
65535
65535
65535
65535
65535
65535
65535
65535
65535
65535
65535
65535
65535
65535
65535
65535
65535
65535
65535
65535
65535
65535
65535
65535
65535
65535
65535
65535
65535
65535
65535
65535
65535
65535
65535
65535
65535
65535
65535
65535
65535
65535
65535
65535
65535
65535
65535
65535
65535
65535
65535
65535
65535
65535
65535
65535
65535
65535
65535
65535
65535
65535
65535
65535
65535
65535
65535
65535
65535
65535
65535
65535
65535
65535
65535
65535
65535
65535
65535
65535
65535
65535
65535
65535
65535
65535
65535
65535
65535
65535
65535
65535
65535
65535
65535
65535
65535
65535
65535
65535
65535
65535
65535
65535
65535
65535
65535
65535
65535
65535
65535
65535
65535
65535
65535
65535
65535
65535
65535
65535
65535
65535
65535
65535
65535
65535
65535
65535
65535
65535
65535
65535
65535
65535
65535
65535
65535
65535
65535
65535
65535
65535
65535
65535
65535
65535
65535
65535
65535
65535
65535
65535
65535
65535
65535
65535
65535
65535
65535
65535
65535
65535
65535
65535
65535
65535
65535
65535
65535
65535
65535
65535
65535
65535
65535
65535
65535
65535
65535
65535
65535
65535
65535
65535
65535
65535
65535
65535
65535
65535
65535
65535
65535
65535
65535
65535
65535
65535
65535
65535
65535
65535
65535
65535
65535
65535
65535
65535
65535
65535
65535
65535
65535
65535
65535
65535
65535
65535
65535
65535
65535
65535
65535
65535
65535
65535
65535
65535
65535
65535
65535
65535
65535
65535
65535
65535
65535
65535
65535
65535
65535
65535
65535
65535
65535
65535
65535
65535
65535
65535
65535
65535
65535
65535
65535
65535
65535
65535
65535
65535
65535
65535
65535
65535
65535
65535
65535
65535
65535
65535
65535
65535
65535
65535
65535
65535
65535
65535
65535
65535
65535
65535
65535
65535
65535
65535
65535
65535
65535
65535
65535
65535
65535
65535
65535
65535
65535
65535
65535
65535
65535
65535
65535
65535
65535
65535
65535
65535
65535
65535
65535
65535
65535
65535
65535
65535
65535
65535
65535
65535
65535
65535
65535
65535
65535
65535
65535
65535
65535
65535
65535
65535
65535
65535
65535
65535
65535
65535
65535
65535
65535
65535
65535
65535
65535
65535
65535
65535
65535
65535
65535
65535
65535
65535
65535
65535
65535
65535
65535
65535
65535
65535
65535
65535
65535
65535
65535
65535
65535
65535
65535
65535
65535
65535
65535
65535
65535
65535
65535
65535
65535
65535
65535
65535
65535
65535
65535
65535
65535
65535
65535
65535
65535
65535
65535
65535
65535
65535
65535
65535
65535
65535
65535
65535
65535
65535
65535
65535
65535
65535
65535
65535
65535
65535
65535
65535
65535
65535
65535
65535
65535
65535
65535
65535
65535
65535
65535
65535
65535
65535
65535
65535
65535
65535
65535
65535
65535
65535
65535
65535
65535
65535
65535
65535
65535
65535
65535
65535
65535
65535
65535
65535
65535
65535
65535
65535
65535
65535
65535
65535
65535
65535
65535
65535
65535
65535
65535
65535
65535
65535
65535
65535
65535
65535
65535
65535
65535
65535
65535
65535
65535
65535
65535
65535
65535
65535
65535
65535
65535
65535
65535
65535
65535
65535
65535
65535
65535
65535
65535
65535
65535
65535
65535
65535
65535
65535
65535
65535
65535
65535
65535
65535
65535
65535
65535
65535
65535
65535
65535
65535
65535
65535
65535
65535
65535
65535
65535
65535
65535
65535
65535
65535
65535
65535
65535
65535
65535
65535
65535
65535
65535
65535
65535
65535
65535
65535
65535
65535
65535
65535
65535
65535
65535
65535
65535
65535
65535
65535
65535
65535
65535
65535
65535
65535
65535
65535
65535
65535
65535
65535
65535
65535
65535
65535
65535
65535
65535
65535
65535
65535
65535
65535
65535
65535
65535
65535
65535
65535
65535
65535
65535
65535
65535
65535
65535
65535
65535
65535
65535
65535
65535
65535
65535
65535
65535
65535
65535
65535
65535
65535
65535
65535
65535
65535
65535
65535
65535
65535
65535
65535
65535
65535
65535
65535
65535
65535
65535
65535
65535
65535
65535
65535
65535
65535
65535
65535
65535
65535
65535
65535
65535
65535
65535
65535
65535
65535
65535
65535
65535
65535
65535
65535
65535
65535
65535
65535
65535
65535
65535
65535
65535
65535
65535
65535
65535
65535
65535
65535
65535
65535
65535
65535
65535
65535
65535
65535
65535
65535
65535
65535
65535
65535
65535
65535
65535
65535
65535
65535
65535
65535
65535
65535
65535
65535
65535
65535
65535
65535
65535
65535
65535
65535
65535
65535
65535
65535
65535
65535
65535
65535
65535
65535
65535
65535
65535
65535
65535
65535
65535
65535
65535
65535
65535
65535
65535
65535
65535
65535
65535
65535
65535
65535
65535
65535
65535
65535
65535
65535
65535
65535
65535
65535
65535
65535
65535
65535
65535
65535
65535
65535
65535
65535
65535
65535
65535
65535
65535
65535
65535
65535
65535
65535
65535
65535
65535
65535
65535
65535
65535
65535
65535
65535
65535
65535
65535
65535
65535
65535
65535
65535
65535
65535
65535
65535
65535
65535
65535
65535
65535
65535
65535
65535
65535
65535
65535
65535
65535
65535
65535
65535
65535
65535
65535
65535
65535
65535
65535
65535
65535
65535
65535
65535
65535
65535
65535
65535
65535
65535
65535
65535
65535
65535
65535
65535
65535
65535
65535
65535
65535
65535
65535
65535
65535
65535
65535
65535
65535
65535
65535
65535
65535
65535
65535
65535
65535
65535
65535
65535
65535
65535
65535
65535
65535
65535
65535
65535
65535
65535
65535
65535
65535
65535
65535
65535
65535
65535
65535
65535
65535
65535
65535
65535
65535
65535
65535
65535
65535
65535
65535
65535
65535
65535
65535
65535
65535
65535
65535
65535
65535
65535
65535
65535
65535
65535
65535
65535
65535
65535
65535
65535
65535
65535
65535
65535
65535
65535
65535
65535
65535
65535
65535
65535
65535
65535
65535
65535
65535
65535
65535
65535
65535
65535
65535
65535
65535
65535
65535
65535
65535
65535
65535
65535
65535
65535
65535
65535
65535
65535
65535
65535
65535
65535
65535
65535
65535
65535
65535
65535
65535
65535
65535
65535
65535
65535
65535
65535
65535
65535
65535
65535
65535
65535
65535
65535
65535
65535
65535
65535
65535
65535
65535
65535
65535
65535
65535
65535
65535
65535
65535
65535
65535
65535
65535
65535
65535
65535
65535
65535
65535
65535
65535
65535
65535
65535
65535
65535
65535
65535
65535
65535
65535
65535
65535
65535
65535
65535
65535
65535
65535
65535
65535
65535
65535
65535
65535
65535
65535
65535
65535
65535
65535
65535
65535
65535
65535
65535
65535
65535
65535
65535
65535
65535
65535
65535
65535
65535
65535
65535
65535
65535
65535
65535
65535
65535
65535
65535
65535
65535
65535
65535
65535
65535
65535
65535
65535
65535
65535
65535
65535
65535
65535
65535
65535
65535
65535
65535
65535
65535
65535
65535
65535
65535
65535
65535
65535
65535
65535
65535
65535
65535
65535
65535
65535
65535
65535
65535
65535
65535
65535
65535
65535
65535
65535
65535
65535
65535
65535
65535
65535
65535
65535
65535
65535
65535
65535
65535
65535
65535
65535
65535
65535
65535
65535
65535
65535
65535
65535
65535
65535
65535
65535
65535
65535
65535
65535
65535
65535
65535
65535
65535
65535
65535
65535
65535
65535
65535
65535
65535
65535
65535
65535
65535
65535
65535
65535
65535
65535
65535
65535
65535
65535
65535
65535
65535
65535
65535
65535
65535
65535
65535
65535
65535
65535
65535
65535
65535
65535
65535
65535
65535
65535
65535
65535
65535
65535
65535
65535
65535
65535
65535
65535
65535
65535
65535
65535
65535
65535
65535
65535
65535
65535
65535
65535
65535
65535
65535
65535
65535
65535
65535
65535
65535
65535
65535
65535
65535
65535
65535
65535
65535
65535
65535
65535
65535
65535
65535
65535
65535
65535
65535
65535
65535
65535
65535
65535
65535
65535
65535
65535
65535
65535
65535
65535
65535
65535
65535
65535
65535
65535
65535
65535
65535
65535
65535
65535
65535
65535
65535
65535
65535
65535
65535
65535
65535
65535
65535
65535
65535
65535
65535
65535
65535
65535
65535
65535
65535
65535
65535
65535
65535
65535
65535
65535
65535
65535
65535
65535
65535
65535
65535
65535
65535
65535
65535
65535
65535
65535
65535
65535
65535
65535
65535
65535
65535
65535
65535
65535
65535
65535
65535
65535
65535
65535
65535
65535
65535
65535
65535
65535
65535
65535
65535
65535
65535
65535
65535
65535
65535
65535
65535
65535
65535
65535
65535
65535
65535
65535
65535
65535
65535
65535
65535
65535
65535
65535
65535
65535
65535
65535
65535
65535
65535
65535
65535
65535
65535
65535
65535
65535
65535
65535
65535
65535
65535
65535
65535
65535
65535
65535
65535
65535
65535
65535
65535
65535
65535
65535
65535
65535
65535
65535
65535
65535
65535
65535
65535
65535
65535
65535
65535
65535
65535
65535
65535
65535
65535
65535
65535
65535
65535
65535
65535
65535
65535
65535
65535
65535
65535
65535
65535
65535
65535
65535
65535
65535
65535
65535
65535
65535
65535
65535
65535
65535
65535
65535
65535
65535
65535
65535
65535
65535
65535
65535
65535
65535
65535
65535
65535
65535
65535
65535
65535
65535
65535
65535
65535
65535
65535
65535
65535
65535
65535
65535
65535
65535
65535
65535
65535
65535
65535
65535
65535
65535
65535
65535
65535
65535
65535
65535
65535
65535
65535
65535
65535
65535
65535
65535
65535
65535
65535
65535
65535
65535
65535
65535
65535
65535
65535
65535
65535
65535
65535
65535
65535
65535
65535
65535
65535
65535
65535
65535
65535
65535
65535
65535
65535
65535
65535
65535
65535
65535
65535
65535
65535
65535
65535
65535
65535
65535
65535
65535
65535
65535
65535
65535
65535
65535
65535
65535
65535
65535
65535
65535
65535
65535
65535
65535
65535
65535
65535
65535
65535
65535
65535
65535
65535
65535
65535
65535
65535
65535
65535
65535
65535
65535
65535
65535
65535
65535
65535
65535
65535
65535
65535
65535
65535
65535
65535
65535
65535
65535
65535
65535
65535
65535
65535
65535
65535
65535
65535
65535
65535
65535
65535
65535
65535
65535
65535
65535
65535
65535
65535
65535
65535
65535
65535
65535
65535
65535
65535
65535
65535
65535
65535
65535
65535
65535
65535
65535
65535
65535
65535
65535
65535
65535
65535
65535
65535
65535
65535
65535
65535
65535
65535
65535
65535
65535
65535
65535
65535
65535
65535
65535
65535
65535
65535
65535
65535
65535
65535
65535
65535
65535
65535
65535
65535
65535
65535
65535
65535
65535
65535
65535
65535
65535
65535
65535
65535
65535
65535
65535
65535
65535
65535
65535
65535
65535
65535
65535
65535
65535
65535
65535
65535
65535
65535
65535
65535
65535
65535
65535
65535
65535
65535
65535
65535
65535
65535
65535
65535
65535
65535
65535
65535
65535
65535
65535
65535
65535
65535
65535
65535
65535
65535
65535
65535
65535
65535
65535
65535
65535
65535
65535
65535
65535
65535
65535
65535
65535
65535
65535
65535
65535
65535
65535
65535
65535
65535
65535
65535
65535
65535
65535
65535
65535
65535
65535
65535
65535
65535
65535
65535
65535
65535
65535
65535
65535
65535
65535
65535
65535
65535
65535
65535
65535
65535
65535
65535
65535
65535
65535
65535
65535
65535
65535
65535
65535
65535
65535
65535
65535
65535
65535
65535
65535
65535
65535
65535
65535
65535
65535
65535
65535
65535
65535
65535
65535
65535
65535
65535
65535
65535
65535
65535
65535
65535
65535
65535
65535
65535
65535
65535
65535
65535
65535
65535
65535
65535
65535
65535
65535
65535
65535
65535
65535
65535
65535
65535
65535
65535
65535
65535
65535
65535
65535
65535
65535
65535
65535
65535
65535
65535
65535
65535
65535
65535
65535
65535
65535
65535
65535
65535
65535
65535
65535
65535
65535
65535
65535
65535
65535
65535
65535
65535
65535
65535
65535
65535
65535
65535
65535
65535
65535
65535
65535
65535
65535
65535
65535
65535
65535
65535
65535
65535
65535
65535
65535
65535
65535
65535
65535
65535
65535
65535
65535
65535
65535
65535
65535
65535
65535
65535
65535
65535
65535
65535
65535
65535
65535
65535
65535
65535
65535
65535
65535
65535
65535
65535
65535
65535
65535
65535
65535
65535
65535
65535
65535
65535
65535
65535
65535
65535
65535
65535
65535
65535
65535
65535
65535
65535
65535
65535
65535
65535
65535
65535
65535
65535
65535
65535
65535
65535
65535
65535
65535
65535
65535
65535
65535
65535
65535
65535
65535
65535
65535
65535
65535
65535
65535
65535
65535
65535
65535
65535
65535
65535
65535
65535
65535
65535
65535
65535
65535
65535
65535
65535
65535
65535
65535
65535
65535
65535
65535
65535
65535
65535
65535
65535
65535
65535
65535
65535
65535
65535
65535
65535
65535
65535
65535
65535
65535
65535
65535
65535
65535
65535
65535
65535
65535
65535
65535
65535
65535
65535
65535
65535
65535
65535
65535
65535
65535
65535
65535
65535
65535
65535
65535
65535
65535
65535
65535
65535
65535
65535
65535
65535
65535
65535
65535
65535
65535
65535
65535
65535
65535
65535
65535
65535
65535
65535
65535
65535
65535
65535
65535
65535
65535
65535
65535
65535
65535
65535
65535
65535
65535
65535
65535
65535
65535
65535
65535
65535
65535
65535
65535
65535
65535
65535
65535
65535
65535
65535
65535
65535
65535
65535
65535
65535
65535
65535
65535
65535
65535
65535
65535
65535
65535
65535
65535
65535
65535
65535
65535
65535
65535
65535
65535
65535
65535
65535
65535
65535
65535
65535
65535
65535
65535
65535
65535
65535
65535
65535
65535
65535
65535
65535
65535
65535
65535
65535
65535
65535
65535
65535
65535
65535
65535
65535
65535
65535
65535
65535
65535
65535
65535
65535
65535
65535
65535
65535
65535
65535
65535
65535
65535
65535
65535
65535
65535
65535
65535
65535
65535
65535
65535
65535
65535
65535
65535
65535
65535
65535
65535
65535
65535
65535
65535
65535
65535
65535
65535
65535
65535
65535
65535
65535
65535
65535
65535
65535
65535
65535
65535
65535
65535
65535
65535
65535
65535
65535
65535
65535
65535
65535
65535
65535
65535
65535
65535
65535
65535
65535
65535
65535
65535
65535
65535
65535
65535
65535
65535
65535
65535
65535
65535
65535
65535
65535
65535
65535
65535
65535
65535
65535
65535
65535
65535
65535
65535
65535
65535
65535
65535
65535
65535
65535
65535
65535
65535
65535
65535
65535
65535
65535
65535
65535
65535
65535
65535
65535
65535
65535
65535
65535
65535
65535
65535
65535
65535
65535
65535
65535
65535
65535
65535
65535
65535
65535
65535
65535
65535
65535
65535
65535
65535
65535
65535
65535
65535
65535
65535
65535
65535
65535
65535
65535
65535
65535
65535
65535
65535
65535
65535
65535
65535
65535
65535
65535
65535
65535
65535
65535
65535
65535
65535
65535
65535
65535
65535
65535
65535
65535
65535
65535
65535
65535
65535
65535
65535
65535
65535
65535
65535
65535
65535
65535
65535
65535
65535
65535
65535
65535
65535
65535
65535
65535
65535
65535
65535
65535
65535
65535
65535
65535
65535
65535
65535
65535
65535
65535
65535
65535
65535
65535
65535
65535
65535
65535
65535
65535
65535
65535
65535
65535
65535
65535
65535
65535
65535
65535
65535
65535
65535
65535
65535
65535
65535
65535
65535
65535
65535
65535
65535
65535
65535
65535
65535
65535
65535
65535
65535
65535
65535
65535
65535
65535
65535
65535
65535
65535
65535
65535
65535
65535
65535
65535
65535
65535
65535
65535
65535
65535
65535
65535
65535
65535
65535
65535
65535
65535
65535
65535
65535
65535
65535
65535
65535
65535
65535
65535
65535
65535
65535
65535
65535
65535
65535
65535
65535
65535
65535
65535
65535
65535
65535
65535
65535
65535
65535
65535
65535
65535
65535
65535
65535
65535
65535
65535
65535
65535
65535
65535
65535
65535
65535
65535
65535
65535
65535
65535
65535
65535
65535
65535
65535
65535
65535
65535
65535
65535
65535
65535
65535
65535
65535
65535
65535
65535
65535
65535
65535
65535
65535
65535
65535
65535
65535
65535
65535
65535
65535
65535
65535
65535
65535
65535
65535
65535
65535
65535
65535
65535
65535
65535
65535
65535
65535
65535
65535
65535
65535
65535
65535
65535
65535
65535
65535
65535
65535
65535
65535
65535
65535
65535
65535
65535
65535
65535
65535
65535
65535
65535
65535
65535
65535
65535
65535
65535
65535
65535
65535
65535
65535
65535
65535
65535
65535
65535
65535
65535
65535
65535
65535
65535
65535
65535
65535
65535
65535
65535
65535
65535
65535
65535
65535
65535
65535
65535
65535
65535
65535
65535
65535
65535
65535
65535
65535
65535
65535
65535
65535
65535
65535
65535
65535
65535
65535
65535
65535
65535
65535
65535
65535
65535
65535
65535
65535
65535
65535
65535
65535
65535
65535
65535
65535
65535
65535
65535
65535
65535
65535
65535
65535
65535
65535
65535
65535
65535
65535
65535
65535
65535
65535
65535
65535
65535
65535
65535
65535
65535
65535
65535
65535
65535
65535
65535
65535
65535
65535
65535
65535
65535
65535
65535
65535
65535
65535
65535
65535
65535
65535
65535
65535
65535
65535
65535
65535
65535
65535
65535
65535
65535
65535
65535
65535
65535
65535
65535
65535
65535
65535
65535
65535
65535
65535
65535
65535
65535
65535
65535
65535
65535
65535
65535
65535
65535
65535
65535
65535
65535
65535
65535
65535
65535
65535
65535
65535
65535
65535
65535
65535
65535
65535
65535
65535
65535
65535
65535
65535
65535
65535
65535
65535
65535
65535
65535
65535
65535
65535
65535
65535
65535
65535
65535
65535
65535
65535
65535
65535
65535
65535
65535
65535
65535
65535
65535
65535
65535
65535
65535
65535
65535
65535
65535
65535
65535
65535
65535
65535
65535
65535
65535
65535
65535
65535
65535
65535
65535
65535
65535
65535
65535
65535
65535
65535
65535
65535
65535
65535
65535
65535
65535
65535
65535
65535
65535
65535
65535
65535
65535
65535
65535
65535
65535
65535
65535
65535
65535
65535
65535
65535
65535
65535
65535
65535
65535
65535
65535
65535
65535
65535
65535
65535
65535
65535
65535
65535
65535
65535
65535
65535
65535
65535
65535
65535
65535
65535
65535
65535
65535
65535
65535
65535
65535
65535
65535
65535
65535
65535
65535
65535
65535
65535
65535
65535
65535
65535
65535
65535
65535
65535
65535
65535
65535
65535
65535
65535
65535
65535
65535
65535
65535
65535
65535
65535
65535
65535
65535
65535
65535
65535
65535
65535
65535
65535
65535
65535
65535
65535
65535
65535
65535
65535
65535
65535
65535
65535
65535
65535
65535
65535
65535
65535
65535
65535
65535
65535
65535
65535
65535
65535
65535
65535
65535
65535
65535
65535
65535
65535
65535
65535
65535
65535
65535
65535
65535
65535
65535
65535
65535
65535
65535
65535
65535
65535
65535
65535
65535
65535
65535
65535
65535
65535
65535
65535
65535
65535
65535
65535
65535
65535
65535
65535
65535
65535
65535
65535
65535
65535
65535
65535
65535
65535
65535
65535
65535
65535
65535
65535
65535
65535
65535
65535
65535
65535
65535
65535
65535
65535
65535
65535
65535
65535
65535
65535
65535
65535
65535
65535
65535
65535
65535
65535
65535
65535
65535
65535
65535
65535
65535
65535
65535
65535
65535
65535
65535
65535
65535
65535
65535
65535
65535
65535
65535
65535
65535
65535
65535
65535
65535
65535
65535
65535
65535
65535
65535
65535
65535
65535
65535
65535
65535
65535
65535
65535
65535
65535
65535
65535
65535
65535
65535
65535
65535
65535
65535
65535
65535
65535
65535
65535
65535
65535
65535
65535
65535
65535
65535
65535
65535
65535
65535
65535
65535
65535
65535
65535
65535
65535
65535
65535
65535
65535
65535
65535
65535
65535
65535
65535
65535
65535
65535
65535
65535
65535
65535
65535
65535
65535
65535
65535
65535
65535
65535
65535
65535
65535
65535
65535
65535
65535
65535
65535
65535
65535
65535
65535
65535
65535
65535
65535
65535
65535
65535
65535
65535
65535
65535
65535
65535
65535
65535
65535
65535
65535
65535
65535
65535
65535
65535
65535
65535
65535
65535
65535
65535
65535
65535
65535
65535
65535
65535
65535
65535
65535
65535
65535
65535
65535
65535
65535
65535
65535
65535
65535
65535
65535
65535
65535
65535
65535
65535
65535
65535
65535
65535
65535
65535
65535
65535
65535
65535
65535
65535
65535
65535
65535
65535
65535
65535
65535
65535
65535
65535
65535
65535
65535
65535
65535
65535
65535
65535
65535
65535
65535
65535
65535
65535
65535
65535
65535
65535
65535
65535
65535
65535
65535
65535
65535
65535
65535
65535
65535
65535
65535
65535
65535
65535
65535
65535
65535
65535
65535
65535
65535
65535
65535
65535
65535
65535
65535
65535
65535
65535
65535
65535
65535
65535
65535
65535
65535
65535
65535
65535
65535
65535
65535
65535
65535
65535
65535
65535
65535
65535
65535
65535
65535
65535
65535
65535
65535
65535
65535
65535
65535
65535
65535
65535
65535
65535
65535
65535
65535
65535
65535
65535
65535
65535
65535
65535
65535
65535
65535
65535
65535
65535
65535
65535
65535
65535
65535
65535
65535
65535
65535
65535
65535
65535
65535
65535
65535
65535
65535
65535
65535
65535
65535
65535
65535
65535
65535
65535
65535
65535
65535
65535
65535
65535
65535
65535
65535
65535
65535
65535
65535
65535
65535
65535
65535
65535
65535
65535
65535
65535
65535
65535
65535
65535
65535
65535
65535
65535
65535
65535
65535
65535
65535
65535
65535
65535
65535
65535
65535
65535
65535
65535
65535
65535
65535
65535
65535
65535
65535
65535
65535
65535
65535
65535
65535
65535
65535
65535
65535
65535
65535
65535
65535
65535
65535
65535
65535
65535
65535
65535
65535
65535
65535
65535
65535
65535
65535
65535
65535
65535
65535
65535
65535
65535
65535
65535
65535
65535
65535
65535
65535
65535
65535
65535
65535
65535
65535
65535
65535
65535
65535
65535
65535
65535
65535
65535
65535
65535
65535
65535
65535
65535
65535
65535
65535
65535
65535
65535
65535
65535
65535
65535
65535
65535
65535
65535
65535
65535
65535
65535
65535
65535
65535
65535
65535
65535
65535
65535
65535
65535
65535
65535
65535
65535
65535
65535
65535
65535
65535
65535
65535
65535
65535
65535
65535
65535
65535
65535
65535
65535
65535
65535
65535
65535
65535
65535
65535
65535
65535
65535
65535
65535
65535
65535
65535
65535
65535
65535
65535
65535
65535
65535
65535
65535
65535
65535
65535
65535
65535
65535
65535
65535
65535
65535
65535
65535
65535
65535
65535
65535
65535
65535
65535
65535
65535
65535
65535
65535
65535
65535
65535
65535
65535
65535
65535
65535
65535
65535
65535
65535
65535
65535
65535
65535
65535
65535
65535
65535
65535
65535
65535
65535
65535
65535
65535
65535
65535
65535
65535
65535
65535
65535
65535
65535
65535
65535
65535
65535
65535
65535
65535
65535
65535
65535
65535
65535
65535
65535
65535
65535
65535
65535
65535
65535
65535
65535
65535
65535
65535
65535
65535
65535
65535
65535
65535
65535
65535
65535
65535
65535
65535
65535
65535
65535
65535
65535
65535
65535
65535
65535
65535
65535
65535
65535
65535
65535
65535
65535
65535
65535
65535
65535
65535
65535
65535
65535
65535