0
0
1
1
2
2
3
3
4
5
5
6
7
7
8
9
10
11
12
13
13
14
15
16
18
19
20
21
22
23
25
26
27
28
30
32
33
35
37
38
40
41
43
45
47
49
51
53
55
56
58
60
63
65
67
69
71
74
76
77
79
82
84
86
88
91
93
95
97
99
102
104
106
108
110
112
115
117
119
121
124
126
129
131
134
136
139
141
144
147
150
152
155
158
160
163
166
168
171
174
176
178
181
183
186
188
191
194
196
199
202
204
207
209
212
215
217
220
223
225
228
231
234
237
239
241
243
246
249
252
255
257
259
262
265
268
270
273
276
278
281
284
286
288
291
293
297
299
301
304
306
309
311
314
316
318
321
323
326
329
331
334
336
339
341
344
346
349
351
353
356
359
361
364
367
370
374
376
379
381
384
386
389
391
394
396
398
401
404
406
409
411
413
415
418
420
423
425
427
429
432
434
437
440
443
445
447
450
453
455
457
459
461
465
467
470
472
475
478
480
483
486
488
490
492
495
498
501
503
505
507
510
512
514
516
518
520
522
525
527
530
532
533
536
538
539
542
544
546
548
551
553
555
558
560
563
565
567
568
570
572
575
577
580
582
584
585
588
590
592
594
596
598
600
602
604
606
608
610
613
614
617
619
621
623
625
627
628
631
632
635
637
639
641
643
645
648
650
652
654
655
658
660
662
664
666
668
669
670
672
674
676
678
680
682
684
686
688
690
691
694
696
698
701
703
706
707
710
711
713
715
716
718
719
722
724
725
727
729
731
733
735
737
739
741
744
745
747
749
751
753
755
757
759
761
763
766
768
769
772
774
776
778
780
782
785
786
788
790
792
794
796
799
800
802
804
805
807
809
811
813
815
817
819
821
822
824
826
828
831
832
834
836
838
840
842
844
846
848
850
852
854
856
858
860
863
865
866
869
871
873
875
877
879
881
882
885
887
889
891
893
895
897
899
901
904
906
908
910
912
915
916
918
920
922
923
926
928
930
932
933
936
938
940
942
945
947
948
950
953
954
956
958
961
963
965
967
968
971
972
974
977
979
981
983
985
987
989
992
993
995
998
999
1001
1003
1005
1008
1010
1012
1014
1016
1018
1020
1023
1024
1027
1029
1031
1033
1035
1037
1040
1042
1044
1047
1048
1050
1052
1054
1056
1058
1060
1063
1065
1067
1069
1071
1073
1075
1077
1079
1080
1082
1083
1086
1088
1090
1092
1094
1097
1098
1101
1103
1105
1107
1110
1111
1113
1116
1118
1120
1122
1124
1127
1129
1131
1134
1136
1138
1140
1143
1145
1148
1150
1153
1155
1157
1159
1161
1164
1167
1169
1171
1173
1175
1178
1179
1181
1184
1186
1188
1190
1193
1195
1198
1200
1203
1206
1208
1211
1213
1216
1218
1220
1223
1225
1227
1230
1232
1234
1236
1239
1241
1244
1246
1249
1251
1254
1255
1258
1260
1262
1264
1267
1269
1272
1274
1276
1278
1280
1283
1285
1287
1290
1293
1295
1298
1300
1302
1305
1308
1310
1312
1315
1317
1320
1322
1324
1326
1328
1331
1333
1335
1338
1341
1343
1346
1349
1352
1354
1357
1360
1362
1365
1368
1371
1374
1377
1379
1382
1385
1387
1389
1392
1394
1397
1399
1402
1404
1407
1410
1413
1416
1419
1422
1425
1428
1431
1434
1436
1439
1441
1445
1447
1450
1452
1455
1458
1461
1463
1465
1468
1470
1473
1475
1478
1481
1484
1487
1489
1491
1494
1496
1498
1500
1503
1506
1508
1512
1514
1517
1519
1523
1525
1528
1531
1534
1537
1540
1543
1546
1548
1551
1554
1557
1560
1563
1566
1569
1572
1574
1577
1580
1584
1587
1590
1592
1594
1598
1601
1604
1607
1610
1614
1617
1620
1624
1626
1629
1631
1635
1638
1641
1644
1647
1650
1654
1657
1661
1664
1667
1670
1672
1675
1678
1681
1684
1688
1690
1693
1697
1700
1702
1705
1709
1712
1715
1718
1722
1725
1728
1730
1733
1737
1740
1743
1747
1749
1754
1758
1760
1763
1766
1769
1773
1776
1780
1783
1786
1789
1792
1796
1800
1803
1806
1809
1813
1815
1819
1822
1825
1829
1834
1836
1840
1842
1845
1849
1852
1855
1859
1862
1865
1869
1872
1876
1879
1883
1887
1889
1893
1897
1900
1903
1907
1910
1912
1917
1921
1925
1929
1933
1936
1939
1944
1947
1951
1954
1958
1961
1965
1970
1974
1977
1981
1984
1988
1991
1994
1998
2002
2006
2009
2013
2016
2020
2024
2028
2032
2036
2040
2044
2048
2051
2056
2059
2063
2066
2070
2074
2078
2081
2085
2089
2093
2097
2101
2105
2108
2113
2117
2121
2124
2128
2131
2135
2139
2142
2146
2151
2154
2158
2163
2167
2170
2175
2179
2183
2187
2191
2195
2199
2203
2207
2212
2215
2219
2223
2227
2230
2235
2240
2244
2248
2253
2257
2260
2265
2269
2273
2278
2282
2286
2290
2294
2298
2302
2306
2310
2314
2319
2323
2327
2332
2335
2339
2343
2348
2351
2355
2359
2363
2368
2372
2376
2380
2383
2387
2392
2396
2400
2405
2408
2412
2418
2422
2426
2430
2434
2439
2443
2448
2453
2457
2461
2466
2471
2475
2480
2484
2488
2492
2496
2501
2505
2509
2514
2518
2523
2526
2530
2534
2539
2544
2548
2553
2557
2562
2566
2570
2575
2581
2585
2590
2594
2598
2602
2607
2611
2616
2620
2625
2630
2635
2639
2645
2649
2654
2659
2664
2669
2673
2678
2683
2688
2693
2698
2702
2707
2713
2718
2723
2727
2731
2736
2741
2745
2750
2754
2758
2763
2768
2773
2779
2784
2788
2792
2797
2802
2806
2811
2816
2821
2826
2830
2835
2840
2845
2850
2855
2860
2866
2871
2876
2880
2885
2890
2894
2899
2904
2908
2913
2917
2922
2927
2932
2937
2942
2947
2952
2957
2962
2966
2971
2976
2981
2985
2990
2995
3000
3005
3010
3015
3019
3024
3029
3034
3040
3045
3050
3055
3061
3066
3071
3076
3082
3088
3094
3098
3104
3109
3114
3119
3124
3129
3135
3141
3146
3151
3156
3161
3166
3171
3176
3181
3187
3192
3196
3202
3206
3212
3217
3222
3227
3231
3236
3242
3247
3253
3259
3264
3269
3275
3281
3285
3291
3296
3301
3306
3311
3317
3322
3328
3334
3340
3345
3351
3356
3362
3368
3372
3378
3384
3389
3394
3399
3405
3411
3416
3422
3427
3432
3437
3443
3449
3455
3460
3464
3469
3474
3479
3486
3491
3496
3502
3506
3511
3515
3521
3526
3532
3538
3543
3548
3553
3559
3565
3570
3576
3582
3586
3592
3598
3604
3610
3615
3621
3626
3631
3637
3643
3648
3654
3660
3666
3671
3676
3682
3687
3692
3697
3703
3708
3713
3719
3726
3731
3736
3742
3747
3752
3758
3764
3770
3775
3780
3785
3792
3797
3803
3808
3814
3820
3826
3833
3840
3846
3851
3858
3864
3870
3876
3881
3887
3893
3898
3904
3909
3915
3920
3926
3933
3939
3944
3950
3956
3962
3969
3974
3980
3987
3992
3998
4003
4009
4015
4020
4026
4032
4037
4043
4048
4054
4060
4066
4072
4078
4084
4090
4095
4102
4107
4113
4119
4125
4131
4136
4142
4149
4154
4160
4166
4172
4177
4183
4188
4195
4200
4206
4211
4216
4222
4227
4233
4240
4246
4252
4257
4263
4268
4274
4281
4286
4292
4299
4305
4311
4317
4323
4329
4334
4341
4346
4353
4358
4365
4371
4378
4384
4389
4397
4402
4408
4415
4421
4427
4433
4439
4446
4452
4458
4463
4470
4476
4482
4488
4495
4501
4507
4514
4520
4525
4532
4538
4544
4551
4557
4564
4570
4575
4582
4587
4593
4601
4607
4612
4618
4624
4629
4635
4641
4647
4653
4658
4664
4670
4676
4683
4689
4696
4703
4709
4715
4721
4727
4734
4740
4747
4754
4761
4767
4773
4779
4786
4792
4798
4804
4810
4817
4823
4828
4834
4842
4848
4854
4859
4865
4872
4878
4884
4888
4895
4901
4907
4913
4919
4926
4932
4938
4946
4952
4958
4964
4971
4976
4982
4987
4994
5000
5006
5012
5018
5025
5032
5037
5042
5048
5055
5062
5067
5074
5080
5086
5092
5098
5105
5111
5118
5123
5129
5135
5141
5147
5154
5160
5166
5172
5179
5185
5191
5197
5204
5210
5217
5222
5229
5235
5241
5247
5253
5259
5266
5272
5279
5286
5292
5298
5304
5311
5317
5322
5328
5333
5340
5346
5353
5359
5365
5371
5378
5384
5390
5395
5401
5407
5414
5421
5426
5433
5439
5445
5451
5458
5465
5471
5476
5481
5489
5495
5501
5507
5513
5520
5526
5531
5537
5543
5549
5555
5560
5566
5573
5578
5584
5591
5598
5605
5611
5618
5624
5629
5635
5641
5649
5654
5660
5666
5671
5677
5683
5688
5693
5700
5705
5712
5719
5724
5731
5737
5743
5750
5755
5762
5769
5775
5780
5787
5793
5800
5806
5812
5817
5823
5829
5834
5841
5846
5853
5859
5865
5871
5877
5883
5888
5893
5900
5906
5913
5918
5924
5930
5936
5942
5948
5953
5959
5965
5971
5977
5983
5989
5995
6000
6007
6013
6018
6024
6030
6036
6042
6048
6055
6061
6066
6071
6077
6083
6089
6095
6100
6106
6112
6118
6123
6129
6135
6142
6148
6153
6158
6164
6170
6176
6181
6186
6191
6197
6202
6208
6213
6218
6224
6229
6235
6240
6246
6250
6256
6262
6266
6272
6277
6282
6288
6293
6298
6303
6308
6313
6319
6324
6330
6335
6341
6346
6352
6357
6362
6367
6372
6378
6383
6388
6393
6398
6402
6406
6410
6415
6420
6425
6430
6435
6439
6444
6449
6454
6459
6463
6468
6473
6479
6483
6488
6493
6498
6503
6508
6513
6518
6524
6529
6533
6538
6543
6547
6552
6557
6562
6566
6571
6576
6580
6585
6590
6594
6598
6603
6608
6613
6619
6623
6628
6632
6637
6641
6646
6651
6655
6660
6665
6669
6675
6678
6683
6688
6693
6697
6703
6708
6712
6717
6722
6727
6731
6736
6740
6744
6749
6754
6758
6763
6767
6773
6777
6781
6786
6791
6795
6799
6803
6807
6813
6817
6821
6825
6831
6836
6840
6844
6849
6854
6859
6863
6867
6871
6875
6880
6884
6889
6893
6898
6903
6908
6912
6916
6921
6925
6930
6934
6939
6944
6948
6953
6958
6962
6967
6972
6977
6981
6985
6990
6995
7000
7004
7009
7014
7020
7024
7029
7034
7039
7044
7049
7054
7058
7063
7068
7072
7078
7082
7087
7093
7098
7103
7107
7111
7115
7120
7125
7130
7135
7140
7145
7150
7156
7160
7165
7171
7176
7181
7186
7191
7196
7200
7205
7210
7216
7220
7226
7232
7238
7244
7250
7254
7259
7264
7269
7274
7279
7284
7289
7294
7299
7304
7310
7316
7321
7326
7333
7339
7343
7349
7355
7360
7366
7371
7377
7383
7388
7392
7397
7403
7408
7413
7419
7424
7430
7435
7440
7446
7450
7455
7461
7467
7473
7479
7484
7489
7496
7502
7508
7514
7520
7526
7531
7536
7542
7547
7554
7560
7565
7571
7576
7582
7587
7593
7600
7606
7611
7617
7624
7630
7636
7643
7650
7655
7662
7667
7674
7680
7686
7692
7698
7703
7710
7718
7723
7729
7736
7742
7747
7753
7760
7765
7771
7777
7783
7790
7796
7802
7810
7816
7822
7828
7834
7841
7847
7853
7859
7866
7873
7880
7886
7892
7898
7905
7912
7919
7926
7933
7939
7946
7953
7960
7967
7974
7981
7986
7992
7999
8005
8012
8018
8025
8032
8039
8046
8053
8059
8066
8072
8080
8087
8093
8099
8106
8112
8119
8127
8134
8141
8148
8155
8162
8168
8175
8181
8188
8196
8202
8209
8216
8222
8230
8237
8244
8251
8259
8265
8272
8279
8286
8293
8300
8306
8313
8320
8329
8336
8343
8350
8357
8365
8372
8379
8386
8394
8402
8412
8419
8425
8433
8440
8448
8455
8462
8470
8478
8486
8494
8502
8510
8517
8524
8532
8540
8549
8558
8565
8572
8581
8589
8597
8605
8614
8622
8631
8639
8648
8657
8665
8674
8681
8689
8697
8706
8715
8724
8732
8741
8749
8757
8765
8772
8781
8789
8797
8805
8813
8822
8829
8838
8845
8854
8863
8872
8879
8887
8896
8904
8912
8920
8929
8938
8946
8953
8961
8972
8980
8988
8998
9008
9017
9026
9034
9043
9053
9061
9071
9080
9089
9099
9110
9119
9128
9137
9146
9155
9164
9174
9182
9191
9200
9210
9218
9226
9235
9245
9254
9263
9273
9283
9292
9303
9314
9323
9332
9342
9353
9362
9371
9381
9391
9402
9410
9420
9429
9439
9450
9460
9469
9479
9490
9500
9509
9520
9530
9541
9550
9560
9570
9581
9592
9601
9610
9621
9630
9639
9649
9659
9670
9681
9692
9703
9713
9724
9734
9745
9755
9766
9777
9788
9799
9809
9820
9830
9839
9850
9862
9871
9883
9895
9906
9918
9929
9940
9951
9962
9973
9984
9995
10006
10017
10029
10040
10051
10062
10073
10083
10094
10104
10115
10127
10138
10149
10160
10171
10182
10192
10204
10215
10227
10239
10250
10264
10275
10286
10297
10309
10320
10331
10343
10355
10367
10379
10392
10404
10416
10428
10440
10452
10463
10475
10486
10499
10512
10525
10537
10550
10563
10575
10588
10601
10614
10627
10640
10652
10666
10679
10690
10704
10717
10730
10744
10757
10770
10784
10797
10809
10821
10835
10848
10861
10876
10887
10900
10913
10927
10941
10954
10967
10981
10995
11009
11024
11038
11052
11066
11081
11095
11108
11125
11140
11154
11166
11181
11196
11212
11227
11242
11256
11270
11284
11298
11312
11327
11343
11358
11371
11386
11400
11415
11431
11446
11461
11476
11490
11505
11520
11535
11551
11566
11581
11595
11611
11627
11643
11659
11674
11691
11705
11719
11736
11752
11768
11783
11799
11814
11830
11845
11861
11879
11894
11910
11927
11942
11959
11975
11992
12008
12026
12042
12058
12074
12092
12109
12126
12143
12161
12178
12195
12212
12229
12246
12264
12283
12300
12317
12335
12354
12373
12390
12407
12428
12445
12463
12481
12499
12518
12536
12554
12573
12592
12610
12628
12646
12664
12683
12700
12718
12737
12755
12774
12793
12813
12832
12853
12871
12889
12908
12926
12946
12966
12986
13005
13025
13044
13064
13086
13106
13125
13147
13167
13188
13208
13229
13249
13272
13293
13315
13337
13358
13380
13401
13421
13442
13463
13486
13507
13529
13549
13571
13592
13615
13636
13658
13681
13703
13726
13746
13769
13791
13814
13836
13859
13883
13905
13926
13951
13973
13995
14020
14045
14067
14091
14115
14138
14162
14185
14209
14234
14256
14280
14305
14329
14354
14379
14405
14428
14453
14479
14504
14529
14553
14578
14606
14630
14658
14685
14711
14737
14762
14788
14814
14841
14868
14894
14921
14948
14977
15004
15031
15059
15085
15113
15140
15167
15196
15223
15249
15279
15307
15335
15363
15390
15419
15448
15478
15507
15537
15566
15595
15623
15652
15681
15711
15741
15770
15801
15831
15862
15891
15922
15953
15986
16015
16047
16080
16111
16140
16172
16204
16235
16265
16300
16332
16365
16398
16431
16465
16498
16533
16568
16602
16635
16669
16702
16737
16773
16809
16845
16880
16913
16948
16985
17020
17055
17090
17125
17160
17196
17232
17270
17305
17342
17380
17419
17457
17496
17532
17573
17612
17651
17690
17730
17770
17807
17847
17890
17928
17971
18011
18052
18094
18135
18175
18216
18256
18301
18341
18385
18429
18473
18515
18560
18605
18650
18697
18741
18789
18832
18879
18927
18976
19021
19068
19115
19162
19211
19258
19310
19361
19411
19459
19508
19557
19607
19660
19714
19763
19815
19867
19917
19966
20020
20073
20128
20184
20237
20292
20343
20397
20453
20508
20563
20623
20679
20736
20793
20852
20911
20967
21025
21084
21144
21203
21265
21325
21387
21450
21513
21578
21640
21703
21768
21832
21900
21963
22030
22098
22167
22234
22301
22369
22441
22511
22580
22649
22723
22796
22871
22946
23022
23097
23171
23248
23323
23403
23481
23562
23643
23720
23800
23882
23969
24052
24137
24224
24309
24397
24483
24571
24661
24749
24838
24930
25025
25115
25208
25303
25401
25499
25595
25689
25791
25888
25990
26090
26193
26299
26407
26519
26633
26740
26848
26962
27072
27186
27303
27418
27540
27655
27775
27895
28017
28142
28270
28400
28533
28667
28798
28933
29070
29213
29353
29494
29638
29784
29929
30077
30229
30382
30540
30702
30867
31034
31205
31376
31548
31721
31899
32083
32267
32455
32646
32836
33036
33234
33435
33643
33857
34080
34299
34524
34754
34985
35225
35463
35711
35971
36232
36497
36771
37047
37335
37628
37925
38228
38545
38868
39199
39531
39881
40233
40594
40970
41358
41755
42161
42581
43004
43449
43896
44364
44836
45320
45827
46349
46876
47419
47963
48522
49083
49655
50240
50832
51426
52035
52644
53247
53842
54451
55051
55630
56207
56778
57338
57875
58405
58932
59433
59919
60369
60801
61217
61611
61985
62334
62657
62948
63223
63481
63719
63933
64127
64303
64461
64598
64726
64842
64937
65023
65102
65172
65228
65278
65320
65355
65388
65415
65437
65456
65470
65482
65493
65502
65510
65515
65519
65523
65525
65528
65529
65531
65532
65533
65534
65534
65534
65535
65535
65535
65535
65535
65535
65535
65535
65535
65535
65535
65535
65535
65535
65535
65535
65535
65535
65535
65535
65535
65535
65535
65535
65535
65535
65535
65535
65535
65535
65535
65535
65535
65535
65535
65535
65535
65535
65535
65535
65535
65535
65535
65535
65535
65535
65535
65535
65535
65535
65535
65535
65535
65535
65535
65535
65535
65535
65535
65535
65535
65535
65535
65535
65535
65535
65535
65535
65535
65535
65535
65535
65535
65535
65535
65535
65535
65535
65535
65535
65535
65535
65535
65535
65535
65535
65535
65535
65535
65535
65535
65535
65535
65535
65535
65535
65535
65535
65535
65535
65535
65535
65535
65535
65535
65535
65535
65535
65535
65535
65535
65535
65535
65535
65535
65535
65535
65535
65535
65535
65535
65535
65535
65535
65535
65535
65535
65535
65535
65535
65535
65535
65535
65535
65535
65535
65535
65535
65535
65535
65535
65535
65535
65535
65535
65535
65535
65535
65535
65535
65535
65535
65535
65535
65535
65535
65535
65535
65535
65535
65535
65535
65535
65535
65535
65535
65535
65535
65535
65535
65535
65535
65535
65535
65535
65535
65535
65535
65535
65535
65535
65535
65535
65535
65535
65535
65535
65535
65535
65535
65535
65535
65535
65535
65535
65535
65535
65535
65535
65535
65535
65535
65535
65535
65535
65535
65535
65535
65535
65535
65535
65535
65535
65535
65535
65535
65535
65535
65535
65535
65535
65535
65535
65535
65535
65535
65535
65535
65535
65535
65535
65535
65535
65535
65535
65535
65535
65535
65535
65535
65535
65535
65535
65535
65535
65535
65535
65535
65535
65535
65535
65535
65535
65535
65535
65535
65535
65535
65535
65535
65535
65535
65535
65535
65535
65535
65535
65535
65535
65535
65535
65535
65535
65535
65535
65535
65535
65535
65535
65535
65535
65535
65535
65535
65535
65535
65535
65535
65535
65535
65535
65535
65535
65535
65535
65535
65535
65535
65535
65535
65535
65535
65535
65535
65535
65535
65535
65535
65535
65535
65535
65535
65535
65535
65535
65535
65535
65535
65535
65535
65535
65535
65535
65535
65535
65535
65535
65535
65535
65535
65535
65535
65535
65535
65535
65535
65535
65535
65535
65535
65535
65535
65535
65535
65535
65535
65535
65535
65535
65535
65535
65535
65535
65535
65535
65535
65535
65535
65535
65535
65535
65535
65535
65535
65535
65535
65535
65535
65535
65535
65535
65535
65535
65535
65535
65535
65535
65535
65535
65535
65535
65535
65535
65535
65535
65535
65535
65535
65535
65535
65535
65535
65535
65535
65535
65535
65535
65535
65535
65535
65535
65535
65535
65535
65535
65535
65535
65535
65535
65535
65535
65535
65535
65535
65535
65535
65535
65535
65535
65535
65535
65535
65535
65535
65535
65535
65535
65535
65535
65535
65535
65535
65535
65535
65535
65535
65535
65535
65535
65535
65535
65535
65535
65535
65535
65535
65535
65535
65535
65535
65535
65535
65535
65535
65535
65535
65535
65535
65535
65535
65535
65535
65535
65535
65535
65535
65535
65535
65535
65535
65535
65535
65535
65535
65535
65535
65535
65535
65535
65535
65535
65535
65535
65535
65535
65535
65535
65535
65535
65535
65535
65535
65535
65535
65535
65535
65535
65535
65535
65535
65535
65535
65535
65535
65535
65535
65535
65535
65535
65535
65535
65535
65535
65535
65535
65535
65535
65535
65535
65535
65535
65535
65535
65535
65535
65535
65535
65535
65535
65535
65535
65535
65535
65535
65535
65535
65535
65535
65535
65535
65535
65535
65535
65535
65535
65535
65535
65535
65535
65535
65535
65535
65535
65535
65535
65535
65535
65535
65535
65535
65535
65535
65535
65535
65535
65535
65535
65535
65535
65535
65535
65535
65535
65535
65535
65535
65535
65535
65535
65535
65535
65535
65535
65535
65535
65535
65535
65535
65535
65535
65535
65535
65535
65535
65535
65535
65535
65535
65535
65535
65535
65535
65535
65535
65535
65535
65535
65535
65535
65535
65535
65535
65535
65535
65535
65535
65535
65535
65535
65535
65535
65535
65535
65535
65535
65535
65535
65535
65535
65535
65535
65535
65535
65535
65535
65535
65535
65535
65535
65535
65535
65535
65535
65535
65535
65535
65535
65535
65535
65535
65535
65535
65535
65535
65535
65535
65535
65535
65535
65535
65535
65535
65535
65535
65535
65535
65535
65535
65535
65535
65535
65535
65535
65535
65535
65535
65535
65535
65535
65535
65535
65535
65535
65535
65535
65535
65535
65535
65535
65535
65535
65535
65535
65535
65535
65535
65535
65535
65535
65535
65535
65535
65535
65535
65535
65535
65535
65535
65535
65535
65535
65535
65535
65535
65535
65535
65535
65535
65535
65535
65535
65535
65535
65535
65535
65535
65535
65535
65535
65535
65535
65535
65535
65535
65535
65535
65535
65535
65535
65535
65535
65535
65535
65535
65535
65535
65535
65535
65535
65535
65535
65535
65535
65535
65535
65535
65535
65535
65535
65535
65535
65535
65535
65535
65535
65535
65535
65535
65535
65535
65535
65535
65535
65535
65535
65535
65535
65535
65535
65535
65535
65535
65535
65535
65535
65535
65535
65535
65535
65535
65535
65535
65535
65535
65535
65535
65535
65535
65535
65535
65535
65535
65535
65535
65535
65535
65535
65535
65535
65535
65535
65535
65535
65535
65535
65535
65535
65535
65535
65535
65535
65535
65535
65535
65535
65535
65535
65535
65535
65535
65535
65535
65535
65535
65535
65535
65535
65535
65535
65535
65535
65535
65535
65535
65535
65535
65535
65535
65535
65535
65535
65535
65535
65535
65535
65535
65535
65535
65535
65535
65535
65535
65535
65535
65535
65535
65535
65535
65535
65535
65535
65535
65535
65535
65535
65535
65535
65535
65535
65535
65535
65535
65535
65535
65535
65535
65535
65535
65535
65535
65535
65535
65535
65535
65535
65535
65535
65535
65535
65535
65535
65535
65535
65535
65535
65535
65535
65535
65535
65535
65535
65535
65535
65535
65535
65535
65535
65535
65535
65535
65535
65535
65535
65535
65535
65535
65535
65535
65535
65535
65535
65535
65535
65535
65535
65535
65535
65535
65535
65535
65535
65535
65535
65535
65535
65535
65535
65535
65535
65535
65535
65535
65535
65535
65535
65535
65535
65535
65535
65535
65535
65535
65535
65535
65535
65535
65535
65535
65535
65535
65535
65535
65535
65535
65535
65535
65535
65535
65535
65535
65535
65535
65535
65535
65535
65535
65535
65535
65535
65535
65535
65535
65535
65535
65535
65535
65535
65535
65535
65535
65535
65535
65535
65535
65535
65535
65535
65535
65535
65535
65535
65535
65535
65535
65535
65535
65535
65535
65535
65535
65535
65535
65535
65535
65535
65535
65535
65535
65535
65535
65535
65535
65535
65535
65535
65535
65535
65535
65535
65535
65535
65535
65535
65535
65535
65535
65535
65535
65535
65535
65535
65535
65535
65535
65535
65535
65535
65535
65535
65535
65535
65535
65535
65535
65535
65535
65535
65535
65535
65535
65535
65535
65535
65535
65535
65535
65535
65535
65535
65535
65535
65535
65535
65535
65535
65535
65535
65535
65535
65535
65535
65535
65535
65535
65535
65535
65535
65535
65535
65535
65535
65535
65535
65535
65535
65535
65535
65535
65535
65535
65535
65535
65535
65535
65535
65535
65535
65535
65535
65535
65535
65535
65535
65535
65535
65535
65535
65535
65535
65535
65535
65535
65535
65535
65535
65535
65535
65535
65535
65535
65535
65535
65535
65535
65535
65535
65535
65535
65535
65535
65535
65535
65535
65535
65535
65535
65535
65535
65535
65535
65535
65535
65535
65535
65535
65535
65535
65535
65535
65535
65535
65535
65535
65535
65535
65535
65535
65535
65535
65535
65535
65535
65535
65535
65535
65535
65535
65535
65535
65535
65535
65535
65535
65535
65535
65535
65535
65535
65535
65535
65535
65535
65535
65535
65535
65535
65535
65535
65535
65535
65535
65535
65535
65535
65535
65535
65535
65535
65535
65535
65535
65535
65535
65535
65535
65535
65535
65535
65535
65535
65535
65535
65535
65535
65535
65535
65535
65535
65535
65535
65535
65535
65535
65535
65535
65535
65535
65535
65535
65535
65535
65535
65535
65535
65535
65535
65535
65535
65535
65535
65535
65535
65535
65535
65535
65535
65535
65535
65535
65535
65535
65535
65535
65535
65535
65535
65535
65535
65535
65535
65535
65535
65535
65535
65535
65535
65535
65535
65535
65535
65535
65535
65535
65535
65535
65535
65535
65535
65535
65535
65535
65535
65535
65535
65535
65535
65535
65535
65535
65535
65535
65535
65535
65535
65535
65535
65535
65535
65535
65535
65535
65535
65535
65535
65535
65535
65535
65535
65535
65535
65535
65535
65535
65535
65535
65535
65535
65535
65535
65535
65535
65535
65535
65535
65535
65535
65535
65535
65535
65535
65535
65535
65535
65535
65535
65535
65535
65535
65535
65535
65535
65535
65535
65535
65535
65535
65535
65535
65535
65535
65535
65535
65535
65535
65535
65535
65535
65535
65535
65535
65535
65535
65535
65535
65535
65535
65535
65535
65535
65535
65535
65535
65535
65535
65535
65535
65535
65535
65535
65535
65535
65535
65535
65535
65535
65535
65535
65535
65535
65535
65535
65535
65535
65535
65535
65535
65535
65535
65535
65535
65535
65535
65535
65535
65535
65535
65535
65535
65535
65535
65535
65535
65535
65535
65535
65535
65535
65535
65535
65535
65535
65535
65535
65535
65535
65535
65535
65535
65535
65535
65535
65535
65535
65535
65535
65535
65535
65535
65535
65535
65535
65535
65535
65535
65535
65535
65535
65535
65535
65535
65535
65535
65535
65535
65535
65535
65535
65535
65535
65535
65535
65535
65535
65535
65535
65535
65535
65535
65535
65535
65535
65535
65535
65535
65535
65535
65535
65535
65535
65535
65535
65535
65535
65535
65535
65535
65535
65535
65535
65535
65535
65535
65535
65535
65535
65535
65535
65535
65535
65535
65535
65535
65535
65535
65535
65535
65535
65535
65535
65535
65535
65535
65535
65535
65535
65535
65535
65535
65535
65535
65535
65535
65535
65535
65535
65535
65535
65535
65535
65535
65535
65535
65535
65535
65535
65535
65535
65535
65535
65535
65535
65535
65535
65535
65535
65535
65535
65535
65535
65535
65535
65535
65535
65535
65535
65535
65535
65535
65535
65535
65535
65535
65535
65535
65535
65535
65535
65535
65535
65535
65535
65535
65535
65535
65535
65535
65535
65535
65535
65535
65535
65535
65535
65535
65535
65535
65535
65535
65535
65535
65535
65535
65535
65535
65535
65535
65535
65535
65535
65535
65535
65535
65535
65535
65535
65535
65535
65535
65535
65535
65535
65535
65535
65535
65535
65535
65535
65535
65535
65535
65535
65535
65535
65535
65535
65535
65535
65535
65535
65535
65535
65535
65535
65535
65535
65535
65535
65535
65535
65535
65535
65535
65535
65535
65535
65535
65535
65535
65535
65535
65535
65535
65535
65535
65535
65535
65535
65535
65535
65535
65535
65535
65535
65535
65535
65535
65535
65535
65535
65535
65535
65535
65535
65535
65535
65535
65535
65535
65535
65535
65535
65535
65535
65535
65535
65535
65535
65535
65535
65535
65535
65535
65535
65535
65535
65535
65535
65535
65535
65535
65535
65535
65535
65535
65535
65535
65535
65535
65535
65535
65535
65535
65535
65535
65535
65535
65535
65535
65535
65535
65535
65535
65535
65535
65535
65535
65535
65535
65535
65535
65535
65535
65535
65535
65535
65535
65535
65535
65535
65535
65535
65535
65535
65535
65535
65535
65535
65535
65535
65535
65535
65535
65535
65535
65535
65535
65535
65535
65535
65535
65535
65535
65535
65535
65535
65535
65535
65535
65535
65535
65535
65535
65535
65535
65535
65535
65535
65535
65535
65535
65535
65535
65535
65535
65535
65535
65535
65535
65535
65535
65535
65535
65535
65535
65535
65535
65535
65535
65535
65535
65535
65535
65535
65535
65535
65535
65535
65535
65535
65535
65535
65535
65535
65535
65535
65535
65535
65535
65535
65535
65535
65535
65535
65535
65535
65535
65535
65535
65535
65535
65535
65535
65535
65535
65535
65535
65535
65535
65535
65535
65535
65535
65535
65535
65535
65535
65535
65535
65535
65535
65535
65535
65535
65535
65535
65535
65535
65535
65535
65535
65535
65535
65535
65535
65535
65535
65535
65535
65535
65535
65535
65535
65535
65535
65535
65535
65535
65535
65535
65535
65535
65535
65535
65535
65535
65535
65535
65535
65535
65535
65535
65535
65535
65535
65535
65535
65535
65535
65535
65535
65535
65535
65535
65535
65535
65535
65535
65535
65535
65535
65535
65535
65535
65535
65535
65535
65535
65535
65535
65535
65535
65535
65535
65535
65535
65535
65535
65535
65535
65535
65535
65535
65535
65535
65535
65535
65535
65535
65535
65535
65535
65535
65535
65535
65535
65535
65535
65535
65535
65535
65535
65535
65535
65535
65535
65535
65535
65535
65535
65535
65535
65535
65535
65535
65535
65535
65535
65535
65535
65535
65535
65535
65535
65535
65535
65535
65535
65535
65535
65535
65535
65535
65535
65535
65535
65535
65535
65535
65535
65535
65535
65535
65535
65535
65535
65535
65535
65535
65535
65535
65535
65535
65535
65535
65535
65535
65535
65535
65535
65535
65535
65535
65535
65535
65535
65535
65535
65535
65535
65535
65535
65535
65535
65535
65535
65535
65535
65535
65535
65535
65535
65535
65535
65535
65535
65535
65535
65535
65535
65535
65535
65535
65535
65535
65535
65535
65535
65535
65535
65535
65535
65535
65535
65535
65535
65535
65535
65535
65535
65535
65535
65535
65535
65535
65535
65535
65535
65535
65535
65535
65535
65535
65535
65535
65535
65535
65535
65535
65535
65535
65535
65535
65535
65535
65535
65535
65535
65535
65535
65535
65535
65535
65535
65535
65535
65535
65535
65535
65535
65535
65535
65535
65535
65535
65535
65535
65535
65535
65535
65535
65535
65535
65535
65535
65535
65535
65535
65535
65535
65535
65535
65535
65535
65535
65535
65535
65535
65535
65535
65535
65535
65535
65535
65535
65535
65535
65535
65535
65535
65535
65535
65535
65535
65535
65535
65535
65535
65535
65535
65535
65535
65535
65535
65535
65535
65535
65535
65535
65535
65535
65535
65535
65535
65535
65535
65535
65535
65535
65535
65535
65535
65535
65535
65535
65535
65535
65535
65535
65535
65535
65535
65535
65535
65535
65535
65535
65535
65535
65535
65535
65535
65535
65535
65535
65535
65535
65535
65535
65535
65535
65535
65535
65535
65535
65535
65535
65535
65535
65535
65535
65535
65535
65535
65535
65535
65535
65535
65535
65535
65535
65535
65535
65535
65535
65535
65535
65535
65535
65535
65535
65535
65535
65535
65535
65535
65535
65535
65535
65535
65535
65535
65535
65535
65535
65535
65535
65535
65535
65535
65535
65535
65535
65535
65535
65535
65535
65535
65535
65535
65535
65535
65535
65535
65535
65535
65535
65535
65535
65535
65535
65535
65535
65535
65535
65535
65535
65535
65535
65535
65535
65535
65535
65535
65535
65535
65535
65535
65535
65535
65535
65535
65535
65535
65535
65535
65535
65535
65535
65535
65535
65535
65535
65535
65535
65535
65535
65535
65535
65535
65535
65535
65535
65535
65535
65535
65535
65535
65535
65535
65535
65535
65535
65535
65535
65535
65535
65535
65535
65535
65535
65535
65535
65535
65535
65535
65535
65535
65535
65535
65535
65535
65535
65535
65535
65535
65535
65535
65535
65535
65535
65535
65535
65535
65535
65535
65535
65535
65535
65535
65535
65535
65535
65535
65535
65535
65535
65535
65535
65535
65535
65535
65535
65535
65535
65535
65535
65535
65535
65535
65535
65535
65535
65535
65535
65535
65535
65535
65535
65535
65535
65535
65535
65535
65535
65535
65535
65535
65535
65535
65535
65535
65535
65535
65535
65535
65535
65535
65535
65535
65535
65535
65535
65535
65535
65535
65535
65535
65535
65535
65535
65535
65535
65535
65535
65535
65535
65535
65535
65535
65535
65535
65535
65535
65535
65535
65535
65535
65535
65535
65535
65535
65535
65535
65535
65535
65535
65535
65535
65535
65535
65535
65535
65535
65535
65535
65535
65535
65535
65535
65535
65535
65535
65535
65535
65535
65535
65535
65535
65535
65535
65535
65535
65535
65535
65535
65535
65535
65535
65535
65535
65535
65535
65535
65535
65535
65535
65535
65535
65535
65535
65535
65535
65535
65535
65535
65535
65535
65535
65535
65535
65535
65535
65535
65535
65535
65535
65535
65535
65535
65535
65535
65535
65535
65535
65535
65535
65535
65535
65535
65535
65535
65535
65535
65535
65535
65535
65535
65535
65535
65535
65535
65535
65535
65535
65535
65535
65535
65535
65535
65535
65535
65535
65535
65535
65535
65535
65535
65535
65535
65535
65535
65535
65535
65535
65535
65535
65535
65535
65535
65535
65535
65535
65535
65535
65535
65535
65535
65535
65535
65535
65535
65535
65535
65535
65535
65535
65535
65535
65535
65535
65535
65535
65535
65535
65535
65535
65535
65535
65535
65535
65535
65535
65535
65535
65535
65535
65535
65535
65535
65535
65535
65535
65535
65535
65535
65535
65535
65535
65535
65535
65535
65535
65535
65535
65535
65535
65535
65535
65535
65535
65535
65535
65535
65535
65535
65535
65535
65535
65535
65535
65535
65535
65535
65535
65535
65535
65535
65535
65535
65535
65535
65535
65535
65535
65535
65535
65535
65535
65535
65535
65535
65535
65535
65535
65535
65535
65535
65535
65535
65535
65535
65535
65535
65535
65535
65535
65535
65535
65535
65535
65535
65535
65535
65535
65535
65535
65535
65535
65535
65535
65535
65535
65535
65535
65535
65535
65535
65535
65535
65535
65535
65535
65535
65535
65535
65535
65535
65535
65535
65535
65535
65535
65535
65535
65535
65535
65535
65535
65535
65535
65535
65535
65535
65535
65535
65535
65535
65535
65535
65535
65535
65535
65535
65535
65535
65535
65535
65535
65535
65535
65535
65535
65535
65535
65535
65535
65535
65535
65535
65535
65535
65535
65535
65535
65535
65535
65535
65535
65535
65535
65535
65535
65535
65535
65535
65535
65535
65535
65535
65535
65535
65535
65535
65535
65535
65535
65535
65535
65535
65535
65535
65535
65535
65535
65535
65535
65535
65535
65535
65535
65535
65535
65535
65535
65535
65535
65535
65535
65535
65535
65535
65535
65535
65535
65535
65535
65535
65535
65535
65535
65535
65535
65535
65535
65535
65535
65535
65535
65535
65535
65535
65535
65535
65535
65535
65535
65535
65535
65535
65535
65535
65535
65535
65535
65535
65535
65535
65535
65535
65535
65535
65535
65535
65535
65535
65535
65535
65535
65535
65535
65535
65535
65535
65535
65535
65535
65535
65535
65535
65535
65535
65535
65535
65535
65535
65535
65535
65535
65535
65535
65535
65535
65535
65535
65535
65535
65535
65535
65535
65535
65535
65535
65535
65535
65535
65535
65535
65535
65535
65535
65535
65535
65535
65535
65535
65535
65535
65535
65535
65535
65535
65535
65535
65535
65535
65535
65535
65535
65535
65535
65535
65535
65535
65535
65535
65535
65535
65535
65535
65535
65535
65535
65535
65535
65535
65535
65535
65535
65535
65535
65535
65535
65535
65535
65535
65535
65535
65535
65535
65535
65535
65535
65535
65535
65535
65535
65535
65535
65535
65535
65535
65535
65535
65535
65535
65535
65535
65535
65535
65535
65535
65535
65535
65535
65535
65535
65535
65535
65535
65535
65535
65535
65535
65535
65535
65535
65535
65535
65535
65535
65535
65535
65535
65535
65535
65535
65535
65535
65535
65535
65535
65535
65535
65535
65535
65535
65535
65535
65535
65535
65535
65535
65535
65535
65535
65535
65535
65535
65535
65535
65535
65535
65535
65535
65535
65535
65535
65535
65535
65535
65535
65535
65535
65535
65535
65535
65535
65535
65535
65535
65535
65535
65535
65535
65535
65535
65535
65535
65535
65535
65535
65535
65535
65535
65535
65535
65535
65535
65535
65535
65535
65535
65535
65535
65535
65535
65535
65535
65535
65535
65535
65535
65535
65535
65535
65535
65535
65535
65535
65535
65535
65535
65535
65535
65535
65535
65535
65535
65535
65535
65535
65535
65535
65535
65535
65535
65535
65535
65535
65535
65535
65535
65535
65535
65535
65535
65535
65535
65535
65535
65535
65535
65535
65535
65535
65535
65535
65535
65535
65535
65535
65535
65535
65535
65535
65535
65535
65535
65535
65535
65535
65535
65535
65535
65535
65535
65535
65535
65535
65535
65535
65535
65535
65535
65535
65535
65535
65535
65535
65535
65535
65535
65535
65535
65535
65535
65535
65535
65535
65535
65535
65535
65535
65535
65535
65535
65535
65535
65535
65535
65535
65535
65535
65535
65535
65535
65535
65535
65535
65535
65535
65535
65535
65535
65535
65535
65535
65535
65535
65535
65535
65535
65535
65535
65535
65535
65535
65535
65535
65535
65535
65535
65535
65535
65535
65535
65535
65535
65535
65535
65535
65535
65535
65535
65535
65535
65535
65535
65535
65535
65535
65535
65535
65535
65535
65535
65535
65535
65535
65535
65535
65535
65535
65535
65535
65535
65535
65535
65535
65535
65535
65535
65535
65535
65535
65535
65535
65535
65535
65535
65535
65535
65535
65535
65535
65535
65535
65535
65535
65535
65535
65535
65535
65535
65535
65535
65535
65535
65535
65535
65535
65535
65535
65535
65535
65535
65535
65535
65535
65535
65535
65535
65535
65535
65535
65535
65535
65535
65535
65535
65535
65535
65535
65535
65535
65535
65535
65535
65535
65535
65535
65535
65535
65535
65535
65535
65535
65535
65535
65535
65535
65535
65535
65535
65535
65535
65535
65535
65535
65535
65535
65535
65535
65535
65535
65535
65535
65535
65535
65535
65535
65535
65535
65535
65535
65535
65535
65535
65535
65535
65535
65535
65535
65535
65535
65535
65535
65535
65535
65535
65535
65535
65535
65535
65535
65535
65535
65535
65535
65535
65535
65535
65535
65535
65535
65535
65535
65535
65535
65535
65535
65535
65535
65535
65535
65535
65535
65535
65535
65535
65535
65535
65535
65535
65535
65535
65535
65535
65535
65535
65535
65535
65535
65535
65535
65535
65535
65535
65535
65535
65535
65535
65535
65535
65535
65535
65535
65535
65535
65535
65535
65535
65535
65535
65535
65535
65535
65535
65535
65535
65535
65535
65535
65535
65535
65535
65535
65535
65535
65535
65535
65535
65535
65535
65535
65535
65535
65535
65535
65535
65535
65535
65535
65535
65535
65535
65535
65535
65535
65535
65535
65535
65535
65535
65535
65535
65535
65535
65535
65535
65535
65535
65535
65535
65535
65535
65535
65535
65535
65535
65535
65535
65535
65535
65535
65535
65535
65535
65535
65535
65535
65535
65535
65535
65535
65535
65535
65535
65535
65535
65535
65535
65535
65535
65535
65535
65535
65535
65535
65535
65535
65535
65535
65535
65535
65535
65535
65535
65535
65535
65535
65535
65535
65535
65535
65535
65535
65535
65535
65535
65535
65535
65535
65535
65535
65535
65535
65535
65535
65535
65535
65535
65535
65535
65535
65535
65535
65535
65535
65535
65535
65535
65535
65535
65535
65535
65535
65535
65535
65535
65535
65535
65535
65535
65535
65535
65535
65535
65535
65535
65535
65535
65535
65535
65535
65535
65535
65535
65535
65535
65535
65535
65535
65535
65535
65535
65535
65535
65535
65535
65535
65535
65535
65535
65535
65535
65535
65535
65535
65535
65535
65535
65535
65535
65535
65535
65535
65535
65535
65535
65535
65535
65535
65535
65535
65535
65535
65535
65535
65535
65535
65535
65535
65535
65535
65535
65535
65535
65535
65535
65535
65535
65535
65535
65535
65535
65535
65535
65535
65535
65535
65535
65535
65535
65535
65535
65535
65535
65535
65535
65535
65535
65535
65535
65535
65535
65535
65535
65535
65535
65535
65535
65535
65535
65535
65535
65535
65535
65535
65535
65535
65535
65535
65535
65535
65535
65535
65535
65535
65535
65535
65535
65535
65535
65535
65535
65535
65535
65535
65535
65535
65535
65535
65535
65535
65535
65535
65535
65535
65535
65535
65535
65535
65535
65535
65535
65535
65535
65535
65535
65535
65535
65535
65535
65535
65535
65535
65535
65535
65535
65535
65535
65535
65535
65535
65535
65535
65535
65535
65535
65535
65535
65535
65535
65535
65535
65535
65535
65535
65535
65535
65535
65535
65535
65535
65535
65535
65535
65535
65535
65535
65535
65535
65535
65535
65535
65535
65535
65535
65535
65535
65535
65535
65535
65535
65535
65535
65535
65535
65535
65535
65535
65535
65535
65535
65535
65535
65535
65535
65535
65535
65535
65535
65535
65535
65535
65535
65535
65535
65535
65535
65535
65535
65535
65535
65535
65535
65535
65535
65535
65535
65535
65535
65535
65535
65535
65535
65535
65535
65535
65535
65535
65535
65535
65535
65535
65535
65535
65535
65535
65535
65535
65535
65535
65535
65535
65535
65535
65535
65535
65535
65535
65535
65535
65535
65535
65535
65535
65535
65535
65535
65535
65535
65535
65535
65535
65535
65535
65535
65535
65535
65535
65535
65535
65535
65535
65535
65535
65535
65535
65535
65535
65535
65535
65535
65535
65535
65535
65535
65535
65535
65535
65535
65535
65535
65535
65535
65535
65535
65535
65535
65535
65535
65535
65535
65535
65535
65535
65535
65535
65535
65535
65535
65535
65535
65535
65535
65535
65535
65535
65535
65535
65535
65535
65535
65535
65535
65535
65535
65535
65535
65535
65535
65535
65535
65535
65535
65535
65535
65535
65535
65535
65535
65535
65535
65535
65535
65535
65535
65535
65535
65535
65535
65535
65535
65535
65535
65535
65535
65535
65535
65535
65535
65535
65535
65535
65535
65535
65535
65535
65535
65535
65535
65535
65535
65535
65535
65535
65535
65535
65535
65535
65535
65535
65535
65535
65535
65535
65535
65535
65535
65535
65535
65535
65535
65535
65535
65535
65535
65535
65535
65535
65535
65535
65535
65535
65535
65535
65535
65535
65535
65535
65535
65535
65535
65535
65535
65535
65535
65535
65535
65535
65535
65535
65535
65535
65535
65535
65535
65535
65535
65535
65535
65535
65535
65535
65535
65535
65535
65535
65535
65535
65535
65535
65535
65535
65535
65535
65535
65535
65535
65535
65535
65535
65535
65535
65535
65535
65535
65535
65535
65535
65535
65535
65535
65535
65535
65535
65535
65535
65535
65535
65535
65535
65535
65535
65535
65535
65535
65535
65535
65535
65535
65535
65535
65535
65535
65535
65535
65535
65535
65535
65535
65535
65535
65535
65535
65535
65535
65535
65535
65535
65535
65535
65535
65535
65535
65535
65535
65535
65535
65535
65535
65535
65535
65535
65535
65535
65535
65535
65535
65535
65535
65535
65535
65535
65535
65535
65535
65535
65535
65535
65535
65535
65535
65535
65535
65535
65535
65535
65535
65535
65535
65535
65535
65535
65535
65535
65535
65535
65535
65535
65535
65535
65535
65535
65535
65535
65535
65535
65535
65535
65535
65535
65535
65535
65535
65535
65535
65535
65535
65535
65535
65535
65535
65535
65535
65535
65535
65535
65535
65535
65535
65535
65535
65535
65535
65535
65535
65535
65535
65535
65535
65535
65535
65535
65535
65535
65535
65535
65535
65535
65535
65535
65535
65535
65535
65535
65535
65535
65535
65535
65535
65535
65535
65535
65535
65535
65535
65535
65535
65535
65535
65535
65535
65535
65535
65535
65535
65535
65535
65535
65535
65535
65535
65535
65535
65535
65535
65535
65535
65535
65535
65535
65535
65535
65535
65535
65535
65535
65535
65535
65535
65535
65535
65535
65535
65535
65535
65535
65535
65535
65535
65535
65535
65535
65535
65535
65535
65535
65535
65535
65535
65535
65535
65535
65535
65535
65535
65535
65535
65535
65535
65535
65535
65535
65535
65535
65535
65535
65535
65535
65535
65535
65535
65535
65535
65535
65535
65535
65535
65535
65535
65535
65535
65535
65535
65535
65535
65535
65535
65535
65535
65535
65535
65535
65535
65535
65535
65535
65535
65535
65535
65535
65535
65535
65535
65535
65535
65535
65535
65535
65535
65535
65535
65535
65535
65535
65535
65535
65535
65535
65535
65535
65535
65535
65535
65535
65535
65535
65535
65535
65535
65535
65535
65535
65535
65535
65535
65535
65535
65535
65535
65535
65535
65535
65535
65535
65535
65535
65535
65535
65535
65535
65535
65535
65535
65535
65535
65535
65535
65535
65535
65535
65535
65535
65535
65535
65535
65535
65535
65535
65535
65535
65535
65535
65535
65535
65535
65535
65535
65535
65535
65535
65535
65535
65535
65535
65535
65535
65535
65535
65535
65535
65535
65535
65535
65535
65535
65535
65535
65535
65535
65535
65535
65535
65535
65535
65535
65535
65535
65535
65535
65535
65535
65535
65535
65535
65535
65535
65535
65535
65535
65535
65535
65535
65535
65535
65535
65535
65535
65535
65535
65535
65535
65535
65535
65535
65535
65535
65535
65535
65535
65535
65535
65535
65535
65535
65535
65535
65535
65535
65535
65535
65535
65535
65535
65535
65535
65535
65535
65535
65535
65535
65535
65535
65535
65535
65535
65535
65535
65535
65535
65535
65535
65535
65535
65535
65535
65535
65535
65535
65535
65535
65535
65535
65535
65535
65535
65535
65535
65535
65535
65535
65535
65535
65535
65535
65535
65535
65535
65535
65535
65535
65535
65535
65535
65535
65535
65535
65535
65535
65535
65535
65535
65535
65535
65535
65535
65535
65535
65535
65535
65535
65535
65535
65535
65535
65535
65535
65535
65535
65535
65535
65535
65535
65535
65535
65535
65535
65535
65535
65535
65535
65535
65535
65535
65535
65535
65535
65535
65535
65535
65535
65535
65535
65535
65535
65535
65535
65535
65535
65535
65535
65535
65535
65535
65535
65535
65535
65535
65535
65535
65535
65535
65535
65535
65535
65535
65535
65535
65535
65535
65535
65535
65535
65535
65535
65535
65535
65535
65535
65535
65535
65535
65535
65535
65535
65535
65535
65535
65535
65535
65535
65535
65535
65535
65535
65535
65535
65535
65535
65535
65535
65535
65535
65535
65535
65535
65535
65535
65535
65535
65535
65535
65535
65535
65535
65535
65535
65535
65535
65535
65535
65535
65535
65535
65535
65535
65535
65535
65535
65535
65535
65535
65535
65535
65535
65535
65535
65535
65535
65535
65535
65535
65535
65535
65535
65535
65535
65535
65535
65535
65535
65535
65535
65535
65535
65535
65535
65535
65535
65535
65535
65535
65535
65535
65535
65535
65535
65535
65535
65535
65535
65535
65535
65535
65535
65535
65535
65535
65535
65535
65535
65535
65535
65535
65535
65535
65535
65535
65535
65535
65535
65535
65535
65535
65535
65535
65535
65535
65535
65535
65535
65535
65535
65535
65535
65535
65535
65535
65535
65535
65535
65535
65535
65535
65535
65535
65535
65535
65535
65535
65535
65535
65535
65535
65535
65535
65535
65535
65535
65535
65535
65535
65535
65535
65535
65535
65535
65535
65535
65535
65535
65535
65535
65535
65535
65535
65535
65535
65535
65535
65535
65535
65535
65535
65535
65535
65535
65535
65535
65535
65535
65535
65535
65535
65535
65535
65535
65535
65535
65535
65535
65535
65535
65535
65535
65535
65535
65535
65535
65535
65535
65535
65535
65535
65535
65535
65535
65535
65535
65535
65535
65535
65535
65535
65535
65535
65535
65535
65535
65535
65535
65535
65535
65535
65535
65535
65535
65535
65535
65535
65535
65535
65535
65535
65535
65535
65535
65535
65535
65535
65535
65535
65535
65535
65535
65535
65535
65535
65535
65535
65535
65535
65535
65535
65535
65535
65535
65535
65535
65535
65535
65535
65535
65535
65535
65535
65535
65535
65535
65535
65535
65535
65535
65535
65535
65535
65535
65535
65535
65535
65535
65535
65535
65535
65535
65535
65535
65535
65535
65535
65535
65535
65535
65535
65535
65535
65535
65535
65535
65535
65535
65535
65535
65535
65535
65535
65535
65535
65535
65535
65535
65535
65535
65535
65535
65535
65535
65535
65535
65535
65535
65535
65535
65535
65535
65535
65535
65535
65535
65535
65535
65535
65535
65535
65535
65535
65535
65535
65535
65535
65535
65535
65535
65535
65535
65535
65535
65535
65535
65535
65535
65535
65535
65535
65535
65535
65535
65535
65535
65535
65535
65535
65535
65535
65535
65535
65535
65535
65535
65535
65535
65535
65535
65535
65535
65535
65535
65535
65535
65535
65535
65535
65535
65535
65535
65535
65535
65535
65535
65535
65535
65535
65535
65535
65535
65535
65535
65535
65535
65535
65535
65535
65535
65535
65535
65535
65535
65535
65535
65535
65535
65535
65535
65535
65535
65535
65535
65535
65535
65535
65535
65535
65535
65535
65535
65535
65535
65535
65535
65535
65535
65535
65535
65535
65535
65535
65535
65535
65535
65535
65535
65535
65535
65535
65535
65535
65535
65535
65535
65535
65535
65535
65535
65535
65535
65535
65535
65535
65535
65535
65535
65535
65535
65535
65535
65535
65535
65535
65535
65535
65535
65535
65535
65535
65535
65535
65535
65535
65535
65535
65535
65535
65535
65535
65535
65535
65535
65535
65535
65535
65535
65535
65535
65535
65535
65535
65535
65535
65535
65535
65535
65535
65535
65535
65535
65535
65535
65535
65535
65535
65535
65535
65535
65535
65535
65535
65535
65535
65535
65535
65535
65535
65535
65535
65535
65535
65535
65535
65535
65535
65535
65535
65535
65535
65535
65535
65535
65535
65535
65535
65535
65535
65535
65535
65535
65535
65535
65535
65535
65535
65535
65535
65535
65535
65535
65535
65535
65535
65535
65535
65535
65535
65535
65535
65535
65535
65535
65535
65535
65535
65535
65535
65535
65535
65535
65535
65535
65535
65535
65535
65535
65535
65535
65535
65535
65535
65535
65535
65535
65535
65535
65535
65535
65535
65535
65535
65535
65535
65535
65535
65535
65535
65535
65535
65535
65535
65535
65535
65535
65535
65535
65535
65535
65535
65535
65535
65535
65535
65535
65535
65535
65535
65535
65535
65535
65535
65535
65535
65535
65535
65535
65535
65535
65535
65535
65535
65535
65535
65535
65535
65535
65535
65535
65535
65535
65535
65535
65535
65535
65535
65535
65535
65535
65535
65535
65535
65535
65535
65535
65535
65535
65535
65535
65535
65535
65535
65535
65535
65535
65535
65535
65535
65535
65535
65535
65535
65535
65535
65535
65535
65535
65535
65535
65535
65535
65535
65535
65535
65535
65535
65535
65535
65535
65535
65535
65535
65535
65535
65535
65535
65535
65535
65535
65535
65535
65535
65535
65535
65535
65535
65535
65535
65535
65535
65535
65535
65535
65535
65535
65535
65535
65535
65535
65535
65535
65535
65535
65535
65535
65535
65535
65535
65535
65535
65535
65535
65535
65535
65535
65535
65535
65535
65535
65535
65535
65535
65535
65535