0
0
1
1
2
2
2
3
4
5
5
6
7
8
8
9
9
10
11
12
12
13
14
15
16
17
18
18
19
20
21
22
23
25
26
27
28
29
31
32
33
34
36
37
39
41
42
44
46
47
49
50
51
53
55
57
59
60
62
64
66
68
70
72
74
76
77
80
82
84
85
87
89
91
93
96
98
100
102
104
106
107
109
111
113
115
117
119
121
123
126
128
130
132
134
136
138
140
143
146
148
150
153
155
157
160
162
164
168
170
172
174
176
178
181
183
186
188
190
193
196
198
200
202
204
207
209
212
214
217
219
221
224
226
229
232
234
236
239
242
244
247
250
252
254
257
259
261
264
266
268
270
272
274
277
279
281
283
285
288
290
293
296
298
301
303
305
307
308
311
313
315
317
319
321
324
327
329
331
333
336
338
340
342
344
347
350
353
355
358
360
363
365
367
370
372
374
376
378
380
382
384
386
388
390
392
394
397
399
401
403
405
407
410
412
415
417
419
421
423
425
427
430
432
434
436
438
440
443
445
446
449
451
453
456
458
461
463
465
468
469
471
474
476
478
481
483
486
488
490
492
495
496
498
500
502
505
507
509
511
514
516
518
520
522
524
526
527
529
531
533
535
537
539
540
542
544
546
548
550
552
554
555
558
560
563
565
566
568
570
572
573
575
577
580
582
584
586
588
590
591
593
595
596
598
599
601
603
605
607
609
611
612
614
616
617
619
621
623
625
626
628
630
633
635
637
638
640
642
644
646
648
650
652
654
656
657
659
661
663
665
666
668
670
671
673
675
676
678
680
682
683
685
686
688
690
692
693
695
696
698
700
702
704
706
708
709
711
713
715
716
718
720
722
724
725
727
728
730
731
733
735
737
738
740
742
743
745
747
748
750
752
754
756
757
759
761
763
765
766
768
770
772
774
775
777
779
781
783
785
786
788
790
792
794
796
797
799
801
803
805
807
808
810
812
814
816
818
819
821
823
825
826
828
829
830
832
834
836
838
840
842
843
845
846
848
849
851
853
854
856
858
860
862
864
866
868
870
871
874
875
877
879
880
882
884
886
888
889
891
892
894
896
899
900
902
904
906
907
909
910
912
913
915
917
919
922
923
925
926
928
930
931
933
935
938
939
941
942
944
946
948
950
952
954
956
958
960
962
964
965
967
969
970
972
974
976
978
979
981
983
984
986
988
989
991
993
995
997
999
1000
1002
1004
1006
1007
1010
1011
1014
1016
1018
1020
1022
1024
1026
1028
1030
1032
1034
1036
1037
1039
1041
1042
1044
1046
1049
1050
1052
1054
1055
1057
1060
1062
1064
1065
1067
1070
1071
1073
1075
1077
1078
1080
1081
1083
1085
1087
1089
1091
1093
1096
1097
1100
1101
1103
1105
1107
1108
1110
1112
1114
1116
1118
1120
1122
1124
1126
1127
1129
1130
1132
1135
1136
1138
1140
1142
1144
1146
1148
1150
1152
1154
1156
1158
1160
1162
1164
1166
1168
1171
1173
1174
1177
1179
1181
1184
1186
1188
1190
1192
1194
1196
1198
1200
1202
1204
1207
1209
1211
1213
1215
1217
1220
1222
1224
1226
1228
1230
1231
1233
1235
1237
1239
1242
1244
1246
1248
1249
1252
1254
1256
1258
1260
1263
1265
1267
1270
1272
1274
1277
1278
1281
1283
1285
1287
1289
1292
1294
1296
1298
1300
1302
1304
1306
1309
1311
1313
1315
1317
1319
1321
1323
1326
1328
1330
1332
1334
1336
1339
1341
1343
1345
1348
1350
1352
1354
1357
1359
1362
1364
1366
1369
1371
1373
1374
1377
1380
1382
1383
1386
1388
1391
1393
1395
1398
1400
1402
1405
1407
1409
1412
1415
1417
1420
1422
1424
1427
1429
1431
1433
1436
1439
1441
1444
1446
1448
1450
1453
1456
1458
1461
1463
1465
1468
1470
1472
1474
1477
1479
1482
1484
1486
1488
1491
1492
1495
1498
1500
1502
1505
1508
1510
1513
1515
1517
1519
1522
1525
1527
1530
1532
1535
1537
1539
1542
1545
1547
1550
1552
1554
1558
1561
1564
1567
1569
1572
1575
1577
1580
1582
1585
1588
1590
1593
1595
1598
1600
1603
1605
1608
1611
1613
1617
1619
1621
1624
1626
1628
1631
1634
1636
1638
1641
1643
1646
1649
1652
1654
1656
1659
1662
1664
1667
1670
1673
1675
1679
1681
1684
1686
1689
1691
1695
1697
1700
1702
1705
1708
1712
1715
1717
1720
1723
1726
1729
1732
1735
1738
1741
1743
1745
1748
1751
1754
1758
1761
1764
1766
1769
1771
1774
1778
1781
1784
1786
1790
1793
1795
1798
1801
1804
1807
1810
1813
1816
1818
1822
1824
1827
1830
1832
1836
1839
1842
1845
1848
1851
1855
1858
1860
1864
1867
1870
1873
1876
1879
1883
1886
1889
1892
1896
1899
1902
1905
1908
1911
1914
1916
1919
1922
1926
1929
1933
1936
1939
1943
1947
1950
1954
1957
1960
1963
1966
1970
1973
1976
1979
1982
1985
1989
1992
1995
1998
2002
2005
2008
2011
2015
2018
2021
2025
2029
2032
2036
2039
2042
2046
2049
2052
2056
2059
2062
2066
2068
2072
2076
2079
2082
2084
2088
2092
2095
2099
2103
2107
2111
2114
2118
2120
2123
2127
2130
2133
2137
2140
2143
2146
2150
2154
2157
2160
2163
2166
2170
2173
2176
2180
2183
2187
2192
2196
2198
2202
2206
2210
2214
2218
2222
2226
2229
2233
2236
2240
2243
2247
2250
2254
2258
2262
2265
2268
2272
2276
2280
2284
2288
2291
2295
2298
2303
2307
2310
2313
2316
2320
2324
2328
2332
2336
2340
2344
2346
2350
2353
2357
2361
2365
2370
2373
2377
2381
2384
2387
2391
2394
2397
2401
2405
2408
2412
2416
2420
2423
2427
2431
2434
2438
2442
2447
2451
2455
2458
2462
2467
2470
2474
2478
2482
2485
2490
2494
2498
2501
2504
2508
2512
2516
2520
2524
2528
2532
2537
2540
2545
2549
2554
2557
2561
2565
2569
2573
2577
2580
2584
2588
2592
2596
2600
2604
2608
2613
2618
2622
2626
2631
2635
2639
2644
2648
2652
2656
2659
2664
2669
2673
2677
2681
2685
2689
2693
2697
2701
2706
2710
2714
2718
2722
2726
2732
2736
2740
2744
2749
2752
2757
2762
2768
2772
2776
2781
2785
2789
2793
2797
2802
2806
2809
2813
2817
2821
2826
2831
2835
2839
2843
2847
2851
2855
2860
2864
2868
2873
2877
2881
2885
2890
2894
2899
2904
2908
2912
2915
2920
2925
2929
2934
2938
2943
2947
2951
2956
2960
2965
2970
2974
2979
2983
2987
2991
2995
2999
3004
3008
3014
3017
3022
3025
3029
3033
3039
3044
3048
3053
3057
3062
3066
3071
3076
3079
3084
3089
3094
3098
3103
3108
3112
3117
3122
3126
3131
3136
3141
3145
3150
3154
3157
3162
3167
3172
3176
3181
3186
3191
3196
3202
3207
3211
3215
3219
3224
3228
3233
3237
3242
3246
3250
3255
3259
3264
3268
3272
3276
3282
3286
3291
3296
3301
3306
3311
3316
3322
3326
3331
3336
3342
3347
3352
3356
3361
3365
3370
3375
3380
3384
3389
3395
3399
3404
3409
3414
3419
3425
3429
3434
3439
3444
3448
3453
3457
3462
3467
3471
3476
3480
3485
3490
3494
3499
3504
3509
3513
3518
3523
3528
3533
3538
3542
3547
3552
3557
3562
3567
3571
3576
3580
3585
3591
3596
3600
3604
3609
3614
3619
3624
3630
3635
3640
3646
3651
3656
3660
3665
3669
3674
3680
3685
3690
3695
3699
3704
3709
3713
3717
3723
3728
3732
3736
3741
3745
3751
3756
3761
3765
3770
3776
3781
3786
3791
3796
3802
3806
3812
3817
3822
3827
3832
3838
3843
3848
3853
3859
3864
3869
3874
3879
3884
3888
3894
3899
3904
3909
3914
3919
3924
3930
3935
3940
3946
3950
3956
3961
3966
3971
3976
3982
3988
3994
3999
4005
4010
4016
4021
4026
4031
4036
4041
4045
4050
4055
4061
4066
4071
4078
4083
4088
4093
4097
4102
4108
4114
4119
4124
4128
4133
4139
4144
4149
4154
4159
4165
4170
4175
4181
4186
4191
4197
4202
4206
4212
4216
4221
4227
4232
4239
4244
4248
4253
4258
4263
4268
4273
4278
4283
4288
4293
4298
4303
4308
4314
4319
4325
4331
4337
4343
4349
4355
4361
4366
4372
4377
4383
4389
4394
4399
4405
4411
4416
4423
4428
4434
4438
4444
4449
4455
4460
4465
4470
4477
4482
4487
4493
4498
4504
4508
4514
4521
4526
4531
4537
4542
4547
4552
4557
4563
4569
4574
4580
4586
4591
4596
4601
4607
4612
4617
4623
4628
4635
4641
4647
4653
4658
4663
4668
4672
4677
4683
4689
4694
4699
4705
4711
4717
4723
4727
4733
4738
4743
4750
4755
4760
4765
4771
4777
4782
4788
4793
4797
4802
4808
4814
4820
4825
4831
4836
4842
4847
4853
4858
4863
4869
4874
4881
4887
4892
4898
4903
4908
4914
4919
4925
4931
4937
4942
4948
4952
4958
4963
4968
4974
4979
4986
4992
4996
5002
5006
5012
5017
5023
5028
5033
5038
5044
5049
5054
5059
5065
5072
5077
5083
5088
5093
5099
5104
5110
5115
5121
5125
5131
5137
5143
5148
5154
5159
5165
5171
5177
5182
5188
5194
5199
5205
5210
5215
5220
5224
5229
5235
5242
5248
5254
5260
5266
5271
5277
5282
5287
5293
5298
5305
5310
5315
5321
5327
5333
5339
5344
5350
5355
5361
5366
5371
5376
5382
5388
5393
5398
5403
5408
5413
5419
5425
5430
5435
5441
5447
5452
5457
5463
5468
5474
5480
5485
5491
5498
5503
5508
5513
5519
5525
5530
5535
5541
5547
5552
5557
5562
5567
5573
5578
5583
5588
5595
5600
5605
5610
5616
5622
5629
5634
5639
5644
5649
5653
5659
5664
5670
5675
5680
5685
5691
5695
5701
5707
5713
5718
5724
5730
5735
5740
5747
5751
5757
5762
5768
5773
5779
5785
5790
5796
5801
5807
5812
5817
5822
5827
5833
5838
5844
5849
5854
5860
5865
5870
5875
5881
5886
5892
5896
5901
5906
5913
5919
5924
5929
5935
5940
5945
5950
5956
5961
5966
5971
5976
5982
5988
5993
5998
6004
6010
6015
6021
6027
6032
6037
6042
6047
6051
6056
6061
6066
6071
6077
6082
6087
6092
6098
6103
6108
6113
6119
6124
6129
6133
6139
6144
6148
6153
6158
6162
6167
6172
6178
6182
6187
6192
6197
6202
6206
6210
6215
6221
6225
6231
6235
6239
6245
6251
6255
6260
6264
6269
6274
6278
6282
6287
6291
6295
6300
6304
6309
6314
6319
6324
6328
6334
6339
6343
6348
6353
6357
6362
6367
6371
6376
6381
6386
6390
6394
6397
6402
6406
6411
6415
6420
6424
6429
6433
6439
6443
6448
6452
6457
6461
6466
6470
6474
6479
6483
6487
6490
6494
6499
6503
6508
6511
6515
6520
6524
6528
6531
6536
6541
6545
6549
6553
6557
6561
6565
6569
6573
6578
6582
6588
6592
6596
6601
6605
6609
6613
6617
6621
6626
6630
6634
6638
6642
6646
6650
6654
6658
6662
6666
6669
6673
6678
6681
6686
6690
6694
6699
6703
6707
6712
6716
6720
6724
6728
6732
6735
6740
6744
6748
6752
6755
6759
6764
6768
6772
6776
6781
6785
6788
6793
6797
6800
6804
6809
6813
6817
6822
6826
6829
6834
6838
6842
6847
6851
6855
6859
6862
6867
6871
6874
6878
6883
6886
6890
6894
6898
6902
6906
6911
6916
6920
6924
6928
6933
6936
6940
6945
6949
6953
6957
6961
6965
6969
6973
6977
6981
6986
6990
6993
6997
7002
7006
7011
7015
7019
7023
7027
7031
7035
7039
7044
7048
7053
7057
7062
7066
7070
7075
7080
7085
7089
7093
7097
7103
7107
7110
7115
7118
7123
7126
7130
7135
7139
7145
7149
7153
7158
7163
7168
7172
7176
7180
7186
7190
7194
7199
7204
7207
7212
7218
7223
7227
7232
7236
7241
7245
7250
7254
7259
7264
7268
7272
7277
7281
7286
7290
7295
7299
7304
7309
7313
7317
7322
7326
7331
7336
7341
7346
7351
7357
7361
7366
7371
7375
7380
7385
7390
7396
7400
7405
7409
7414
7420
7424
7429
7435
7440
7445
7450
7455
7459
7464
7469
7474
7479
7483
7488
7493
7498
7503
7508
7513
7518
7523
7528
7533
7539
7543
7548
7554
7559
7564
7569
7574
7579
7583
7588
7594
7599
7605
7610
7616
7621
7626
7631
7637
7642
7648
7653
7659
7665
7670
7675
7681
7688
7693
7699
7705
7711
7716
7722
7727
7732
7737
7742
7748
7753
7758
7763
7769
7774
7780
7785
7791
7797
7802
7808
7814
7819
7825
7830
7835
7841
7847
7853
7859
7865
7870
7875
7882
7888
7893
7899
7905
7910
7916
7921
7928
7934
7940
7947
7952
7957
7963
7970
7975
7980
7985
7991
7997
8004
8009
8015
8021
8027
8032
8038
8044
8051
8057
8063
8068
8075
8081
8087
8093
8099
8104
8111
8116
8122
8128
8134
8140
8147
8153
8159
8166
8172
8178
8185
8190
8196
8203
8209
8216
8223
8230
8236
8242
8249
8255
8261
8266
8273
8279
8285
8291
8297
8304
8311
8316
8322
8328
8335
8342
8349
8355
8362
8368
8374
8380
8387
8394
8401
8408
8415
8421
8429
8436
8442
8448
8455
8461
8468
8475
8482
8489
8496
8502
8509
8517
8524
8532
8540
8548
8555
8561
8568
8576
8584
8592
8598
8604
8612
8620
8627
8635
8642
8649
8657
8664
8671
8679
8685
8693
8701
8709
8716
8723
8730
8736
8743
8751
8759
8767
8774
8781
8788
8795
8802
8808
8815
8822
8829
8836
8843
8850
8857
8864
8872
8879
8887
8894
8902
8909
8917
8925
8934
8941
8950
8957
8965
8973
8981
8988
8995
9003
9010
9017
9026
9036
9044
9052
9059
9067
9075
9082
9090
9098
9107
9115
9124
9132
9141
9149
9156
9165
9174
9183
9192
9199
9208
9216
9224
9233
9242
9250
9258
9267
9276
9284
9292
9301
9310
9319
9327
9336
9343
9352
9361
9368
9377
9385
9395
9403
9413
9423
9431
9439
9448
9457
9466
9473
9482
9492
9501
9512
9520
9528
9537
9546
9555
9564
9573
9582
9590
9600
9608
9617
9627
9637
9645
9654
9662
9672
9682
9691
9701
9710
9718
9727
9736
9746
9755
9764
9773
9783
9793
9804
9813
9822
9831
9841
9851
9862
9870
9881
9891
9900
9909
9918
9927
9936
9946
9956
9967
9978
9988
10000
10011
10021
10031
10041
10051
10060
10070
10079
10089
10099
10108
10118
10129
10138
10147
10158
10168
10178
10188
10198
10209
10218
10228
10239
10249
10258
10269
10279
10289
10299
10309
10319
10327
10337
10348
10359
10370
10381
10393
10402
10414
10424
10435
10445
10455
10466
10477
10487
10497
10508
10519
10531
10542
10553
10563
10574
10585
10596
10606
10618
10628
10638
10650
10661
10672
10683
10694
10705
10717
10728
10740
10752
10765
10778
10790
10802
10814
10828
10840
10852
10865
10877
10890
10901
10914
10926
10938
10952
10964
10977
10989
11001
11014
11025
11038
11052
11064
11077
11090
11103
11116
11128
11141
11153
11165
11177
11188
11200
11214
11227
11238
11252
11265
11277
11289
11304
11316
11329
11341
11354
11369
11382
11395
11409
11422
11436
11450
11462
11476
11489
11502
11516
11530
11543
11557
11572
11585
11597
11612
11626
11640
11653
11667
11681
11694
11707
11721
11735
11750
11763
11778
11793
11808
11821
11835
11849
11863
11878
11891
11905
11919
11935
11949
11963
11977
11992
12007
12022
12036
12052
12067
12082
12098
12113
12128
12143
12159
12173
12188
12205
12219
12235
12251
12267
12282
12297
12313
12329
12345
12362
12378
12393
12409
12425
12440
12457
12474
12489
12505
12521
12536
12553
12570
12586
12602
12619
12635
12653
12669
12685
12702
12717
12734
12749
12765
12783
12801
12819
12836
12853
12870
12888
12905
12922
12937
12956
12972
12989
13007
13024
13041
13058
13076
13095
13112
13131
13148
13166
13183
13201
13220
13238
13258
13276
13294
13313
13330
13349
13369
13385
13404
13424
13445
13463
13482
13502
13524
13542
13560
13580
13599
13617
13636
13656
13677
13697
13717
13736
13755
13774
13793
13813
13835
13855
13875
13895
13917
13937
13958
13978
13999
14019
14040
14060
14079
14100
14122
14143
14164
14185
14206
14227
14248
14271
14291
14314
14335
14357
14380
14403
14426
14449
14471
14493
14517
14539
14561
14584
14607
14631
14653
14676
14699
14722
14744
14768
14793
14815
14840
14862
14889
14913
14936
14960
14984
15006
15030
15055
15080
15104
15127
15152
15176
15201
15225
15250
15276
15301
15326
15352
15375
15401
15424
15451
15478
15504
15530
15556
15583
15609
15635
15662
15689
15716
15744
15771
15797
15822
15849
15876
15904
15930
15959
15986
16012
16040
16068
16098
16125
16153
16180
16209
16237
16266
16296
16325
16353
16382
16409
16438
16466
16496
16525
16555
16586
16616
16648
16679
16709
16740
16771
16801
16833
16864
16896
16927
16960
16991
17021
17054
17083
17116
17151
17183
17215
17248
17281
17312
17344
17377
17411
17444
17478
17511
17546
17580
17615
17649
17685
17720
17755
17790
17826
17863
17897
17933
17967
18003
18041
18078
18116
18153
18191
18226
18265
18305
18344
18381
18420
18458
18498
18537
18576
18615
18657
18696
18736
18776
18817
18857
18898
18937
18979
19020
19061
19099
19141
19183
19228
19273
19316
19358
19401
19446
19489
19534
19576
19621
19667
19711
19756
19802
19848
19893
19939
19986
20032
20079
20128
20179
20228
20278
20327
20374
20423
20471
20521
20573
20625
20676
20726
20776
20830
20881
20934
20986
21038
21087
21141
21195
21246
21301
21355
21409
21465
21519
21574
21628
21683
21739
21794
21856
21917
21976
22033
22095
22156
22217
22278
22339
22398
22463
22526
22589
22652
22716
22777
22839
22907
22974
23037
23104
23172
23241
23310
23377
23445
23515
23585
23657
23727
23797
23866
23941
24014
24089
24162
24239
24313
24394
24473
24552
24626
24706
24785
24866
24949
25031
25113
25196
25281
25365
25451
25537
25621
25711
25798
25891
25983
26073
26164
26256
26351
26440
26532
26628
26726
26824
26922
27020
27122
27223
27324
27429
27531
27635
27741
27849
27959
28065
28173
28288
28400
28513
28627
28743
28859
28976
29100
29221
29348
29475
29604
29733
29861
29995
30124
30261
30399
30541
30684
30824
30968
31112
31258
31410
31561
31711
31867
32022
32182
32345
32516
32684
32857
33027
33200
33373
33553
33733
33918
34108
34301
34497
34694
34897
35101
35311
35522
35735
35962
36182
36414
36645
36879
37129
37379
37628
37883
38142
38405
38676
38962
39246
39537
39839
40146
40458
40776
41106
41445
41778
42120
42484
42851
43232
43621
44014
44418
44838
45266
45712
46165
46641
47129
47639
48172
48708
49266
49839
50425
51037
51665
52324
52996
53700
54439
55210
56010
56842
57712
58618
59558
60529
61531
62508
63403
64158
64742
65130
65359
65470
65515
65530
65535
65535
65535
65535
65535
65535
65535
65535
65535
65535
65535
65535
65535
65535
65535
65535
65535
65535
65535
65535
65535
65535
65535
65535
65535
65535
65535
65535
65535
65535
65535
65535
65535
65535
65535
65535
65535
65535
65535
65535
65535
65535
65535
65535
65535
65535
65535
65535
65535
65535
65535
65535
65535
65535
65535
65535
65535
65535
65535
65535
65535
65535
65535
65535
65535
65535
65535
65535
65535
65535
65535
65535
65535
65535
65535
65535
65535
65535
65535
65535
65535
65535
65535
65535
65535
65535
65535
65535
65535
65535
65535
65535
65535
65535
65535
65535
65535
65535
65535
65535
65535
65535
65535
65535
65535
65535
65535
65535
65535
65535
65535
65535
65535
65535
65535
65535
65535
65535
65535
65535
65535
65535
65535
65535
65535
65535
65535
65535
65535
65535
65535
65535
65535
65535
65535
65535
65535
65535
65535
65535
65535
65535
65535
65535
65535
65535
65535
65535
65535
65535
65535
65535
65535
65535
65535
65535
65535
65535
65535
65535
65535
65535
65535
65535
65535
65535
65535
65535
65535
65535
65535
65535
65535
65535
65535
65535
65535
65535
65535
65535
65535
65535
65535
65535
65535
65535
65535
65535
65535
65535
65535
65535
65535
65535
65535
65535
65535
65535
65535
65535
65535
65535
65535
65535
65535
65535
65535
65535
65535
65535
65535
65535
65535
65535
65535
65535
65535
65535
65535
65535
65535
65535
65535
65535
65535
65535
65535
65535
65535
65535
65535
65535
65535
65535
65535
65535
65535
65535
65535
65535
65535
65535
65535
65535
65535
65535
65535
65535
65535
65535
65535
65535
65535
65535
65535
65535
65535
65535
65535
65535
65535
65535
65535
65535
65535
65535
65535
65535
65535
65535
65535
65535
65535
65535
65535
65535
65535
65535
65535
65535
65535
65535
65535
65535
65535
65535
65535
65535
65535
65535
65535
65535
65535
65535
65535
65535
65535
65535
65535
65535
65535
65535
65535
65535
65535
65535
65535
65535
65535
65535
65535
65535
65535
65535
65535
65535
65535
65535
65535
65535
65535
65535
65535
65535
65535
65535
65535
65535
65535
65535
65535
65535
65535
65535
65535
65535
65535
65535
65535
65535
65535
65535
65535
65535
65535
65535
65535
65535
65535
65535
65535
65535
65535
65535
65535
65535
65535
65535
65535
65535
65535
65535
65535
65535
65535
65535
65535
65535
65535
65535
65535
65535
65535
65535
65535
65535
65535
65535
65535
65535
65535
65535
65535
65535
65535
65535
65535
65535
65535
65535
65535
65535
65535
65535
65535
65535
65535
65535
65535
65535
65535
65535
65535
65535
65535
65535
65535
65535
65535
65535
65535
65535
65535
65535
65535
65535
65535
65535
65535
65535
65535
65535
65535
65535
65535
65535
65535
65535
65535
65535
65535
65535
65535
65535
65535
65535
65535
65535
65535
65535
65535
65535
65535
65535
65535
65535
65535
65535
65535
65535
65535
65535
65535
65535
65535
65535
65535
65535
65535
65535
65535
65535
65535
65535
65535
65535
65535
65535
65535
65535
65535
65535
65535
65535
65535
65535
65535
65535
65535
65535
65535
65535
65535
65535
65535
65535
65535
65535
65535
65535
65535
65535
65535
65535
65535
65535
65535
65535
65535
65535
65535
65535
65535
65535
65535
65535
65535
65535
65535
65535
65535
65535
65535
65535
65535
65535
65535
65535
65535
65535
65535
65535
65535
65535
65535
65535
65535
65535
65535
65535
65535
65535
65535
65535
65535
65535
65535
65535
65535
65535
65535
65535
65535
65535
65535
65535
65535
65535
65535
65535
65535
65535
65535
65535
65535
65535
65535
65535
65535
65535
65535
65535
65535
65535
65535
65535
65535
65535
65535
65535
65535
65535
65535
65535
65535
65535
65535
65535
65535
65535
65535
65535
65535
65535
65535
65535
65535
65535
65535
65535
65535
65535
65535
65535
65535
65535
65535
65535
65535
65535
65535
65535
65535
65535
65535
65535
65535
65535
65535
65535
65535
65535
65535
65535
65535
65535
65535
65535
65535
65535
65535
65535
65535
65535
65535
65535
65535
65535
65535
65535
65535
65535
65535
65535
65535
65535
65535
65535
65535
65535
65535
65535
65535
65535
65535
65535
65535
65535
65535
65535
65535
65535
65535
65535
65535
65535
65535
65535
65535
65535
65535
65535
65535
65535
65535
65535
65535
65535
65535
65535
65535
65535
65535
65535
65535
65535
65535
65535
65535
65535
65535
65535
65535
65535
65535
65535
65535
65535
65535
65535
65535
65535
65535
65535
65535
65535
65535
65535
65535
65535
65535
65535
65535
65535
65535
65535
65535
65535
65535
65535
65535
65535
65535
65535
65535
65535
65535
65535
65535
65535
65535
65535
65535
65535
65535
65535
65535
65535
65535
65535
65535
65535
65535
65535
65535
65535
65535
65535
65535
65535
65535
65535
65535
65535
65535
65535
65535
65535
65535
65535
65535
65535
65535
65535
65535
65535
65535
65535
65535
65535
65535
65535
65535
65535
65535
65535
65535
65535
65535
65535
65535
65535
65535
65535
65535
65535
65535
65535
65535
65535
65535
65535
65535
65535
65535
65535
65535
65535
65535
65535
65535
65535
65535
65535
65535
65535
65535
65535
65535
65535
65535
65535
65535
65535
65535
65535
65535
65535
65535
65535
65535
65535
65535
65535
65535
65535
65535
65535
65535
65535
65535
65535
65535
65535
65535
65535
65535
65535
65535
65535
65535
65535
65535
65535
65535
65535
65535
65535
65535
65535
65535
65535
65535
65535
65535
65535
65535
65535
65535
65535
65535
65535
65535
65535
65535
65535
65535
65535
65535
65535
65535
65535
65535
65535
65535
65535
65535
65535
65535
65535
65535
65535
65535
65535
65535
65535
65535
65535
65535
65535
65535
65535
65535
65535
65535
65535
65535
65535
65535
65535
65535
65535
65535
65535
65535
65535
65535
65535
65535
65535
65535
65535
65535
65535
65535
65535
65535
65535
65535
65535
65535
65535
65535
65535
65535
65535
65535
65535
65535
65535
65535
65535
65535
65535
65535
65535
65535
65535
65535
65535
65535
65535
65535
65535
65535
65535
65535
65535
65535
65535
65535
65535
65535
65535
65535
65535
65535
65535
65535
65535
65535
65535
65535
65535
65535
65535
65535
65535
65535
65535
65535
65535
65535
65535
65535
65535
65535
65535
65535
65535
65535
65535
65535
65535
65535
65535
65535
65535
65535
65535
65535
65535
65535
65535
65535
65535
65535
65535
65535
65535
65535
65535
65535
65535
65535
65535
65535
65535
65535
65535
65535
65535
65535
65535
65535
65535
65535
65535
65535
65535
65535
65535
65535
65535
65535
65535
65535
65535
65535
65535
65535
65535
65535
65535
65535
65535
65535
65535
65535
65535
65535
65535
65535
65535
65535
65535
65535
65535
65535
65535
65535
65535
65535
65535
65535
65535
65535
65535
65535
65535
65535
65535
65535
65535
65535
65535
65535
65535
65535
65535
65535
65535
65535
65535
65535
65535
65535
65535
65535
65535
65535
65535
65535
65535
65535
65535
65535
65535
65535
65535
65535
65535
65535
65535
65535
65535
65535
65535
65535
65535
65535
65535
65535
65535
65535
65535
65535
65535
65535
65535
65535
65535
65535
65535
65535
65535
65535
65535
65535
65535
65535
65535
65535
65535
65535
65535
65535
65535
65535
65535
65535
65535
65535
65535
65535
65535
65535
65535
65535
65535
65535
65535
65535
65535
65535
65535
65535
65535
65535
65535
65535
65535
65535
65535
65535
65535
65535
65535
65535
65535
65535
65535
65535
65535
65535
65535
65535
65535
65535
65535
65535
65535
65535
65535
65535
65535
65535
65535
65535
65535
65535
65535
65535
65535
65535
65535
65535
65535
65535
65535
65535
65535
65535
65535
65535
65535
65535
65535
65535
65535
65535
65535
65535
65535
65535
65535
65535
65535
65535
65535
65535
65535
65535
65535
65535
65535
65535
65535
65535
65535
65535
65535
65535
65535
65535
65535
65535
65535
65535
65535
65535
65535
65535
65535
65535
65535
65535
65535
65535
65535
65535
65535
65535
65535
65535
65535
65535
65535
65535
65535
65535
65535
65535
65535
65535
65535
65535
65535
65535
65535
65535
65535
65535
65535
65535
65535
65535
65535
65535
65535
65535
65535
65535
65535
65535
65535
65535
65535
65535
65535
65535
65535
65535
65535
65535
65535
65535
65535
65535
65535
65535
65535
65535
65535
65535
65535
65535
65535
65535
65535
65535
65535
65535
65535
65535
65535
65535
65535
65535
65535
65535
65535
65535
65535
65535
65535
65535
65535
65535
65535
65535
65535
65535
65535
65535
65535
65535
65535
65535
65535
65535
65535
65535
65535
65535
65535
65535
65535
65535
65535
65535
65535
65535
65535
65535
65535
65535
65535
65535
65535
65535
65535
65535
65535
65535
65535
65535
65535
65535
65535
65535
65535
65535
65535
65535
65535
65535
65535
65535
65535
65535
65535
65535
65535
65535
65535
65535
65535
65535
65535
65535
65535
65535
65535
65535
65535
65535
65535
65535
65535
65535
65535
65535
65535
65535
65535
65535
65535
65535
65535
65535
65535
65535
65535
65535
65535
65535
65535
65535
65535
65535
65535
65535
65535
65535
65535
65535
65535
65535
65535
65535
65535
65535
65535
65535
65535
65535
65535
65535
65535
65535
65535
65535
65535
65535
65535
65535
65535
65535
65535
65535
65535
65535
65535
65535
65535
65535
65535
65535
65535
65535
65535
65535
65535
65535
65535
65535
65535
65535
65535
65535
65535
65535
65535
65535
65535
65535
65535
65535
65535
65535
65535
65535
65535
65535
65535
65535
65535
65535
65535
65535
65535
65535
65535
65535
65535
65535
65535
65535
65535
65535
65535
65535
65535
65535
65535
65535
65535
65535
65535
65535
65535
65535
65535
65535
65535
65535
65535
65535
65535
65535
65535
65535
65535
65535
65535
65535
65535
65535
65535
65535
65535
65535
65535
65535
65535
65535
65535
65535
65535
65535
65535
65535
65535
65535
65535
65535
65535
65535
65535
65535
65535
65535
65535
65535
65535
65535
65535
65535
65535
65535
65535
65535
65535
65535
65535
65535
65535
65535
65535
65535
65535
65535
65535
65535
65535
65535
65535
65535
65535
65535
65535
65535
65535
65535
65535
65535
65535
65535
65535
65535
65535
65535
65535
65535
65535
65535
65535
65535
65535
65535
65535
65535
65535
65535
65535
65535
65535
65535
65535
65535
65535
65535
65535
65535
65535
65535
65535
65535
65535
65535
65535
65535
65535
65535
65535
65535
65535
65535
65535
65535
65535
65535
65535
65535
65535
65535
65535
65535
65535
65535
65535
65535
65535
65535
65535
65535
65535
65535
65535
65535
65535
65535
65535
65535
65535
65535
65535
65535
65535
65535
65535
65535
65535
65535
65535
65535
65535
65535
65535
65535
65535
65535
65535
65535
65535
65535
65535
65535
65535
65535
65535
65535
65535
65535
65535
65535
65535
65535
65535
65535
65535
65535
65535
65535
65535
65535
65535
65535
65535
65535
65535
65535
65535
65535
65535
65535
65535
65535
65535
65535
65535
65535
65535
65535
65535
65535
65535
65535
65535
65535
65535
65535
65535
65535
65535
65535
65535
65535
65535
65535
65535
65535
65535
65535
65535
65535
65535
65535
65535
65535
65535
65535
65535
65535
65535
65535
65535
65535
65535
65535
65535
65535
65535
65535
65535
65535
65535
65535
65535
65535
65535
65535
65535
65535
65535
65535
65535
65535
65535
65535
65535
65535
65535
65535
65535
65535
65535
65535
65535
65535
65535
65535
65535
65535
65535
65535
65535
65535
65535
65535
65535
65535
65535
65535
65535
65535
65535
65535
65535
65535
65535
65535
65535
65535
65535
65535
65535
65535
65535
65535
65535
65535
65535
65535
65535
65535
65535
65535
65535
65535
65535
65535
65535
65535
65535
65535
65535
65535
65535
65535
65535
65535
65535
65535
65535
65535
65535
65535
65535
65535
65535
65535
65535
65535
65535
65535
65535
65535
65535
65535
65535
65535
65535
65535
65535
65535
65535
65535
65535
65535
65535
65535
65535
65535
65535
65535
65535
65535
65535
65535
65535
65535
65535
65535
65535
65535
65535
65535
65535
65535
65535
65535
65535
65535
65535
65535
65535
65535
65535
65535
65535
65535
65535
65535
65535
65535
65535
65535
65535
65535
65535
65535
65535
65535
65535
65535
65535
65535
65535
65535
65535
65535
65535
65535
65535
65535
65535
65535
65535
65535
65535
65535
65535
65535
65535
65535
65535
65535
65535
65535
65535
65535
65535
65535
65535
65535
65535
65535
65535
65535
65535
65535
65535
65535
65535
65535
65535
65535
65535
65535
65535
65535
65535
65535
65535
65535
65535
65535
65535
65535
65535
65535
65535
65535
65535
65535
65535
65535
65535
65535
65535
65535
65535
65535
65535
65535
65535
65535
65535
65535
65535
65535
65535
65535
65535
65535
65535
65535
65535
65535
65535
65535
65535
65535
65535
65535
65535
65535
65535
65535
65535
65535
65535
65535
65535
65535
65535
65535
65535
65535
65535
65535
65535
65535
65535
65535
65535
65535
65535
65535
65535
65535
65535
65535
65535
65535
65535
65535
65535
65535
65535
65535
65535
65535
65535
65535
65535
65535
65535
65535
65535
65535
65535
65535
65535
65535
65535
65535
65535
65535
65535
65535
65535
65535
65535
65535
65535
65535
65535
65535
65535
65535
65535
65535
65535
65535
65535
65535
65535
65535
65535
65535
65535
65535
65535
65535
65535
65535
65535
65535
65535
65535
65535
65535
65535
65535
65535
65535
65535
65535
65535
65535
65535
65535
65535
65535
65535
65535
65535
65535
65535
65535
65535
65535
65535
65535
65535
65535
65535
65535
65535
65535
65535
65535
65535
65535
65535
65535
65535
65535
65535
65535
65535
65535
65535
65535
65535
65535
65535
65535
65535
65535
65535
65535
65535
65535
65535
65535
65535
65535
65535
65535
65535
65535
65535
65535
65535
65535
65535
65535
65535
65535
65535
65535
65535
65535
65535
65535
65535
65535
65535
65535
65535
65535
65535
65535
65535
65535
65535
65535
65535
65535
65535
65535
65535
65535
65535
65535
65535
65535
65535
65535
65535
65535
65535
65535
65535
65535
65535
65535
65535
65535
65535
65535
65535
65535
65535
65535
65535
65535
65535
65535
65535
65535
65535
65535
65535
65535
65535
65535
65535
65535
65535
65535
65535
65535
65535
65535
65535
65535
65535
65535
65535
65535
65535
65535
65535
65535
65535
65535
65535
65535
65535
65535
65535
65535
65535
65535
65535
65535
65535
65535
65535
65535
65535
65535
65535
65535
65535
65535
65535
65535
65535
65535
65535
65535
65535
65535
65535
65535
65535
65535
65535
65535
65535
65535
65535
65535
65535
65535
65535
65535
65535
65535
65535
65535
65535
65535
65535
65535
65535
65535
65535
65535
65535
65535
65535
65535
65535
65535
65535
65535
65535
65535
65535
65535
65535
65535
65535
65535
65535
65535
65535
65535
65535
65535
65535
65535
65535
65535
65535
65535
65535
65535
65535
65535
65535
65535
65535
65535
65535
65535
65535
65535
65535
65535
65535
65535
65535
65535
65535
65535
65535
65535
65535
65535
65535
65535
65535
65535
65535
65535
65535
65535
65535
65535
65535
65535
65535
65535
65535
65535
65535
65535
65535
65535
65535
65535
65535
65535
65535
65535
65535
65535
65535
65535
65535
65535
65535
65535
65535
65535
65535
65535
65535
65535
65535
65535
65535
65535
65535
65535
65535
65535
65535
65535
65535
65535
65535
65535
65535
65535
65535
65535
65535
65535
65535
65535
65535
65535
65535
65535
65535
65535
65535
65535
65535
65535
65535
65535
65535
65535
65535
65535
65535
65535
65535
65535
65535
65535
65535
65535
65535
65535
65535
65535
65535
65535
65535
65535
65535
65535
65535
65535
65535
65535
65535
65535
65535
65535
65535
65535
65535
65535
65535
65535
65535
65535
65535
65535
65535
65535
65535
65535
65535
65535
65535
65535
65535
65535
65535
65535
65535
65535
65535
65535
65535
65535
65535
65535
65535
65535
65535
65535
65535
65535
65535
65535
65535
65535
65535
65535
65535
65535
65535
65535
65535
65535
65535
65535
65535
65535
65535
65535
65535
65535
65535
65535
65535
65535
65535
65535
65535
65535
65535
65535
65535
65535
65535
65535
65535
65535
65535
65535
65535
65535
65535
65535
65535
65535
65535
65535
65535
65535
65535
65535
65535
65535
65535
65535
65535
65535
65535
65535
65535
65535
65535
65535
65535
65535
65535
65535
65535
65535
65535
65535
65535
65535
65535
65535
65535
65535
65535
65535
65535
65535
65535
65535
65535
65535
65535
65535
65535
65535
65535
65535
65535
65535
65535
65535
65535
65535
65535
65535
65535
65535
65535
65535
65535
65535
65535
65535
65535
65535
65535
65535
65535
65535
65535
65535
65535
65535
65535
65535
65535
65535
65535
65535
65535
65535
65535
65535
65535
65535
65535
65535
65535
65535
65535
65535
65535
65535
65535
65535
65535
65535
65535
65535
65535
65535
65535
65535
65535
65535
65535
65535
65535
65535
65535
65535
65535
65535
65535
65535
65535
65535
65535
65535
65535
65535
65535
65535
65535
65535
65535
65535
65535
65535
65535
65535
65535
65535
65535
65535
65535
65535
65535
65535
65535
65535
65535
65535
65535
65535
65535
65535
65535
65535
65535
65535
65535
65535
65535
65535
65535
65535
65535
65535
65535
65535
65535
65535
65535
65535
65535
65535
65535
65535
65535
65535
65535
65535
65535
65535
65535
65535
65535
65535
65535
65535
65535
65535
65535
65535
65535
65535
65535
65535
65535
65535
65535
65535
65535
65535
65535
65535
65535
65535
65535
65535
65535
65535
65535
65535
65535
65535
65535
65535
65535
65535
65535
65535
65535
65535
65535
65535
65535
65535
65535
65535
65535
65535
65535
65535
65535
65535
65535
65535
65535
65535
65535
65535
65535
65535
65535
65535
65535
65535
65535
65535
65535
65535
65535
65535
65535
65535
65535
65535
65535
65535
65535
65535
65535
65535
65535
65535
65535
65535
65535
65535
65535
65535
65535
65535
65535
65535
65535
65535
65535
65535
65535
65535
65535
65535
65535
65535
65535
65535
65535
65535
65535
65535
65535
65535
65535
65535
65535
65535
65535
65535
65535
65535
65535
65535
65535
65535
65535
65535
65535
65535
65535
65535
65535
65535
65535
65535
65535
65535
65535
65535
65535
65535
65535
65535
65535
65535
65535
65535
65535
65535
65535
65535
65535
65535
65535
65535
65535
65535
65535
65535
65535
65535
65535
65535
65535
65535
65535
65535
65535
65535
65535
65535
65535
65535
65535
65535
65535
65535
65535
65535
65535
65535
65535
65535
65535
65535
65535
65535
65535
65535
65535
65535
65535
65535
65535
65535
65535
65535
65535
65535
65535
65535
65535
65535
65535
65535
65535
65535
65535
65535
65535
65535
65535
65535
65535
65535
65535
65535
65535
65535
65535
65535
65535
65535
65535
65535
65535
65535
65535
65535
65535
65535
65535
65535
65535
65535
65535
65535
65535
65535
65535
65535
65535
65535
65535
65535
65535
65535
65535
65535
65535
65535
65535
65535
65535
65535
65535
65535
65535
65535
65535
65535
65535
65535
65535
65535
65535
65535
65535
65535
65535
65535
65535
65535
65535
65535
65535
65535
65535
65535
65535
65535
65535
65535
65535
65535
65535
65535
65535
65535
65535
65535
65535
65535
65535
65535
65535
65535
65535
65535
65535
65535
65535
65535
65535
65535
65535
65535
65535
65535
65535
65535
65535
65535
65535
65535
65535
65535
65535
65535
65535
65535
65535
65535
65535
65535
65535
65535
65535
65535
65535
65535
65535
65535
65535
65535
65535
65535
65535
65535
65535
65535
65535
65535
65535
65535
65535
65535
65535
65535
65535
65535
65535
65535
65535
65535
65535
65535
65535
65535
65535
65535
65535
65535
65535
65535
65535
65535
65535
65535
65535
65535
65535
65535
65535
65535
65535
65535
65535
65535
65535
65535
65535
65535
65535
65535
65535
65535
65535
65535
65535
65535
65535
65535
65535
65535
65535
65535
65535
65535
65535
65535
65535
65535
65535
65535
65535
65535
65535
65535
65535
65535
65535
65535
65535
65535
65535
65535
65535
65535
65535
65535
65535
65535
65535
65535
65535
65535
65535
65535
65535
65535
65535
65535
65535
65535
65535
65535
65535
65535
65535
65535
65535
65535
65535
65535
65535
65535
65535
65535
65535
65535
65535
65535
65535
65535
65535
65535
65535
65535
65535
65535
65535
65535
65535
65535
65535
65535
65535
65535
65535
65535
65535
65535
65535
65535
65535
65535
65535
65535
65535
65535
65535
65535
65535
65535
65535
65535
65535
65535
65535
65535
65535
65535
65535
65535
65535
65535
65535
65535
65535
65535
65535
65535
65535
65535
65535
65535
65535
65535
65535
65535
65535
65535
65535
65535
65535
65535
65535
65535
65535
65535
65535
65535
65535
65535
65535
65535
65535
65535
65535
65535
65535
65535
65535
65535
65535
65535
65535
65535
65535
65535
65535
65535
65535
65535
65535
65535
65535
65535
65535
65535
65535
65535
65535
65535
65535
65535
65535
65535
65535
65535
65535
65535
65535
65535
65535
65535
65535
65535
65535
65535
65535
65535
65535
65535
65535
65535
65535
65535
65535
65535
65535
65535
65535
65535
65535
65535
65535
65535
65535
65535
65535
65535
65535
65535
65535
65535
65535
65535
65535
65535
65535
65535
65535
65535
65535
65535
65535
65535
65535
65535
65535
65535
65535
65535
65535
65535
65535
65535
65535
65535
65535
65535
65535
65535
65535
65535
65535
65535
65535
65535
65535
65535
65535
65535
65535
65535
65535
65535
65535
65535
65535
65535
65535
65535
65535
65535
65535
65535
65535
65535
65535
65535
65535
65535
65535
65535
65535
65535
65535
65535
65535
65535
65535
65535
65535
65535
65535
65535
65535
65535
65535
65535
65535
65535
65535
65535
65535
65535
65535
65535
65535
65535
65535
65535
65535
65535
65535
65535
65535
65535
65535
65535
65535
65535
65535
65535
65535
65535
65535
65535
65535
65535
65535
65535
65535
65535
65535
65535
65535
65535
65535
65535
65535
65535
65535
65535
65535
65535
65535
65535
65535
65535
65535
65535
65535
65535
65535
65535
65535
65535
65535
65535
65535
65535
65535
65535
65535
65535
65535
65535
65535
65535
65535
65535
65535
65535
65535
65535
65535
65535
65535
65535
65535
65535
65535
65535
65535
65535
65535
65535
65535
65535
65535
65535
65535
65535
65535
65535
65535
65535
65535
65535
65535
65535
65535
65535
65535
65535
65535
65535
65535
65535
65535
65535
65535
65535
65535
65535
65535
65535
65535
65535
65535
65535
65535
65535
65535
65535
65535
65535
65535
65535
65535
65535
65535
65535
65535
65535
65535
65535
65535
65535
65535
65535
65535
65535
65535
65535
65535
65535
65535
65535
65535
65535
65535
65535
65535
65535
65535
65535
65535
65535
65535
65535
65535
65535
65535
65535
65535
65535
65535
65535
65535
65535
65535
65535
65535
65535
65535
65535
65535
65535
65535
65535
65535
65535
65535
65535
65535
65535
65535
65535
65535
65535
65535
65535
65535
65535
65535
65535
65535
65535
65535
65535
65535
65535
65535
65535
65535
65535
65535
65535
65535
65535
65535
65535
65535
65535
65535
65535
65535
65535
65535
65535
65535
65535
65535
65535
65535
65535
65535
65535
65535
65535
65535
65535
65535
65535
65535
65535
65535
65535
65535
65535
65535
65535
65535
65535
65535
65535
65535
65535
65535
65535
65535
65535
65535
65535
65535
65535
65535
65535
65535
65535
65535
65535
65535
65535
65535
65535
65535
65535
65535
65535
65535
65535
65535
65535
65535
65535
65535
65535
65535
65535
65535
65535
65535
65535
65535
65535
65535
65535
65535
65535
65535
65535
65535
65535
65535
65535
65535
65535
65535
65535
65535
65535
65535
65535
65535
65535
65535
65535
65535
65535
65535
65535
65535
65535
65535
65535
65535
65535
65535
65535
65535
65535
65535
65535
65535
65535
65535
65535
65535
65535
65535
65535
65535
65535
65535
65535
65535
65535
65535
65535
65535
65535
65535
65535
65535
65535
65535
65535
65535
65535
65535
65535
65535
65535
65535
65535
65535
65535
65535
65535
65535
65535
65535
65535
65535
65535
65535
65535
65535
65535
65535
65535
65535
65535
65535
65535
65535
65535
65535
65535
65535
65535
65535
65535
65535
65535
65535
65535
65535
65535
65535
65535
65535
65535
65535
65535
65535
65535
65535
65535
65535
65535
65535
65535
65535
65535
65535
65535
65535
65535
65535
65535
65535
65535
65535
65535
65535
65535
65535
65535
65535
65535
65535
65535
65535
65535
65535
65535
65535
65535
65535
65535
65535
65535
65535
65535
65535
65535
65535
65535
65535
65535
65535
65535
65535
65535
65535
65535
65535
65535
65535
65535
65535
65535
65535
65535
65535
65535
65535
65535
65535
65535
65535
65535
65535
65535
65535
65535
65535
65535
65535
65535
65535
65535
65535
65535
65535
65535
65535
65535
65535
65535
65535
65535
65535
65535
65535
65535
65535
65535
65535
65535
65535
65535
65535
65535
65535
65535
65535
65535
65535
65535
65535
65535
65535
65535
65535
65535
65535
65535
65535
65535
65535
65535
65535
65535
65535
65535
65535
65535
65535
65535
65535
65535
65535
65535
65535
65535
65535
65535
65535
65535
65535
65535
65535
65535
65535
65535
65535
65535
65535
65535
65535
65535
65535
65535
65535
65535
65535
65535
65535
65535
65535
65535
65535
65535
65535
65535
65535
65535
65535
65535
65535
65535
65535
65535
65535
65535
65535
65535
65535
65535
65535
65535
65535
65535
65535
65535
65535
65535
65535
65535
65535
65535
65535
65535
65535
65535
65535
65535
65535
65535
65535
65535
65535
65535
65535
65535
65535
65535
65535
65535
65535
65535
65535
65535
65535
65535
65535
65535
65535
65535
65535
65535
65535
65535
65535
65535
65535
65535
65535
65535
65535
65535
65535
65535
65535
65535
65535
65535
65535
65535
65535
65535
65535
65535
65535
65535
65535
65535
65535
65535
65535
65535
65535
65535
65535
65535
65535
65535
65535
65535
65535
65535
65535
65535
65535
65535
65535
65535
65535
65535
65535
65535
65535
65535
65535
65535
65535
65535
65535
65535
65535
65535
65535
65535
65535
65535
65535
65535
65535
65535
65535
65535
65535
65535
65535
65535
65535
65535
65535
65535
65535
65535
65535
65535
65535
65535
65535
65535
65535
65535
65535
65535
65535
65535
65535
65535
65535
65535
65535
65535
65535
65535
65535
65535
65535
65535
65535
65535
65535
65535
65535
65535
65535
65535
65535
65535
65535
65535
65535
65535
65535
65535
65535
65535
65535
65535
65535
65535
65535
65535
65535
65535
65535
65535
65535
65535
65535
65535
65535
65535
65535
65535
65535
65535
65535
65535
65535
65535
65535
65535
65535
65535
65535
65535
65535
65535
65535
65535
65535
65535
65535
65535
65535
65535
65535
65535
65535
65535
65535
65535
65535
65535
65535
65535
65535
65535
65535
65535
65535
65535
65535
65535
65535
65535
65535
65535
65535
65535
65535
65535
65535
65535
65535
65535
65535
65535
65535
65535
65535
65535
65535
65535
65535
65535
65535
65535
65535
65535
65535
65535
65535
65535
65535
65535
65535
65535
65535
65535
65535
65535
65535
65535
65535
65535
65535
65535
65535
65535
65535
65535
65535
65535
65535
65535
65535
65535
65535
65535
65535
65535
65535
65535
65535
65535
65535
65535
65535
65535
65535
65535
65535
65535
65535
65535
65535
65535
65535
65535
65535
65535
65535
65535
65535
65535
65535
65535
65535
65535
65535
65535
65535
65535
65535
65535
65535
65535
65535
65535
65535
65535
65535
65535
65535
65535
65535
65535
65535
65535
65535
65535
65535
65535
65535
65535
65535
65535
65535
65535
65535
65535
65535
65535
65535
65535
65535
65535
65535
65535
65535
65535
65535
65535
65535
65535
65535
65535
65535
65535
65535
65535
65535
65535
65535
65535
65535
65535
65535
65535
65535
65535
65535
65535
65535
65535
65535
65535
65535
65535
65535
65535
65535
65535
65535
65535
65535
65535
65535
65535
65535
65535
65535
65535
65535
65535
65535
65535
65535
65535
65535
65535
65535
65535
65535
65535
65535
65535
65535
65535
65535
65535
65535
65535
65535
65535
65535
65535
65535
65535
65535
65535
65535
65535
65535
65535
65535
65535
65535
65535
65535
65535
65535
65535
65535
65535
65535
65535
65535
65535
65535
65535
65535
65535
65535
65535
65535
65535
65535
65535
65535
65535
65535
65535
65535
65535
65535
65535
65535
65535
65535
65535
65535
65535
65535
65535
65535
65535
65535
65535
65535
65535
65535
65535
65535
65535
65535
65535
65535
65535
65535
65535
65535
65535
65535
65535
65535
65535
65535
65535
65535
65535
65535
65535
65535
65535
65535
65535
65535
65535
65535
65535
65535
65535
65535
65535
65535
65535
65535
65535
65535
65535
65535
65535
65535
65535
65535
65535
65535
65535
65535
65535
65535
65535
65535
65535
65535
65535
65535
65535
65535
65535
65535
65535
65535
65535
65535
65535
65535
65535
65535
65535
65535
65535
65535
65535
65535
65535
65535
65535
65535
65535
65535
65535
65535
65535
65535
65535
65535
65535
65535
65535
65535
65535
65535
65535
65535
65535
65535
65535
65535
65535
65535
65535
65535
65535
65535
65535
65535
65535
65535
65535
65535
65535
65535
65535
65535
65535
65535
65535
65535
65535
65535
65535
65535
65535
65535
65535
65535
65535
65535
65535
65535
65535
65535
65535
65535
65535
65535
65535
65535
65535
65535
65535
65535
65535
65535
65535
65535
65535
65535
65535
65535
65535
65535
65535
65535
65535
65535
65535
65535
65535
65535
65535
65535
65535
65535
65535
65535
65535
65535
65535
65535
65535
65535
65535
65535
65535
65535
65535
65535
65535
65535
65535
65535
65535
65535
65535
65535
65535
65535
65535
65535
65535
65535
65535
65535
65535
65535
65535
65535
65535
65535
65535
65535
65535
65535
65535
65535
65535
65535
65535
65535
65535
65535
65535
65535
65535
65535
65535
65535
65535
65535
65535
65535
65535
65535
65535
65535
65535
65535
65535
65535
65535
65535
65535
65535
65535
65535
65535
65535
65535
65535
65535
65535
65535
65535
65535
65535
65535
65535
65535
65535
65535
65535
65535
65535
65535
65535
65535
65535
65535
65535
65535
65535
65535
65535
65535
65535
65535
65535
65535
65535
65535
65535
65535
65535
65535
65535
65535
65535
65535
65535
65535
65535
65535
65535
65535
65535
65535
65535
65535
65535
65535
65535
65535
65535
65535
65535
65535
65535
65535
65535
65535
65535
65535
65535
65535
65535
65535
65535
65535
65535
65535
65535
65535
65535
65535
65535
65535
65535
65535
65535
65535
65535
65535
65535
65535
65535
65535
65535
65535
65535
65535
65535
65535
65535
65535
65535
65535
65535
65535
65535
65535
65535
65535
65535
65535
65535
65535
65535
65535
65535
65535
65535
65535
65535
65535
65535
65535
65535
65535
65535
65535
65535
65535
65535
65535
65535
65535
65535
65535
65535
65535
65535
65535
65535
65535
65535
65535
65535
65535
65535
65535
65535
65535
65535
65535
65535
65535
65535
65535
65535
65535
65535
65535
65535
65535
65535
65535
65535
65535
65535
65535
65535
65535
65535
65535
65535
65535
65535
65535
65535
65535
65535
65535
65535
65535
65535
65535
65535
65535
65535
65535
65535
65535
65535
65535
65535
65535
65535
65535
65535
65535
65535
65535
65535
65535
65535
65535
65535
65535
65535
65535
65535
65535
65535
65535
65535
65535
65535
65535
65535
65535
65535
65535
65535
65535
65535
65535
65535
65535
65535
65535
65535
65535
65535
65535
65535
65535
65535
65535
65535
65535
65535
65535
65535
65535
65535
65535
65535
65535
65535
65535
65535
65535
65535
65535
65535
65535
65535
65535
65535
65535
65535
65535
65535
65535
65535
65535
65535
65535
65535
65535
65535
65535
65535
65535
65535
65535
65535
65535
65535
65535
65535
65535
65535
65535
65535
65535
65535
65535
65535
65535
65535
65535
65535
65535
65535
65535
65535
65535
65535
65535
65535
65535
65535
65535
65535
65535
65535
65535
65535
65535
65535
65535
65535
65535
65535
65535
65535
65535
65535
65535
65535
65535
65535
65535
65535
65535
65535
65535
65535
65535
65535
65535
65535
65535
65535
65535
65535
65535
65535
65535
65535
65535
65535
65535
65535
65535
65535
65535
65535
65535
65535
65535
65535
65535
65535
65535
65535
65535
65535
65535
65535
65535
65535
65535
65535
65535
65535
65535
65535
65535
65535
65535
65535
65535
65535
65535
65535
65535
65535
65535
65535
65535
65535
65535
65535
65535
65535
65535
65535
65535
65535
65535
65535
65535
65535
65535
65535
65535
65535
65535
65535
65535
65535