37304
52848
21507
43268
2601
30579
58557
61412
45615
17383
51579
35782
10659
1079
41492
10151
47455
53419
37622
9390
34259
40223
24426
39716
39462
20556
1650
63824
57353
29121
41302
34831
53229
2983
2729
21127
39526
45489
4569
22967
53801
59764
59257
55894
30517
23793
51517
29249
763
53357
43524
46379
55451
42509
45110
38385
9899
56276
27790
42826
11232
20051
47521
53231
52724
8695
64397
4571
25824
19100
65476
33882
36483
17324
60338
12946
21765
36801
45619
26460
13518
44351
53169
58879
61480
5017
35596
35089
56342
65161
5334
4827
22972
34899
28174
61862
48920
51521
13456
22021
33948
55201
26462
44606
50316
6034
27287
51649
895
31475
34076
11808
17517
48097
6923
40611
5654
45559
48161
16313
9334
27479
54949
51333
47717
12761
15362
2166
54506
16441
50129
34078
20882
42135
28939
200
43214
48924
32619
6989
40677
33698
26720
51082
56792
43596
33762
33255
13841
4008
40805
58949
58442
57934
7434
47340
46832
61868
58252
23295
35223
43787
5722
42519
4453
16381
330
6040
43090
29894
13843
16445
3503
15430
64661
35922
22726
3566
43472
64725
35986
29261
25645
50007
58825
61173
47977
19238
62252
27295
42331
4266
16193
59207
11816
20634
35670
28945
62633
27930
8771
14481
32625
41444
44045
52864
52356
20508
44870
41254
37638
62000
55275
23427
38463
12833
9217
14926
39288
35672
50708
59527
5918
52041
23555
38591
59844
34468
2620
17656
57815
7315
44111
65365
52169
39226
32248
50393
62320
14928
51979
48363
13406
16007
46587
8521
35992
22796
28506
27999
55469
1860
60672
35295
41005
43606
2432
8142
16960
53757
15692
24510
11568
14169
1227
19372
3321
65241
64733
51791
4653
19689
16073
22
58834
42783
17406
20007
25717
28318
24702
33521
55028
32506
59976
9476
5860
64671
64164
48113
16519
62895
53062
58772
2054
29525
13474
44053
15568
8843
24133
4973
10683
47734
16139
50081
40248
42849
42341
51160
28892
25276
62326
43166
8463
45514
20137
28956
25339
6180
64991
61375
60868
1041
9860
3135
46403
45896
26736
13794
44373
43866
30924
11764
1930
10749
50908
47292
31241
43168
30226
57951
48117
7197
53573
9544
5928
52305
11384
17094
32130
59855
18934
62202
64803
36318
4724
57317
13288
59665
46723
39998
58142
63852
29149
37968
62584
27881
24265
1996
63916
47865
59793
9546
9039
39872
20712
60872
38603
57002
50277
28009
8849
45900
11197
16907
57066
47232
24964
62014
45964
45456
26297
4028
47296
46789
21412
14687
7962
29469
19636
28454
21729
11896
58272
42222
7519
3902
18938
5996
55481
39431
60684
41524
31691
6314
49582
64618
48567
7647
10248
3523
40573
33849
2254
11073
10565
3841
56434
18623
15007
2064
51550
4412
29028
56752
31375
18433
52121
42288
20019
860
16149
9425
24714
14881
39497
48315
35373
63097
31503
52756
46032
54850
41908
25857
16024
12407
65001
2067
54660
47936
34993
50283
43558
27507
11457
4732
32456
19514
59673
40513
33789
8158
48317
16723
9998
165
49650
33599
36454
7968
57453
50729
59547
55931
5431
45590
4670
54155
10126
22053
65321
52379
58089
4480
32204
13045
40769
46479
33537
36138
35631
32015
53268
55869
42927
26876
20151
992
44260
21991
21484
27447
17614
32650
25925
12983
40707
30874
8606
39439
26497
10446
56822
53206
37155
30430
51684
23198
63357
37980
21929
8987
52255
20407
63675
740
15776
18377
24087
23580
38616
22565
53144
40202
24151
29861
13810
47752
34810
34302
55809
49084
57903
1186
50671
43946
9243
58728
48895
32590
19648
6706
56191
43249
2075
36016
35509
3915
3407
46675
27516
39697
39189
44899
41283
25232
24725
58413
7912
54289
680
56383
37223
42933
20665
45281
50990
34940
53084
30816
17874
45345
32402
16351
18953
31134
5757
49025
48517
22887
59937
43886
24727
33545
57907
48074
50675
56385
31008
39826
33102
60572
44521
44014
34180
30564
58035
19970
3919
59621
12230
49027
54737
29106
16164
12548
27584
42619
20351
10518
34880
56133
49408
52009
1509
19654
34690
55943
33675
64254
23080
47442
43826
46427
30377
5000
51376
38434
62796
56071
58672
8172
20100
4049
22193
59244
8744
5128
35707
44525
56453
5953
20989
26699
10394
31647
62227
8618
64320
13820
16422
40784
40276
52203
26573
16739
50427
31268
24543
20927
20419
29238
9825
43513
43005
45606
51316
47700
62736
56011
8620
8112
32474
44402
56329
52713
17756
29683
47828
56647
9255
30509
17566
57472
25624
62420
8812
42500
38884
818
31398
9129
64832
29875
1136
9955
62548
33809
48845
20106
946
37743
5895
33366
51510
35206
56459
62169
17886
1581
41487
3422
21566
42819
7863
32225
50369
59188
39775
17253
47832
6658
21694
33621
61092
23027
505
62171
11671
29815
47960
13003
46691
49293
58111
23155
53734
12560
40030
39523
54559
950
59761
37239
2283
51514
63441
19159
9072
55194
26455
1078
3679
65345
24171
17193
29120
15924
58938
20873
4822
29184
6662
18336
55132
13958
47646
62682
5711
20493
19732
12754
49550
39463
23159
59955
3238
36926
1969
4317
47331
3048
33627
4888
32359
511
65286
36546
35785
53930
24937
5777
20813
23161
35088
59450
33819
5080
26333
50695
28173
46318
42448
38578
44034
31092
64780
39150
16628
62750
49554
55011
10728
44416
21640
33568
20372
19864
6668
59008
14472
23291
16312
62435
58565
60912
7050
18723
55520
17455
35346
3498
15171
23736
4323
56409
5909
64467
63959
53872
28241
58567
14030
25704
9399
46196
45435
57362
41058
8956
17521
32303
62882
33889
5150
54381
44294
55968
39663
17141
7054
21836
27292
60980
901
59458
64914
26849
44993
31544
37000
36239
51021
53369
37064
14288
19744
59650
21331
45439
29134
25265
43155
57938
16510
49944
58509
48422
28755
65298
55211
57558
31927
34275
33514
60984
57115
59462
14926
26599
715
37258
58257
26156
9597
58575
4713
28821
28060
30407
60733
9979
15435
24000
13913
22478
31043
11376
16832
22288
55722
39164
41511
12772
36880
17213
44430
65430
45763
19878
37769
21211
48428
53884
46652
45891
48238
19245
30919
33266
13599
56613
30729
7953
38279
18866
52554
63973
7002
52871
61182
44624
6305
2181
23181
3514
55854
64419
26100
12904
18360
11128
53888
56236
52366
17155
597
27814
30162
32509
37965
2755
36189
26102
9544
49195
17094
15825
21027
57824
47483
52686
20584
44438
43423
17539
10307
31306
20965
32639
22298
61950
36065
60174
52941
39492
35368
37716
58715
45266
53577
58779
4917
3902
46662
2126
51103
96
11516
38733
31754
49645
48630
35180
15513
58020
41462
28012
2128
35816
28583
43366
48568
59988
30995
1748
47617
55928
33153
54152
44065
5746
39180
44636
40513
27063
51171
50156
30489
7714
44257
30807
4923
50792
62212
61197
38167
21609
26811
60246
53013
8223
29223
49969
48954
19961
62721
36583
16916
9684
36901
57900
44451
55870
45529
22754
15522
33159
16600
15332
54983
867
40265
1692
41344
43438
11336
7212
15524
20726
38617
40711
42804
48007
59427
33542
16984
40839
45787
10323
34178
45598
44329
43314
45408
618
21363
35892
10008
46551
39065
19144
21238
29549
16099
21302
10961
22380
46235
51437
15973
8741
41922
40907
58544
38877
3159
27013
38433
52962
14389
60258
40337
60829
3351
17879
23082
24922
17689
44653
24986
58166
25811
9252
58230
29237
46874
39642
47699
15344
36090
25749
30951
51697
35139
65211
20421
47384
33934
7796
6781
55505
57599
31461
39772
41612
15474
26894
19661
62422
20740
3928
46435
1645
31717
8687
51194
56396
30258
57221
65279
60901
59887
21314
57603
44153
61791
45232
62869
5644
63694
18651
61411
10403
50055
64584
60460
27851
29691
31785
33625
48153
46884
61413
41492
9137
36354
53737
49360
4570
3555
20938
7235
40415
57799
28552
43081
35595
31217
23731
32042
2796
17324
60084
9077
1591
3431
49046
47778
27857
1719
50189
8254
3877
40166
26716
38136
24433
45178
56345
49112
16757
31285
61357
38328
31096
51588
13269
55775
57869
28368
49114
22976
3056
8004
59583
52097
60155
12002
26530
59457
55080
47340
36746
7499
40679
2107
22852
18475
14098
19046
55336
50958
15241
42204
47152
39666
44615
46455
35607
56353
30215
13403
9025
42206
62698
64792
10676
31168
55022
16449
52739
45253
43984
64730
41700
6236
29837
38148
30662
16959
15690
5096
25588
30790
26413
25144
17658
38150
18230
60736
3511
36692
63401
21466
35741
19183
24385
10682
3196
33014
59723
61310
47606
55664
10620
31112
1865
31937
12016
48305
47037
11319
34920
14999
1296
59346
33208
31939
52685
54779
31495
5357
13669
31306
30037
47674
15065
38666
3202
42600
38222
21157
1236
21728
45329
50277
30103
50849
30674
32514
21920
36195
56687
20969
25918
52627
45141
28075
45459
47299
52247
16783
12406
64239
3651
21035
63288
30932
54533
34612
2257
34930
11901
41719
2892
51616
31442
42608
41339
40071
48128
34171
57518
28017
48510
56313
58153
16218
27384
60311
43499
4926
3657
61707
16917
105
20344
19075
64437
3596
14762
47688
18442
39188
25484
45723
19331
46040
44772
49974
64249
25422
24154
35320
58921
45217
6391
17557
41158
14766
16606
33989
7597
3220
51944
13118
46298
41921
55942
32912
15593
23650
35070
46236
26315
56134
51756
59814
33676
60385
52
20544
41036
49093
29172
12107
57468
21750
29554
6271
14075
43639
39008
181
57978
37803
52078
25686
39707
22895
55822
60517
24799
63943
27972
39138
6529
55253
7100
36918
29179
40345
20424
59568
4944
13002
55255
44406
61790
10529
56144
32861
24867
36033
47199
5264
13322
36922
7676
53037
26645
18906
61159
31658
17701
19541
27598
48090
31025
35973
62683
11422
56783
30138
25507
36419
701
14976
13707
24873
42511
47459
58372
4002
15168
29442
65224
41941
15549
7810
34773
5272
7112
58691
959
18342
7748
56218
32935
15869
55013
37947
14918
44990
56156
23547
3372
20502
34777
2168
35095
14920
63390
12129
54382
53113
26722
56540
11242
394
30212
25581
58508
57239
12195
7818
56034
23425
40555
64156
31546
61618
22792
55719
63776
15623
51659
12579
11056
10041
2302
41700
33960
51343
9408
36118
22414
55341
38275
33898
23303
53122
45382
6302
45446
28380
33329
38277
33646
60356
30855
54456
3195
61245
28636
20896
3830
27431
13474
49509
57313
40247
20073
25022
11065
6433
8274
16077
27243
41518
24706
33017
50401
51987
22233
23819
19188
20774
19252
36635
7135
58714
63662
24836
23567
30
14305
37906
36384
41079
33339
3838
55417
47678
49518
1365
59161
45458
37972
14689
16275
58528
29281
40447
60939
56562
51931
28648
46031
60306
18371
1305
28015
51615
6572
51933
6889
5367
22750
15011
7017
2640
13806
65385
42102
15710
64180
47368
42737
44323
11968
16917
15648
20597
12857
14697
38298
61899
19710
65071
38933
50099
61012
37728
11083
25358
45850
50798
30878
64058
34558
51941
3789
8737
38556
43504
4678
28532
17684
59683
45726
38240
39826
16543
24601
60636
15338
57845
46997
61271
56640
49154
50741
15023
38624
18449
48267
9441
29933
62860
61591
38562
18387
41988
3162
8110
56580
42623
7159
2782
26383
6208
17374
309
42815
53981
58930
19850
12110
13950
49986
1833
40977
39709
16679
12048
10779
59250
48655
31843
8560
44342
43073
23152
21630
7673
49926
35969
25120
20743
50561
61727
57350
62552
55066
38254
49420
48152
62173
48469
37875
49041
3997
27598
17003
53038
4886
47139
30327
63507
18463
7869
62810
21129
7425
62367
36228
62938
5459
35531
24937
11233
19291
14913
20116
28427
52028
3875
33947
10664
50062
64590
56851
8698
41879
21958
58247
10348
15297
26717
59897
24433
26527
62816
33569
63641
37503
30017
16314
5719
54443
59138
11239
56855
43151
17013
56411
58251
44548
62185
11177
13017
8640
4517
393
61805
13907
37761
11623
29260
43535
39411
13273
43345
10736
22156
42648
63394
40364
45567
38081
46392
45377
28565
52419
1666
56861
65172
54577
16258
2555
42206
28757
11945
23365
22350
55784
14102
9725
18036
17021
31550
39861
4651
9853
8838
26475
3446
52170
4017
24763
26857
3827
40117
63971
34978
37072
60926
34788
36882
54519
19309
27620
29714
56677
43227
51539
62958
37074
61182
53950
15377
61246
7130
58963
45513
3832
12143
54649
50272
21279
38916
41010
21343
20328
63088
5863
39044
41138
15253
51796
25912
5991
11194
53700
34033
1678
663
43423
26611
3836
49705
48690
34986
43297
48500
9927
15130
57890
9991
5867
48374
22236
36764
51293
28517
55734
35814
3712
27820
17479
9993
43427
45521
16528
31057
42476
47679
65062
38924
6823
18242
57640
415
24524
45269
34675
49203
60623
47173
8854
1622
3716
30679
23447
59736
5620
10822
59800
52568
7778
28523
17929
26240
43877
58406
29412
62593
18057
10824
12664
55171
7272
46670
48510
31952
49589
51429
47052
39566
32333
18884
64499
803
30875
64309
19519
46736
5055
35380
34365
8227
35190
8799
32653
50290
24152
38427
18506
45469
47563
55874
1504
56446
61648
41727
28024
55241
50864
8929
16986
62601
14702
47883
15527
42491
3918
37098
42047
3474
27329
54292
18828
33356
1001
9312
17370
59876
21303
1383
12802
61526
13628
62352
48648
31836
36785
63494
37356
1638
28602
39768
38499
59245
20672
10077
24352
4178
59119
57850
53727
24480
19849
43704
61087
50239
48970
35267
52650
7860
25497
14902
26068
37235
4879
47386
11922
41740
9384
1898
34825
14904
10527
12367
57729
34699
20742
50814
49545
10719
40537
51703
38000
36731
7484
46882
23853
6787
52149
7105
30706
26075
31023
23537
25377
8312
56782
39716
47773
52468
50946
27917
51517
53104
23350
56276
51645
43906
33057
47332
58244
28998
12185
35786
59387
20561
22401
58436
63385
64971
38833
15550
54694
12759
32997
47272
64402
47336
49176
25893
49494
57551
49811
45180
12571
4831
31287
39345
59837
11430
25451
33509
44421
42899
16761
5912
32622
2868
23106
49562
1155
18539
51466
53052
10863
6486
58065
56796
52165
41317
8454
25837
30532
22792
5727
57306
37131
51152
8963
29202
52549
38845
30852
32438
52677
44937
12328
57689
43478
63970
59339
32948
25208
54772
9475
48365
31299
10871
55979
29587
9159
63847
59216
35679
37265
7511
11952
19502
30414
22675
20899
16268
2310
44563
39679
35048
33525
4025
55350
62900
26928
28768
49007
41267
64360
34606
32830
34416
13988
18683
20269
18747
4536
30738
19636
17860
53388
61192
97
29408
21668
38798
12152
57260
43049
35056
48823
50156
1749
46857
60624
5747
16406
17484
43433
25860
8540
56757
61198
43625
22943
14696
22499
61390
37599
4482
46228
677
51748
43755
13747
2644
47499
11273
31512
4612
11909
12987
32972
18761
4550
24789
41665
11657
301
7597
8930
56893
42682
3602
32912
50042
7853
15403
16736
33612
13183
33168
18957
60703
55564
56897
33106
34439
29300
30633
41038
60769
33616
53600
7795
58867
19533
36155
3038
41675
21247
22326
17441
59186
47577
7735
15032
9893
60964
55826
19601
55129
43773
47960
30133
49864
25820
54877
52593
28803
61222
12309
50438
57480
21001
62747
13833
24238
50186
63446
14532
31154
38451
11298
18340
62941
32933
18214
31474
29191
58248
15551
35536
42578
9208
63388
2040
59075
3690
48290
55079
18346
47403
1852
55525
50132
4327
46073
37572
35035
48294
1982
12387
4140
1856
24442
19050
32310
5157
9090
63017
7632
24254
43731
38085
29331
55279
65430
41640
45320
55217
37390
3766
7700
39866
31365
57059
45196
42912
12651
19693
4721
58140
30480
49957
44565
51607
33526
37207
15763
63472
51355
27057
27883
56686
23315
36575
40509
62841
26108
26426
32961
42859
14944
30805
28268
44383
32520
26874
24590
37596
32204
32775
2260
24846
22309
866
17234
64689
15268
3405
50606
23200
45532
27198
28023
37920
934
10831
52069
52387
62284
28660
41666
39129
30374
62540
50677
7473
14008
17434
51947
36468
59054
3161
16167
7159
1513
2085
61467
18263
31269
25623
25941
23150
41866
39075
2089
52399
21630
18839
19156
38380
32226
29689
45804
30325
18207
27851
21952
47139
63000
13325
41621
57228
63509
7363
44478
41433
47714
35343
44226
47398
59897
53490
53554
28495
47464
59709
31795
28750
329
53240
28181
25136
50070
141
22220
9595
2934
27868
55656
52357
52168
39543
64476
11439
27046
24002
14740
36818
46208
20895
8271
55218
11253
54585
48432
64039
1168
38536
10368
53954
59981
46850
28008
65122
61570
52054
17415
1428
51231
60113
53706
3778
65508
65064
52440
48887
4669
63544
38738
16280
25163
21611
46290
48956
54729
45214
10828
7276
19267
31005
61902
54987
44964
16289
62729
43633
58733
39638
38940
32533
25872
62733
24478
42686
29808
32473
44211
31079
39708
8177
13444
18964
24484
17316
60140
59443
52528
4947
26264
50436
11928
33245
44728
37560
8631
7934
38323
46698
27095
57231
34266
23989
48161
59645
8955
36236
25705
21392
20694
50830
31227
52291
29325
12577
36496
44871
9470
20954
3952
3001
8268
16389
21909
20705
54203
31491
2055
6813
58203
56998
2946
39045
46913
61251
7199
53132
7898
38034
8851
1176
12406
29853
50409
64494
44130
39816
25670
12030
7463
37345
63865
3088
63803
40076
26183
52703
16795
12482
60509
5695
45157
37227
38370
45477
47127
45415
34123
563
61278
56711
20549
3294
60900
21884
60331
39459
28167
7549
18272
56973
17956
41114
32930
11805
59578
48286
46320
43847
41881
5466
40804
19932
42836
40616
26216
24504
22284
54006
45569
58893
6934
20258
58452
28254
22418
45322
23942
52810
44119
13414
4469
51481
26993
24520
25155
414
29027
60749
51805
33534
21228
15646
3592
56822
50986
23643
23771
4993
30498
21046
52768
11722
42937
30884
27903
6270
56644
59881
19342
28542
59757
10400
4056
50814
28928
53925
4060
50311
446
40733
24810
31409
9269
59390
52539
8384
23548
41820
13463
15938
12450
61809
36306
32564
35040
15501
17976
33140
1927
29272
56617
27752
33589
57318
729
6566
39875
42097
22050
21417
60942
54092
9430
36521
22945
9116
23519
35066
37034
2205
38369
56134
45413
53599
61530
59882
49161
629
48720
34891
42569
56464
64395
15863
57736
15422
47969
36487
44165
55205
12637
64344
52862
37764
10993
40178
25587
20323
28001
57185
64356
40186
44247
10751
21030
33911
56371
13295
41972
14186
23957
36838
34174
56127
40522
25678
13435
29677
48521
17119
7731
60263
50875
19472
51005
38001
6091
14848
61416
48412
20118
643
15617
55460
8261
16256
65426
17973
23367
19181
33902
35933
47799
27816
14305
10119
9804
17799
53773
5051
2959
20027
15588
45090
2586
41414
29996
41101
1705
24229
19282
20299
55258
65347
41494
20497
27224
12444
12953
62694
6232
15560
30852
15311
6494
6496
53382
62457
39937
48504
26237
57072
35060
2707
45723
16732
56385
15213
43194
4623
9574
40155
38635
28042
1906
31219
5083
25323
20948
41188
61175
56546
19054
31555
1041
2122
17478
48631
14501
8350
30177
58728
11149
54229
60005
62672
9129
46499
52529
1080
24493
2291
56791
61298
43791
29392
34153
63530
20899
34225
28392
7522
42608
59297
30941
12419
21367
27715
8178
64010
52784
42066
22021
31223
60664
40619
63589
5225
3072
13353
60684
39117
52000
11527
36337
64762
48144
26070
11799
50630
24686
57552
27992
50518
52806
32571
26866
14435
64178
48639
45534
53849
6462
61661
16368
55770
4512
61552
59018
40434
38409
57636
22240
6257
21107
32595
15597
1708
6218
5842
49749
5091
44367
61375
28644
5493
8798
44458
22132
55508
19479
36043
22282
32375
5165
52055
22814
43566
55246
52968
26075
50761
24946
59276
19758
34928
41533
747
15917
32420
17835
23743
3513
32260
16725
63110
52016
46885
58885
30218
32130
14946
61712
65021
49931
58950
57692
3586
36776
12488
43142
19933
10238
65127
52133
21820
4259
4081
15070
58731
40283
59965
25212
44132
20166
48286
41768
5241
39199
14410
50843
41725
9388
25014
3717
4245
61364
62909
38823
24699
31638
53931
1236
31524
13533
48201
40554
20917
46009
20221
42271
64004
11321
18402
17618
58707
15987
56247
23225
27373
426
7605
35397
33305
29499
18905
62426
65535
65535
65535
65535
65535
65535
65535
65535
65535
65535
65535
65535
65535
65535
65535
65535
65535
65535
65535
65535
65535
65535
65535
65535
65535
65535
65535
65535
65535
65535
65535
65535
65535
65535
65535
65535
65535
65535
65535
65535
65535
65535
65535
65535
65535
65535
65535
65535
65535
65535
65535
65535
65535
65535
65535
65535
65535
65535
65535
65535
65535
65535
65535
65535
65535
65535
65535
65535
65535
65535
65535
65535
65535
65535
65535
65535
65535
65535
65535
65535
65535
65535
65535
65535
65535
65535
65535
65535
65535
65535
65535
65535
65535
65535
65535
65535
65535
65535
65535
65535
65535
65535
65535
65535
65535
65535
65535
65535
65535
65535
65535
65535
65535
65535
65535
65535
65535
65535
65535
65535
65535
65535
65535
65535
65535
65535
65535
65535
65535
65535
65535
65535
65535
65535
65535
65535
65535
65535
65535
65535
65535
65535
65535
65535
65535
65535
65535
65535
65535
65535
65535
65535
65535
65535
65535
65535
65535
65535
65535
65535
65535
65535
65535
65535
65535
65535
65535
65535
65535
65535
65535
65535
65535
65535
65535
65535
65535
65535
65535
65535
65535
65535
65535
65535
65535
65535
65535
65535
65535
65535
65535
65535
65535
65535
65535
65535
65535
65535
65535
65535
65535
65535
65535
65535
65535
65535
65535
65535
65535
65535
65535
65535
65535
65535
65535
65535
65535
65535
65535
65535
65535
65535
65535
65535
65535
65535
65535
65535
65535
65535
65535
65535
65535
65535
65535
65535
65535
65535
65535
65535
65535
65535
65535
65535
65535
65535
65535
65535
65535
65535
65535
65535
65535
65535
65535
65535
65535
65535
65535
65535
65535
65535
65535
65535
65535
65535
65535
65535
65535
65535
65535
65535
65535
65535
65535
65535
65535
65535
65535
65535
65535
65535
65535
65535
65535
65535
65535
65535
65535
65535
65535
65535
65535
65535
65535
65535
65535
65535
65535
65535
65535
65535
65535
65535
65535
65535
65535
65535
65535
65535
65535
65535
65535
65535
65535
65535
65535
65535
65535
65535
65535
65535
65535
65535
65535
65535
65535
65535
65535
65535
65535
65535
65535
65535
65535
65535
65535
65535
65535
65535
65535
65535
65535
65535
65535
65535
65535
65535
65535
65535
65535
65535
65535
65535
65535
65535
65535
65535
65535
65535
65535
65535
65535
65535
65535
65535
65535
65535
65535
65535
65535
65535
65535
65535
65535
65535
65535
65535
65535
65535
65535
65535
65535
65535
65535
65535
65535
65535
65535
65535
65535
65535
65535
65535
65535
65535
65535
65535
65535
65535
65535
65535
65535
65535
65535
65535
65535
65535
65535
65535
65535
65535
65535
65535
65535
65535
65535
65535
65535
65535
65535
65535
65535
65535
65535
65535
65535
65535
65535
65535
65535
65535
65535
65535
65535
65535
65535
65535
65535
65535
65535
65535
65535
65535
65535
65535
65535
65535
65535
65535
65535
65535
65535
65535
65535
65535
65535
65535
65535
65535
65535
65535
65535
65535
65535
65535
65535
65535
65535
65535
65535
65535
65535
65535
65535
65535
65535
65535
65535
65535
65535
65535
65535
65535
65535
65535
65535
65535
65535
65535
65535
65535
65535
65535
65535
65535
65535
65535
65535
65535
65535
65535
65535
65535
65535
65535
65535
65535
65535
65535
65535
65535
65535
65535
65535
65535
65535
65535
65535
65535
65535
65535
65535
65535
65535
65535
65535
65535
65535
65535
65535
65535
65535
65535
65535
65535
65535
65535
65535
65535
65535
65535
65535
65535
65535
65535
65535
65535
65535
65535
65535
65535
65535
65535
65535
65535
65535
65535
65535
65535
65535
65535
65535
65535
65535
65535
65535
65535
65535
65535
65535
65535
65535
65535
65535
65535
65535
65535
65535
65535
65535
65535
65535
65535
65535
65535
65535
65535
65535
65535
65535
65535
65535
65535
65535
65535
65535
65535
65535
65535
65535
65535
65535
65535
65535
65535
65535
65535
65535
65535
65535
65535
65535
65535
65535
65535
65535
65535
65535
65535
65535
65535
65535
65535
65535
65535
65535
65535
65535
65535
65535
65535
65535
65535
65535
65535
65535
65535
65535
65535
65535
65535
65535
65535
65535
65535
65535
65535
65535
65535
65535
65535
65535
65535
65535
65535
65535
65535
65535
65535
65535
65535
65535
65535
65535
65535
65535
65535
65535
65535
65535
65535
65535
65535
65535
65535
65535
65535
65535
65535
65535
65535
65535
65535
65535
65535
65535
65535
65535
65535
65535
65535
65535
65535
65535
65535
65535
65535
65535
65535
65535
65535
65535
65535
65535
65535
65535
65535
65535
65535
65535
65535
65535
65535
65535
65535
65535
65535
65535
65535
65535
65535
65535
65535
65535
65535
65535
65535
65535
65535
65535
65535
65535
65535
65535
65535
65535
65535
65535
65535
65535
65535
65535
65535
65535
65535
65535
65535
65535
65535
65535
65535
65535
65535
65535
65535
65535
65535
65535
65535
65535
65535
65535
65535
65535
65535
65535
65535
65535
65535
65535
65535
65535
65535
65535
65535
65535
65535
65535
65535
65535
65535
65535
65535
65535
65535
65535
65535
65535
65535
65535
65535
65535
65535
65535
65535
65535
65535
65535
65535
65535
65535
65535
65535
65535
65535
65535
65535
65535
65535
65535
65535
65535
65535
65535
65535
65535
65535
65535
65535
65535
65535
65535
65535
65535
65535
65535
65535
65535
65535
65535
65535
65535
65535
65535
65535
65535
65535
65535
65535
65535
65535
65535
65535
65535
65535
65535
65535
65535
65535
65535
65535
65535
65535
65535
65535
65535
65535
65535
65535
65535
65535
65535
65535
65535
65535
65535
65535
65535
65535
65535
65535
65535
65535
65535
65535
65535
65535
65535
65535
65535
65535
65535
65535
65535
65535
65535
65535
65535
65535
65535
65535
65535
65535
65535
65535
65535
65535
65535
65535
65535
65535
65535
65535
65535
65535
65535
65535
65535
65535
65535
65535
65535
65535
65535
65535
65535
65535
65535
65535
65535
65535
65535
65535
65535
65535
65535
65535
65535
65535
65535
65535
65535
65535
65535
65535
65535
65535
65535
65535
65535
65535
65535
65535
65535
65535
65535
65535
65535
65535
65535
65535
65535
65535
65535
65535
65535
65535
65535
65535
65535
65535
65535
65535
65535
65535
65535
65535
65535
65535
65535
65535
65535
65535
65535
65535
65535
65535
65535
65535
65535
65535
65535
65535
65535
65535
65535
65535
65535
65535
65535
65535
65535
65535
65535
65535
65535
65535
65535
65535
65535
65535
65535
65535
65535
65535
65535
65535
65535
65535
65535
65535
65535
65535
65535
65535
65535
65535
65535
65535
65535
65535
65535
65535
65535
65535
65535
65535
65535
65535
65535
65535
65535
65535
65535
65535
65535
65535
65535
65535
65535
65535
65535
65535
65535
65535
65535
65535
65535
65535
65535
65535
65535
65535
65535
65535
65535
65535
65535
65535
65535
65535
65535
65535
65535
65535
65535
65535
65535
65535
65535
65535
65535
65535
65535
65535
65535
65535
65535
65535
65535
65535
65535
65535
65535
65535
65535
65535
65535
65535
65535
65535
65535
65535
65535
65535
65535
65535
65535
65535
65535
65535
65535
65535
65535
65535
65535
65535
65535
65535
65535
65535
65535
65535
65535
65535
65535
65535
65535
65535
65535
65535
65535
65535
65535
65535
65535
65535
65535
65535
65535
65535
65535
65535
65535
65535
65535
65535
65535
65535
65535
65535
65535
65535
65535
65535
65535
65535
65535
65535
65535
65535
65535
65535
65535
65535
65535
65535
65535
65535
65535
65535
65535
65535
65535
65535
65535
65535
65535
65535
65535
65535
65535
65535
65535
65535
65535
65535
65535
65535
65535
65535
65535
65535
65535
65535
65535
65535
65535
65535
65535
65535
65535
65535
65535
65535
65535
65535
65535
65535
65535
65535
65535
65535
65535
65535
65535
65535
65535
65535
65535
65535
65535
65535
65535
65535
65535
65535
65535
65535
65535
65535
65535
65535
65535
65535
65535
65535
65535
65535
65535
65535
65535
65535
65535
65535
65535
65535
65535
65535
65535
65535
65535
65535
65535
65535
65535
65535
65535
65535
65535
65535
65535
65535
65535
65535
65535
65535
65535
65535
65535
65535
65535
65535
65535
65535
65535
65535
65535
65535
65535
65535
65535
65535
65535
65535
65535
65535
65535
65535
65535
65535
65535
65535
65535
65535
65535
65535
65535
65535
65535
65535
65535
65535
65535
65535
65535
65535
65535
65535
65535
65535
65535
65535
65535
65535
65535
65535
65535
65535
65535
65535
65535
65535
65535
65535
65535
65535
65535
65535
65535
65535
65535
65535
65535
65535
65535
65535
65535
65535
65535
65535
65535
65535
65535
65535
65535
65535
65535
65535
65535
65535
65535
65535
65535
65535
65535
65535
65535
65535
65535
65535
65535
65535
65535
65535
65535
65535
65535
65535
65535
65535
65535
65535
65535
65535
65535
65535
65535
65535
65535
65535
65535
65535
65535
65535
65535
65535
65535
65535
65535
65535
65535
65535
65535
65535
65535
65535
65535
65535
65535
65535
65535
65535
65535
65535
65535
65535
65535
65535
65535
65535
65535
65535
65535
65535
65535
65535
65535
65535
65535
65535
65535
65535
65535
65535
65535
65535
65535
65535
65535
65535
65535
65535
65535
65535
65535
65535
65535
65535
65535
65535
65535
65535
65535
65535
65535
65535
65535
65535
65535
65535
65535
65535
65535
65535
65535
65535
65535
65535
65535
65535
65535
65535
65535
65535
65535
65535
65535
65535
65535
65535
65535
65535
65535
65535
65535
65535
65535
65535
65535
65535
65535
65535
65535
65535
65535
65535
65535
65535
65535
65535
65535
65535
65535
65535
65535
65535
65535
65535
65535
65535
65535
65535
65535
65535
65535
65535
65535
65535
65535
65535
65535
65535
65535
65535
65535
65535
65535
65535
65535
65535
65535
65535
65535
65535
65535
65535
65535
65535
65535
65535
65535
65535
65535
65535
65535
65535
65535
65535
65535
65535
65535
65535
65535
65535
65535
65535
65535
65535
65535
65535
65535
65535
65535
65535
65535
65535
65535
65535
65535
65535
65535
65535
65535
65535
65535
65535
65535
65535
65535
65535
65535
65535
65535
65535
65535
65535
65535
65535
65535
65535
65535
65535
65535
65535
65535
65535
65535
65535
65535
65535
65535
65535
65535
65535
65535
65535
65535
65535
65535
65535
65535
65535
65535
65535
65535
65535
65535
65535
65535
65535
65535
65535
65535
65535
65535
65535
65535
65535
65535
65535
65535
65535
65535
65535
65535
65535
65535
65535
65535
65535
65535
65535
65535
65535
65535
65535
65535
65535
65535
65535
65535
65535
65535
65535
65535
65535
65535
65535
65535
65535
65535
65535
65535
65535
65535
65535
65535
65535
65535
65535
65535
65535
65535
65535
65535
65535
65535
65535
65535
65535
65535
65535
65535
65535
65535
65535
65535
65535
65535
65535
65535
65535
65535
65535
65535
65535
65535
65535
65535
65535
65535
65535
65535
65535
65535
65535
65535
65535
65535
65535
65535
65535
65535
65535
65535
65535
65535
65535
65535
65535
65535
65535
65535
65535
65535
65535
65535
65535
65535
65535
65535
65535
65535
65535
65535
65535
65535
65535
65535
65535
65535
65535
65535
65535
65535
65535
65535
65535
65535
65535
65535
65535
65535
65535
65535
65535
65535
65535
65535
65535
65535
65535
65535
65535
65535
65535
65535
65535
65535
65535
65535
65535
65535
65535
65535
65535
65535
65535
65535
65535
65535
65535
65535
65535
65535
65535
65535
65535
65535
65535
65535
65535
65535
65535
65535
65535
65535
65535
65535
65535
65535
65535
65535
65535
65535
65535
65535
65535
65535
65535
65535
65535
65535
65535
65535
65535
65535
65535
65535
65535
65535
65535
65535
65535
65535
65535
65535
65535
65535
65535
65535
65535
65535
65535
65535
65535
65535
65535
65535
65535
65535
65535
65535
65535
65535
65535
65535
65535
65535
65535
65535
65535
65535
65535
65535
65535
65535
65535
65535
65535
65535
65535
65535
65535
65535
65535
65535
65535
65535
65535
65535
65535
65535
65535
65535
65535
65535
65535
65535
65535
65535
65535
65535
65535
65535
65535
65535
65535
65535
65535
65535
65535
65535
65535
65535
65535
65535
65535
65535
65535
65535
65535
65535
65535
65535
65535
65535
65535
65535
65535
65535
65535
65535
65535
65535
65535
65535
65535
65535
65535
65535
65535
65535
65535
65535
65535
65535
65535
65535
65535
65535
65535
65535
65535
65535
65535
65535
65535
65535
65535
65535
65535
65535
65535
65535
65535
65535
65535
65535
65535
65535
65535
65535
65535
65535
65535
65535
65535
65535
65535
65535
65535
65535
65535
65535
65535
65535
65535
65535
65535
65535
65535
65535
65535
65535
65535
65535
65535
65535
65535
65535
65535
65535
65535
65535
65535
65535
65535
65535
65535
65535
65535
65535
65535
65535
65535
65535
65535
65535
65535
65535
65535
65535
65535
65535
65535
65535
65535
65535
65535
65535
65535
65535
65535
65535
65535
65535
65535
65535
65535
65535
65535
65535
65535
65535
65535
65535
65535
65535
65535
65535
65535
65535
65535
65535
65535
65535
65535
65535
65535
65535
65535
65535
65535
65535
65535
65535
65535
65535
65535
65535
65535
65535
65535
65535
65535
65535
65535
65535
65535
65535
65535
65535
65535
65535
65535
65535
65535
65535
65535
65535
65535
65535
65535
65535
65535
65535
65535
65535
65535
65535
65535
65535
65535
65535
65535
65535
65535
65535
65535
65535
65535
65535
65535
65535
65535
65535
65535
65535
65535
65535
65535
65535
65535
65535
65535
65535
65535
65535
65535
65535
65535
65535
65535
65535
65535
65535
65535
65535
65535
65535
65535
65535
65535
65535
65535
65535
65535
65535
65535
65535
65535
65535
65535
65535
65535
65535
65535
65535
65535
65535
65535
65535
65535
65535
65535
65535
65535
65535
65535
65535
65535
65535
65535
65535
65535
65535
65535
65535
65535
65535
65535
65535
65535
65535
65535
65535
65535
65535
65535
65535
65535
65535
65535
65535
65535
65535
65535
65535
65535
65535
65535
65535
65535
65535
65535
65535
65535
65535
65535
65535
65535
65535
65535
65535
65535
65535
65535
65535
65535
65535
65535
65535
65535
65535
65535
65535
65535
65535
65535
65535
65535
65535
65535
65535
65535
65535
65535
65535
65535
65535
65535
65535
65535
65535
65535
65535
65535
65535
65535
65535
65535
65535
65535
65535
65535
65535
65535
65535
65535
65535
65535
65535
65535
65535
65535
65535
65535
65535
65535
65535
65535
65535
65535
65535
65535
65535
65535
65535
65535
65535
65535
65535
65535
65535
65535
65535
65535
65535
65535
65535
65535
65535
65535
65535
65535
65535
65535
65535
65535
65535
65535
65535
65535
65535
65535
65535
65535
65535
65535
65535
65535
65535
65535
65535
65535
65535
65535
65535
65535
65535
65535
65535
65535
65535
65535
65535
65535
65535
65535
65535
65535
65535
65535
65535
65535
65535
65535
65535
65535
65535
65535
65535
65535
65535
65535
65535
65535
65535
65535
65535
65535
65535
65535
65535
65535
65535
65535
65535
65535
65535
65535
65535
65535
65535
65535
65535
65535
65535
65535
65535
65535
65535
65535
65535
65535
65535
65535
65535
65535
65535
65535
65535
65535
65535
65535
65535
65535
65535
65535
65535
65535
65535
65535
65535
65535
65535
65535
65535
65535
65535
65535
65535
65535
65535
65535
65535
65535
65535
65535
65535
65535
65535
65535
65535
65535
65535
65535
65535
65535
65535
65535
65535
65535
65535
65535
65535
65535
65535
65535
65535
65535
65535
65535
65535
65535
65535
65535
65535
65535
65535
65535
65535
65535
65535
65535
65535
65535
65535
65535
65535
65535
65535
65535
65535
65535
65535
65535
65535
65535
65535
65535
65535
65535
65535
65535
65535
65535
65535
65535
65535
65535
65535
65535
65535
65535
65535
65535
65535
65535
65535
65535
65535
65535
65535
65535
65535
65535
65535
65535
65535
65535
65535
65535
65535
65535
65535
65535
65535
65535
65535
65535
65535
65535
65535
65535
65535
65535
65535
65535
65535
65535
65535
65535
65535
65535
65535
65535
65535
65535
65535
65535
65535
65535
65535
65535
65535
65535
65535
65535
65535
65535
65535
65535
65535
65535
65535
65535
65535
65535
65535
65535
65535
65535
65535
65535
65535
65535
65535
65535
65535
65535
65535
65535
65535
65535
65535
65535
65535
65535
65535
65535
65535
65535
65535
65535
65535
65535
65535
65535
65535
65535
65535
65535
65535
65535
65535
65535
65535
65535
65535
65535
65535
65535
65535
65535
65535
65535
65535
65535
65535
65535
65535
65535
65535
65535
65535
65535
65535
65535
65535
65535
65535
65535
65535
65535
65535
65535
65535
65535
65535
65535
65535
65535
65535
65535
65535
65535
65535
65535
65535
65535
65535
65535
65535
65535
65535
65535
65535
65535
65535
65535
65535
65535
65535
65535
65535
65535
65535
65535
65535
65535
65535
65535
65535
65535
65535
65535
65535
65535
65535
65535
65535
65535
65535
65535
65535
65535
65535
65535
65535
65535
65535
65535
65535
65535
65535
65535
65535
65535
65535
65535
65535
65535
65535
65535
65535
65535
65535
65535
65535
65535
65535
65535
65535
65535
65535
65535
65535
65535
65535
65535
65535
65535
65535
65535
65535
65535
65535
65535
65535
65535
65535
65535
65535
65535
65535
65535
65535
65535
65535
65535
65535
65535
65535
65535
65535
65535
65535
65535
65535
65535
65535
65535
65535
65535
65535
65535
65535
65535
65535
65535
65535
65535
65535
65535
65535
65535
65535
65535
65535
65535
65535
65535
65535
65535
65535
65535
65535
65535
65535
65535
65535
65535
65535
65535
65535
65535
65535
65535
65535
65535
65535
65535
65535
65535
65535
65535
65535
65535
65535
65535
65535
65535
65535
65535
65535
65535
65535
65535
65535
65535
65535
65535
65535
65535
65535
65535
65535
65535
65535
65535
65535
65535
65535
65535
65535
65535
65535
65535
65535
65535
65535
65535
65535
65535
65535
65535
65535
65535
65535
65535
65535
65535
65535
65535
65535
65535
65535
65535
65535
65535
65535
65535
65535
65535
65535
65535
65535
65535
65535
65535
65535
65535
65535
65535
65535
65535
65535
65535
65535
65535
65535
65535
65535
65535
65535
65535
65535
65535
65535
65535
65535
65535
65535
65535
65535
65535
65535
65535
65535
65535
65535
65535
65535
65535
65535
65535
65535
65535
65535
65535
65535
65535
65535
65535
65535
65535
65535
65535
65535
65535
65535
65535
65535
65535
65535
65535
65535
65535
65535
65535
65535
65535
65535
65535
65535
65535
65535
65535
65535
65535
65535
65535
65535
65535
65535
65535
65535
65535
65535
65535
65535
65535
65535
65535
65535
65535
65535
65535
65535
65535
65535
65535
65535
65535
65535
65535
65535
65535
65535
65535
65535
65535
65535
65535
65535
65535
65535
65535
65535
65535
65535
65535
65535
65535
65535
65535
65535
65535
65535
65535
65535
65535
65535
65535
65535
65535
65535
65535
65535
65535
65535
65535
65535
65535
65535
65535
65535
65535
65535
65535
65535
65535
65535
65535
65535
65535
65535
65535
65535
65535
65535
65535
65535
65535
65535
65535
65535
65535
65535
65535
65535
65535
65535
65535
65535
65535
65535
65535
65535
65535
65535
65535
65535
65535
65535
65535
65535
65535
65535
65535
65535
65535
65535
65535
65535
65535
65535
65535
65535
65535
65535
65535
65535
65535
65535
65535
65535
65535
65535
65535
65535
65535
65535
65535
65535
65535
65535
65535
65535
65535
65535
65535
65535
65535
65535
65535
65535
65535
65535
65535
65535
65535
65535
65535
65535
65535
65535
65535
65535
65535
65535
65535
65535
65535
65535
65535
65535
65535
65535
65535
65535
65535
65535
65535
65535
65535
65535
65535
65535
65535
65535
65535
65535
65535
65535
65535
65535
65535
65535
65535
65535
65535
65535
65535
65535
65535
65535
65535
65535
65535
65535
65535
65535
65535
65535
65535
65535
65535
65535
65535
65535
65535
65535
65535
65535
65535
65535
65535
65535
65535
65535
65535
65535
65535
65535
65535
65535
65535
65535
65535
65535
65535
65535
65535
65535
65535
65535
65535
65535
65535
65535
65535
65535
65535
65535
65535
65535
65535
65535
65535
65535
65535
65535
65535
65535
65535
65535
65535
65535
65535
65535
65535
65535
65535
65535
65535
65535
65535
65535
65535
65535
65535
65535
65535
65535
65535
65535
65535
65535
65535
65535
65535
65535
65535
65535
65535
65535
65535
65535
65535
65535
65535
65535
65535
65535
65535
65535
65535
65535
65535
65535
65535
65535
65535
65535
65535
65535
65535
65535
65535
65535
65535
65535
65535
65535
65535
65535
65535
65535
65535
65535
65535
65535
65535
65535
65535
65535
65535
65535
65535
65535
65535
65535
65535
65535
65535
65535
65535
65535
65535
65535
65535
65535
65535
65535
65535
65535
65535
65535
65535
65535
65535
65535
65535
65535
65535
65535
65535
65535
65535
65535
65535
65535
65535
65535
65535
65535
65535
65535
65535
65535
65535
65535
65535
65535
65535
65535
65535
65535
65535
65535
65535
65535
65535
65535
65535
65535
65535
65535
65535
65535
65535
65535
65535
65535
65535
65535
65535
65535
65535
65535
65535
65535
65535
65535
65535
65535
65535
65535
65535
65535
65535
65535
65535
65535
65535
65535
65535
65535
65535
65535
65535
65535
65535
65535
65535
65535
65535
65535
65535
65535
65535
65535
65535
65535
65535
65535
65535
65535
65535
65535
65535
65535
65535
65535
65535
65535
65535
65535
65535
65535
65535
65535
65535
65535
65535
65535
65535
65535
65535
65535
65535
65535
65535
65535
65535
65535
65535
65535
65535
65535
65535
65535
65535
65535
65535
65535
65535
65535
65535
65535
65535
65535
65535
65535
65535
65535
65535
65535
65535
65535
65535
65535
65535
65535
65535
65535
65535
65535
65535
65535
65535
65535
65535
65535
65535
65535
65535
65535
65535
65535
65535
65535
65535
65535
65535
65535
65535
65535
65535
65535
65535
65535
65535
65535
65535
65535
65535
65535
65535
65535
65535
65535
65535
65535
65535
65535
65535
65535
65535
65535
65535
65535
65535
65535
65535
65535
65535
65535
65535
65535
65535
65535
65535
65535
65535
65535
65535
65535
65535
65535
65535
65535
65535
65535
65535
65535
65535
65535
65535
65535
65535
65535
65535
65535
65535
65535
65535
65535
65535
65535
65535
65535
65535
65535
65535
65535
65535
65535
65535
65535
65535
65535
65535
65535
65535
65535
65535
65535
65535
65535
65535
65535
65535
65535
65535
65535
65535
65535
65535
65535
65535
65535
65535
65535
65535
65535
65535
65535
65535
65535
65535
65535
65535
65535
65535
65535
65535
65535
65535
65535
65535
65535
65535
65535
65535
65535
65535
65535
65535
65535
65535
65535
65535
65535
65535
65535
65535
65535
65535
65535
65535
65535
65535
65535
65535
65535
65535
65535
65535
65535
65535
65535
65535
65535
65535
65535
65535
65535
65535
65535
65535
65535
65535
65535
65535
65535
65535
65535
65535
65535
65535
65535
65535
65535
65535
65535
65535
65535
65535
65535
65535
65535
65535
65535
65535
65535
65535
65535
65535
65535
65535
65535
65535
65535
65535
65535
65535
65535
65535
65535
65535
65535
65535
65535
65535
65535
65535
65535
65535
65535
65535
65535
65535
65535
65535
65535
65535
65535
65535
65535
65535
65535
65535
65535
65535
65535
65535
65535
65535
65535
65535
65535
65535
65535
65535
65535
65535
65535
65535
65535
65535
65535
65535
65535
65535
65535
65535
65535
65535
65535
65535
65535
65535
65535
65535
65535
65535
65535
65535
65535
65535
65535
65535
65535
65535
65535
65535
65535
65535
65535
65535
65535
65535
65535
65535
65535
65535
65535
65535
65535
65535
65535
65535
65535
65535
65535
65535
65535
65535
65535
65535
65535
65535
65535
65535
65535
65535
65535
65535
65535
65535
65535
65535
65535
65535
65535
65535
65535
65535
65535
65535
65535
65535
65535
65535
65535
65535
65535
65535
65535
65535
65535
65535
65535
65535
65535
65535
65535
65535
65535
65535
65535
65535
65535
65535
65535
65535
65535
65535
65535
65535
65535
65535
65535
65535
65535
65535
65535
65535
65535
65535
65535
65535
65535
65535
65535
65535
65535
65535
65535
65535
65535
65535
65535
65535
65535
65535
65535
65535
65535
65535
65535
65535
65535
65535
65535
65535
65535
65535
65535
65535
65535
65535
65535
65535
65535
65535
65535
65535
65535
65535
65535
65535
65535
65535
65535
65535
65535
65535
65535
65535
65535
65535
65535
65535
65535
65535
65535
65535
65535
65535
65535
65535
65535
65535
65535
65535
65535
65535
65535
65535
65535
65535
65535
65535
65535
65535
65535
65535
65535
65535
65535
65535
65535
65535
65535
65535
65535
65535
65535
65535
65535
65535
65535
65535
65535
65535
65535
65535
65535
65535
65535
65535
65535
65535
65535
65535
65535
65535
65535
65535
65535
65535
65535
65535
65535
65535
65535
65535
65535
65535
65535
65535
65535
65535
65535
65535
65535
65535
65535
65535
65535
65535
65535
65535
65535
65535
65535
65535
65535
65535
65535
65535
65535
65535
65535
65535
65535
65535
65535
65535
65535
65535
65535
65535
65535
65535
65535
65535
65535
65535
65535
65535
65535
65535
65535
65535
65535
65535
65535
65535
65535
65535
65535
65535
65535
65535
65535
65535
65535
65535
65535
65535
65535
65535
65535
65535
65535
65535
65535
65535
65535
65535
65535
65535
65535
65535
65535
65535
65535
65535
65535
65535
65535
65535
65535
65535
65535
65535
65535
65535
65535
65535
65535
65535
65535
65535
65535
65535
65535
65535
65535
65535
65535
65535
65535
65535
65535
65535
65535
65535
65535
65535
65535
65535
65535
65535
65535
65535
65535
65535
65535
65535
65535
65535
65535
65535
65535
65535
65535
65535
65535
65535
65535
65535
65535
65535
65535
65535
65535
65535
65535
65535
65535
65535
65535
65535
65535
65535
65535
65535
65535
65535
65535
65535
65535
65535
65535
65535
65535
65535
65535
65535
65535
65535
65535
65535
65535
65535
65535
65535
65535
65535
65535
65535
65535
65535
65535
65535
65535
65535
65535
65535
65535
65535
65535
65535
65535
65535
65535
65535
65535
65535
65535
65535
65535
65535
65535
65535
65535
65535
65535
65535
65535
65535
65535
65535
65535
65535
65535
65535
65535
65535
65535
65535
65535
65535
65535
65535
65535
65535
65535
65535
65535
65535
65535
65535
65535
65535
65535
65535
65535
65535
65535
65535
65535
65535
65535
65535
65535
65535
65535
65535
65535
65535
65535
65535
65535
65535
65535
65535
65535
65535
65535
65535
65535
65535
65535
65535
65535
65535
65535
65535
65535
65535
65535
65535
65535
65535
65535
65535
65535
65535
65535
65535
65535
65535
65535
65535
65535
65535
65535
65535
65535
65535
65535
65535
65535
65535
65535
65535
65535
65535
65535
65535
65535
65535
65535
65535
65535
65535
65535
65535
65535
65535
65535
65535
65535
65535
65535
65535
65535
65535
65535
65535
65535
65535
65535
65535
65535
65535
65535
65535
65535
65535
65535
65535
65535
65535
65535
65535
65535
65535
65535
65535
65535
65535
65535
65535
65535
65535
65535
65535
65535
65535
65535
65535
65535
65535
65535
65535
65535
65535
65535
65535
65535
65535
65535
65535
65535
65535
65535
65535
65535
65535
65535
65535
65535
65535
65535
65535
65535
65535
65535
65535
65535
65535
65535
65535
65535
65535
65535
65535
65535
65535
65535
65535
65535
65535
65535
65535
65535
65535
65535
65535
65535
65535
65535
65535
65535
65535
65535
65535
65535
65535
65535
65535
65535
65535
65535
65535
65535
65535
65535
65535
65535
65535
65535
65535
65535
65535
65535
65535
65535
65535
65535
65535
65535
65535
65535
65535
65535
65535
65535
65535
65535
65535
65535
65535
65535
65535
65535
65535
65535
65535
65535
65535
65535
65535
65535
65535
65535
65535
65535
65535
65535
65535
65535
65535
65535
65535
65535
65535
65535
65535
65535
65535
65535
65535
65535
65535
65535
65535
65535
65535
65535
65535
65535
65535
65535
65535
65535
65535
65535
65535
65535
65535
65535
65535
65535
65535
65535
65535
65535
65535
65535
65535
65535
65535
65535
65535
65535
65535
65535
65535
65535
65535
65535
65535
65535
65535
65535
65535
65535
65535
65535
65535
65535
65535
65535
65535
65535
65535
65535
65535
65535
65535
65535
65535
65535
65535
65535
65535
65535
65535
65535
65535
65535
65535
65535
65535
65535
65535
65535
65535
65535
65535
65535
65535
65535
65535
65535
65535
65535
65535
65535
65535
65535
65535
65535
65535
65535
65535
65535
65535
65535
65535
65535
65535
65535
65535
65535
65535
65535
65535
65535
65535
65535
65535
65535
65535
65535
65535
65535
65535
65535
65535
65535
65535
65535
65535
65535
65535
65535
65535
65535
65535
65535
65535
65535
65535
65535
65535
65535
65535
65535
65535
65535
65535
65535
65535
65535
65535
65535
65535
65535
65535
65535
65535
65535
65535
65535
65535
65535
65535
65535
65535
65535
65535
65535
65535
65535
65535
65535
65535
65535
65535
65535
65535
65535
65535
65535
65535
65535
65535
65535
65535
65535
65535
65535
65535
65535
65535
65535
65535
65535
65535
65535
65535
65535
65535
65535
65535
65535
65535
65535
65535
65535
65535
65535
65535
65535
65535
65535
65535
65535
65535
65535
65535
65535
65535
65535
65535
65535
65535
65535
65535
65535
65535
65535
65535
65535
65535
65535
65535
65535
65535
65535
65535
65535
65535
65535
65535
65535
65535
65535
65535
65535
65535
65535
65535
65535
65535
65535
65535
65535
65535
65535
65535
65535
65535
65535
65535
65535
65535
65535
65535
65535
65535
65535
65535
65535
65535
65535
65535
65535
65535
65535
65535
65535
65535
65535
65535
65535
65535
65535
65535
65535
65535
65535
65535
65535
65535
65535
65535
65535
65535
65535
65535
65535
65535
65535
65535
65535
65535
65535
65535
65535
65535
65535
65535
65535
65535
65535
65535
65535
65535
65535
65535
65535
65535
65535
65535
65535
65535
65535
65535
65535
65535
65535
65535
65535
65535
65535
65535
65535
65535
65535
65535
65535
65535
65535
65535
65535
65535
65535
65535
65535
65535
65535
65535
65535
65535
65535
65535
65535
65535
65535
65535
65535
65535
65535
65535
65535
65535
65535
65535
65535
65535
65535
65535
65535
65535
65535
65535
65535
65535
65535
65535
65535
65535
65535
65535
65535
65535
65535
65535
65535
65535
65535
65535
65535
65535
65535
65535
65535
65535
65535
65535
65535
65535
65535
65535
65535
65535
65535
65535
65535
65535
65535
65535
65535
65535
65535
65535
65535
65535
65535
65535
65535
65535
65535
65535
65535
65535
65535
65535
65535
65535
65535
65535
65535
65535
65535
65535
65535
65535
65535
65535
65535
65535
65535
65535
65535
65535
65535
65535
65535
65535
65535
65535
65535
65535
65535
65535
65535
65535
65535
65535
65535
65535
65535
65535
65535
65535
65535
65535
65535
65535
65535
65535
65535
65535
65535
65535
65535
65535
65535
65535
65535
65535
65535
65535
65535
65535
65535
65535
65535
65535
65535
65535
65535
65535
65535
65535
65535
65535
65535
65535
65535
65535
65535
65535
65535
65535
65535
65535
65535
65535
65535
65535
65535
65535
65535
65535
65535
65535
65535
65535
65535
65535
65535
65535
65535
65535
65535
65535
65535
65535
65535
65535
65535
65535
65535
65535
65535
65535
65535
65535
65535
65535
65535
65535
65535
65535
65535
65535
65535
65535
65535
65535
65535
65535
65535
65535
65535
65535
65535
65535
65535
65535
65535
65535
65535
65535
65535
65535
65535
65535
65535
65535
65535
65535
65535
65535
65535
65535
65535
65535
65535
65535
65535
65535
65535
65535
65535
65535
65535
65535
65535
65535
65535
65535
65535
65535
65535
65535
65535
65535
65535
65535
65535
65535
65535
65535
65535
65535
65535
65535
65535
65535
65535
65535
65535
65535
65535
65535
65535
65535
65535
65535
65535
65535
65535
65535
65535
65535
65535
65535
65535
65535
65535
65535
65535
65535
65535
65535
65535
65535
65535
65535
65535
65535
65535
65535
65535
65535
65535
65535
65535
65535
65535
65535
65535
65535
65535
65535
65535
65535
65535
65535
65535
65535
65535
65535
65535
65535
65535
65535
65535
65535
65535
65535
65535
65535
65535
65535
65535
65535
65535
65535
65535
65535
65535
65535
65535
65535
65535
65535
65535
65535
65535
65535
65535
65535
65535
65535
65535
65535
65535
65535
65535
65535
65535
65535
65535
65535
65535
65535
65535
65535
65535
65535
65535
65535
65535
65535