0
0
1
1
1
2
3
3
4
5
5
6
7
7
8
8
9
10
11
11
12
13
14
15
16
17
17
18
19
20
21
22
23
24
25
27
28
28
30
31
33
34
35
37
38
40
41
43
45
46
48
49
51
52
54
55
58
59
61
63
64
66
68
70
73
74
76
78
80
82
84
86
88
90
92
94
96
98
100
102
104
106
108
109
111
113
115
117
120
122
123
125
127
129
131
134
136
138
140
143
145
147
150
152
155
156
159
161
164
166
169
171
173
175
178
180
182
184
187
189
192
194
196
199
201
203
205
207
210
212
215
217
220
222
225
227
230
232
235
237
240
242
245
247
250
252
255
257
259
262
264
266
268
270
273
275
277
279
281
283
286
288
290
293
295
298
300
303
305
306
308
310
312
315
317
319
321
323
326
328
330
332
335
337
339
341
344
347
349
352
355
357
359
362
364
366
368
371
373
375
377
379
381
383
385
387
389
391
393
395
398
400
402
404
406
408
411
413
415
417
420
422
424
427
428
430
433
435
437
439
441
442
444
447
449
452
454
456
458
461
463
465
468
469
472
474
476
478
481
484
486
487
490
492
494
496
498
500
502
504
507
509
511
513
515
517
519
521
523
525
527
528
530
532
534
536
538
540
541
543
545
547
549
551
553
555
556
558
561
563
565
567
569
571
572
574
576
578
580
583
584
586
588
589
591
593
594
597
598
600
601
603
606
607
609
611
613
615
616
617
619
621
623
624
626
628
630
633
635
636
638
640
641
643
645
648
650
651
653
655
657
658
661
663
664
666
668
670
671
672
674
676
678
679
681
683
685
686
688
689
691
692
694
695
698
699
701
703
705
707
709
710
712
714
715
717
719
721
723
724
726
727
729
731
732
734
735
737
738
740
742
744
746
747
748
751
752
754
756
758
759
761
763
764
766
768
770
771
774
775
777
779
780
782
784
786
788
790
792
794
795
797
799
801
803
804
806
807
809
811
813
815
816
818
820
822
824
825
827
828
830
832
833
835
837
839
840
842
844
845
847
848
850
852
854
855
857
859
861
862
865
867
869
870
872
874
875
877
879
881
882
885
886
888
890
891
893
894
896
898
900
902
904
906
907
909
910
912
914
915
917
919
921
923
924
926
928
930
932
933
935
937
938
940
942
944
945
947
949
952
954
955
958
959
961
963
965
966
968
969
971
973
975
977
979
980
982
984
985
986
988
990
992
994
996
998
1000
1001
1003
1004
1006
1008
1010
1012
1014
1016
1019
1021
1022
1024
1026
1028
1030
1032
1034
1036
1038
1039
1041
1042
1044
1046
1048
1050
1052
1054
1056
1058
1060
1062
1063
1065
1067
1069
1071
1072
1074
1075
1077
1079
1081
1083
1085
1087
1089
1091
1092
1094
1096
1099
1101
1102
1104
1106
1108
1110
1111
1113
1115
1117
1119
1121
1123
1125
1126
1128
1130
1132
1134
1135
1137
1139
1141
1143
1145
1147
1149
1151
1153
1155
1157
1159
1161
1163
1165
1167
1169
1171
1173
1175
1178
1180
1182
1184
1186
1188
1190
1192
1194
1196
1198
1200
1202
1204
1207
1209
1211
1213
1216
1218
1220
1222
1224
1225
1228
1229
1231
1233
1235
1237
1239
1241
1243
1245
1247
1249
1251
1253
1256
1257
1260
1262
1264
1266
1269
1271
1274
1276
1278
1280
1282
1284
1286
1288
1291
1293
1295
1297
1299
1301
1302
1304
1307
1309
1312
1314
1316
1318
1320
1322
1324
1326
1329
1331
1333
1334
1337
1340
1342
1344
1346
1348
1350
1353
1355
1357
1360
1361
1364
1367
1369
1371
1373
1375
1377
1379
1382
1384
1386
1388
1391
1393
1395
1397
1400
1402
1405
1406
1409
1411
1414
1416
1419
1421
1424
1427
1429
1430
1433
1436
1438
1440
1443
1445
1447
1450
1452
1455
1457
1460
1463
1465
1467
1469
1472
1474
1476
1478
1480
1483
1485
1487
1490
1492
1494
1496
1499
1501
1504
1506
1508
1511
1513
1516
1518
1520
1523
1525
1528
1531
1533
1535
1537
1540
1542
1545
1548
1550
1552
1555
1558
1561
1564
1566
1569
1572
1575
1577
1580
1583
1585
1588
1590
1592
1595
1597
1600
1602
1605
1608
1611
1613
1616
1618
1620
1623
1625
1629
1631
1633
1635
1638
1640
1643
1646
1648
1651
1653
1655
1658
1661
1663
1666
1669
1672
1674
1677
1680
1683
1685
1687
1690
1693
1696
1698
1701
1704
1706
1709
1712
1716
1718
1721
1724
1726
1729
1732
1736
1738
1741
1744
1746
1749
1753
1755
1759
1761
1764
1767
1769
1772
1775
1777
1781
1784
1786
1789
1792
1796
1798
1801
1804
1807
1810
1813
1816
1818
1821
1823
1827
1830
1832
1835
1838
1841
1845
1848
1850
1854
1858
1860
1863
1866
1870
1872
1875
1878
1881
1885
1888
1891
1894
1898
1901
1904
1907
1910
1912
1915
1918
1921
1924
1927
1931
1934
1937
1940
1944
1947
1951
1954
1958
1961
1964
1967
1970
1974
1977
1980
1982
1986
1989
1993
1996
1999
2002
2005
2008
2012
2015
2018
2022
2025
2029
2032
2036
2039
2043
2046
2050
2053
2056
2059
2062
2065
2068
2072
2075
2078
2081
2084
2087
2091
2095
2098
2103
2106
2110
2113
2116
2119
2122
2125
2129
2132
2135
2139
2142
2146
2149
2153
2155
2158
2161
2164
2168
2171
2175
2178
2181
2185
2189
2193
2197
2200
2203
2207
2212
2215
2220
2224
2227
2231
2234
2238
2241
2245
2248
2252
2255
2259
2263
2266
2269
2273
2277
2281
2285
2288
2291
2295
2298
2302
2306
2310
2314
2317
2321
2324
2328
2332
2336
2340
2343
2347
2350
2353
2357
2361
2364
2369
2373
2376
2380
2384
2387
2390
2393
2397
2401
2404
2407
2411
2415
2419
2422
2426
2429
2433
2437
2441
2446
2449
2453
2456
2461
2466
2469
2472
2476
2480
2484
2488
2492
2495
2499
2502
2507
2510
2514
2518
2522
2526
2530
2533
2538
2542
2546
2550
2554
2558
2562
2565
2569
2573
2577
2581
2584
2589
2592
2596
2600
2605
2610
2614
2618
2622
2627
2631
2636
2640
2644
2648
2651
2655
2660
2665
2669
2673
2677
2681
2685
2688
2693
2696
2701
2705
2709
2714
2717
2720
2725
2729
2734
2738
2743
2747
2751
2756
2760
2765
2769
2775
2779
2783
2787
2791
2795
2800
2804
2808
2812
2815
2819
2823
2828
2832
2837
2841
2845
2849
2854
2857
2861
2865
2870
2874
2878
2883
2887
2891
2895
2900
2904
2909
2913
2917
2921
2925
2930
2934
2939
2943
2948
2952
2956
2960
2966
2970
2975
2979
2984
2988
2992
2996
3000
3004
3008
3012
3017
3021
3026
3030
3034
3038
3042
3048
3052
3057
3061
3065
3070
3074
3078
3082
3087
3092
3097
3101
3106
3111
3116
3120
3124
3129
3134
3138
3143
3148
3151
3156
3160
3165
3169
3175
3179
3183
3188
3194
3199
3204
3209
3212
3217
3221
3226
3230
3234
3239
3243
3247
3252
3256
3261
3265
3269
3274
3278
3283
3287
3292
3297
3302
3307
3312
3317
3321
3327
3332
3336
3342
3347
3352
3356
3361
3365
3370
3375
3379
3385
3390
3395
3398
3404
3408
3413
3419
3424
3429
3433
3438
3443
3448
3452
3456
3461
3466
3471
3475
3479
3484
3488
3493
3498
3502
3506
3511
3516
3521
3526
3531
3536
3540
3545
3550
3555
3560
3564
3569
3573
3578
3582
3588
3593
3597
3601
3605
3611
3616
3622
3626
3632
3637
3642
3648
3653
3657
3661
3665
3670
3675
3679
3685
3690
3695
3700
3705
3709
3713
3718
3722
3727
3731
3736
3741
3746
3751
3756
3760
3765
3770
3775
3780
3786
3791
3796
3801
3807
3811
3817
3821
3826
3832
3837
3842
3848
3852
3857
3862
3868
3873
3878
3882
3887
3892
3897
3902
3907
3912
3916
3921
3926
3932
3938
3942
3948
3953
3959
3963
3968
3974
3979
3985
3990
3996
4001
4007
4012
4018
4023
4029
4033
4038
4043
4047
4052
4056
4062
4067
4073
4079
4084
4089
4093
4098
4104
4109
4114
4119
4124
4129
4133
4139
4144
4150
4156
4160
4165
4170
4175
4181
4185
4190
4196
4201
4206
4210
4215
4220
4226
4231
4236
4242
4247
4252
4257
4262
4267
4272
4277
4282
4287
4292
4297
4302
4307
4311
4317
4323
4328
4334
4340
4346
4352
4358
4363
4369
4374
4380
4386
4391
4397
4403
4408
4414
4419
4424
4429
4435
4441
4446
4451
4457
4462
4467
4472
4478
4484
4490
4494
4500
4505
4509
4516
4522
4527
4532
4538
4543
4548
4553
4558
4563
4569
4574
4580
4585
4591
4596
4601
4606
4612
4617
4623
4629
4634
4640
4646
4651
4657
4662
4667
4671
4676
4680
4686
4693
4699
4706
4710
4715
4720
4725
4730
4737
4742
4747
4753
4758
4763
4769
4773
4779
4785
4790
4795
4800
4805
4810
4816
4822
4827
4833
4839
4845
4849
4854
4859
4865
4871
4877
4883
4888
4894
4900
4905
4911
4915
4920
4926
4933
4939
4945
4949
4955
4959
4964
4969
4975
4981
4986
4991
4996
5002
5007
5013
5018
5024
5028
5033
5038
5044
5049
5054
5059
5065
5071
5076
5083
5088
5093
5099
5103
5108
5114
5120
5124
5130
5135
5140
5146
5152
5157
5163
5169
5175
5182
5187
5191
5197
5202
5208
5212
5217
5222
5227
5233
5239
5245
5250
5256
5263
5269
5274
5279
5285
5290
5295
5301
5306
5312
5317
5322
5329
5335
5340
5346
5351
5357
5362
5367
5372
5378
5383
5389
5394
5398
5404
5409
5414
5420
5425
5430
5435
5441
5446
5452
5457
5463
5468
5475
5479
5485
5491
5497
5503
5507
5513
5519
5525
5529
5535
5540
5545
5550
5555
5560
5566
5571
5577
5582
5587
5593
5599
5604
5609
5615
5620
5625
5632
5636
5643
5648
5652
5657
5662
5667
5673
5678
5683
5688
5694
5698
5704
5710
5716
5720
5726
5731
5737
5742
5748
5754
5759
5765
5770
5775
5780
5786
5792
5797
5803
5808
5814
5819
5824
5829
5834
5839
5845
5850
5855
5861
5866
5871
5876
5882
5886
5891
5897
5901
5907
5912
5918
5923
5929
5934
5939
5944
5950
5955
5960
5965
5971
5975
5980
5987
5992
5997
6003
6008
6014
6019
6025
6031
6036
6041
6045
6050
6055
6059
6064
6069
6075
6080
6085
6091
6096
6100
6105
6111
6117
6122
6126
6131
6136
6141
6146
6150
6155
6159
6164
6169
6173
6179
6184
6188
6193
6198
6203
6207
6212
6216
6222
6227
6232
6237
6242
6246
6251
6255
6260
6265
6270
6274
6279
6284
6287
6291
6295
6300
6305
6309
6314
6319
6324
6328
6334
6338
6343
6348
6352
6357
6362
6367
6371
6375
6380
6384
6388
6392
6396
6400
6405
6410
6414
6418
6423
6427
6432
6437
6441
6446
6451
6455
6459
6464
6468
6473
6477
6481
6484
6489
6493
6497
6501
6505
6509
6513
6517
6521
6525
6529
6534
6538
6542
6546
6550
6554
6557
6561
6565
6570
6575
6579
6584
6589
6593
6597
6602
6606
6610
6613
6617
6622
6626
6631
6635
6639
6642
6647
6651
6655
6659
6663
6666
6669
6673
6677
6681
6685
6689
6694
6698
6703
6707
6711
6716
6719
6723
6727
6731
6735
6739
6743
6747
6750
6755
6759
6763
6767
6771
6774
6779
6783
6786
6791
6795
6799
6803
6807
6811
6815
6819
6823
6827
6832
6835
6840
6844
6848
6852
6857
6860
6864
6868
6871
6875
6879
6884
6888
6891
6896
6900
6904
6908
6913
6917
6921
6924
6928
6933
6937
6941
6944
6949
6953
6957
6961
6964
6969
6973
6977
6981
6985
6989
6994
6998
7001
7005
7010
7014
7018
7023
7027
7031
7035
7038
7042
7047
7052
7057
7061
7066
7070
7075
7079
7083
7087
7092
7096
7100
7104
7108
7113
7116
7121
7125
7128
7133
7137
7142
7147
7151
7156
7160
7165
7170
7174
7179
7183
7187
7191
7196
7201
7205
7210
7214
7219
7224
7228
7232
7237
7242
7246
7251
7256
7260
7264
7268
7272
7277
7281
7286
7290
7295
7300
7304
7309
7313
7318
7322
7327
7331
7336
7340
7346
7351
7356
7360
7365
7370
7375
7380
7384
7389
7394
7400
7405
7409
7414
7418
7423
7427
7434
7439
7444
7449
7453
7458
7462
7467
7472
7476
7482
7486
7491
7495
7500
7505
7510
7515
7521
7526
7531
7535
7540
7545
7551
7556
7561
7566
7570
7576
7580
7585
7590
7595
7600
7606
7612
7617
7622
7627
7633
7637
7644
7650
7654
7659
7665
7671
7676
7682
7688
7694
7700
7706
7711
7716
7722
7727
7732
7737
7742
7748
7753
7759
7763
7769
7774
7779
7784
7790
7796
7801
7807
7812
7818
7823
7828
7834
7840
7846
7852
7857
7863
7868
7874
7880
7886
7892
7898
7902
7908
7913
7919
7925
7933
7938
7944
7949
7956
7961
7966
7972
7978
7984
7990
7995
7999
8006
8012
8017
8023
8029
8035
8040
8046
8052
8058
8064
8071
8077
8083
8088
8093
8099
8106
8112
8118
8124
8130
8136
8141
8148
8154
8160
8167
8173
8179
8185
8191
8197
8203
8209
8216
8223
8230
8236
8242
8248
8254
8260
8267
8273
8278
8285
8291
8296
8302
8309
8314
8321
8326
8333
8340
8346
8353
8360
8366
8373
8379
8385
8391
8398
8405
8413
8420
8427
8433
8439
8446
8452
8459
8465
8472
8478
8485
8491
8498
8505
8513
8520
8527
8535
8542
8549
8557
8564
8570
8578
8586
8593
8599
8607
8614
8622
8629
8636
8643
8650
8658
8666
8672
8679
8686
8694
8701
8709
8717
8723
8729
8736
8743
8750
8759
8767
8774
8781
8788
8795
8801
8807
8814
8821
8827
8835
8842
8848
8856
8863
8870
8878
8885
8892
8900
8908
8915
8923
8932
8939
8947
8955
8962
8970
8978
8985
8993
9000
9008
9016
9023
9031
9039
9048
9055
9063
9072
9079
9087
9094
9102
9110
9119
9127
9136
9144
9152
9161
9169
9177
9185
9194
9202
9210
9218
9226
9236
9244
9252
9260
9268
9277
9285
9293
9302
9311
9319
9328
9337
9344
9352
9360
9368
9377
9385
9394
9404
9414
9422
9431
9439
9447
9456
9464
9473
9482
9490
9500
9510
9518
9526
9535
9544
9553
9562
9570
9579
9588
9597
9607
9615
9625
9633
9643
9651
9660
9670
9680
9688
9697
9706
9716
9724
9734
9742
9750
9760
9769
9779
9788
9798
9808
9818
9827
9836
9845
9855
9865
9875
9884
9894
9903
9912
9921
9930
9939
9949
9959
9970
9981
9991
10001
10013
10023
10033
10043
10053
10061
10071
10080
10090
10100
10110
10119
10130
10138
10148
10158
10168
10179
10188
10198
10208
10217
10226
10236
10247
10257
10268
10278
10287
10297
10306
10316
10325
10334
10345
10356
10367
10377
10388
10400
10410
10420
10432
10441
10451
10462
10473
10483
10493
10503
10514
10525
10536
10547
10558
10568
10578
10590
10601
10612
10622
10632
10644
10655
10665
10676
10687
10697
10710
10721
10733
10744
10756
10768
10781
10793
10806
10818
10831
10843
10856
10867
10879
10893
10905
10916
10928
10941
10954
10966
10977
10989
11002
11013
11026
11039
11050
11064
11076
11090
11103
11116
11127
11139
11151
11162
11174
11187
11199
11212
11224
11236
11250
11263
11276
11288
11301
11313
11325
11338
11351
11366
11378
11392
11405
11418
11432
11444
11458
11471
11483
11497
11510
11524
11538
11551
11565
11577
11590
11603
11618
11631
11646
11659
11674
11687
11701
11714
11727
11738
11754
11769
11782
11797
11811
11824
11838
11853
11868
11881
11895
11908
11924
11937
11952
11965
11980
11994
12008
12023
12038
12052
12067
12082
12098
12112
12127
12143
12159
12173
12187
12202
12218
12234
12250
12265
12280
12295
12311
12326
12342
12358
12375
12391
12407
12423
12437
12453
12470
12486
12501
12516
12533
12548
12563
12580
12596
12612
12628
12644
12661
12677
12694
12711
12726
12742
12757
12774
12790
12810
12826
12843
12860
12877
12893
12910
12927
12944
12961
12978
12996
13013
13029
13047
13064
13083
13101
13118
13134
13153
13171
13189
13205
13223
13241
13259
13277
13297
13314
13332
13351
13369
13386
13406
13427
13444
13465
13483
13502
13522
13544
13561
13579
13598
13617
13637
13656
13673
13693
13713
13733
13753
13771
13791
13812
13832
13852
13871
13891
13912
13932
13952
13972
13992
14014
14034
14054
14073
14093
14114
14135
14154
14176
14197
14218
14237
14260
14280
14302
14323
14346
14368
14390
14414
14436
14458
14480
14502
14525
14548
14569
14590
14616
14638
14659
14682
14705
14728
14752
14774
14798
14822
14845
14867
14892
14916
14940
14964
14988
15011
15035
15058
15081
15105
15128
15152
15176
15202
15225
15249
15274
15300
15324
15350
15374
15398
15425
15450
15476
15501
15526
15550
15577
15604
15631
15657
15684
15710
15735
15764
15790
15816
15842
15868
15895
15920
15949
15974
16004
16030
16056
16083
16113
16141
16169
16196
16224
16252
16281
16311
16337
16365
16395
16421
16450
16478
16508
16538
16567
16597
16626
16657
16689
16718
16751
16781
16811
16841
16869
16904
16935
16966
16997
17027
17059
17090
17123
17155
17187
17219
17252
17283
17316
17346
17379
17413
17445
17479
17511
17545
17582
17615
17648
17681
17717
17751
17787
17821
17858
17892
17927
17962
17999
18034
18072
18107
18147
18184
18222
18259
18297
18334
18373
18412
18449
18487
18525
18564
18602
18640
18680
18721
18760
18801
18841
18880
18921
18963
19000
19040
19078
19122
19163
19206
19248
19291
19334
19375
19418
19463
19507
19550
19594
19637
19681
19724
19769
19817
19863
19906
19953
19997
20043
20091
20141
20190
20239
20286
20335
20383
20429
20478
20528
20577
20630
20679
20730
20781
20831
20883
20934
20985
21035
21087
21141
21192
21245
21297
21349
21403
21459
21513
21567
21619
21673
21729
21786
21845
21903
21960
22019
22079
22139
22200
22259
22320
22384
22443
22506
22568
22632
22692
22754
22815
22879
22944
23009
23072
23142
23206
23276
23340
23409
23479
23547
23616
23689
23759
23826
23895
23970
24041
24115
24190
24264
24342
24418
24496
24573
24648
24728
24807
24887
24968
25048
25131
25213
25295
25379
25463
25548
25634
25723
25809
25899
25990
26079
26169
26262
26355
26444
26536
26630
26724
26820
26916
27015
27115
27214
27314
27413
27515
27622
27726
27833
27939
28048
28157
28263
28373
28485
28599
28712
28827
28943
29065
29182
29308
29434
29559
29684
29815
29940
30071
30206
30343
30481
30619
30760
30896
31040
31185
31333
31480
31630
31782
31933
32094
32256
32419
32581
32746
32917
33090
33262
33435
33610
33790
33976
34165
34357
34550
34744
34950
35154
35359
35568
35778
35997
36220
36442
36675
36909
37154
37402
37645
37895
38156
38419
38695
38968
39252
39537
39833
40135
40445
40753
41076
41411
41744
42090
42443
42804
43174
43557
43944
44344
44746
45171
45612
46058
46521
47008
47503
48019
48543
49086
49661
50235
50827
51442
52079
52732
53410
54131
54868
55640
56450
57290
58172
59095
60054
61046
62064
63047
63938
64651
65121
65380
65492
65531
65535
65535
65535
65535
65535
65535
65535
65535
65535
65535
65535
65535
65535
65535
65535
65535
65535
65535
65535
65535
65535
65535
65535
65535
65535
65535
65535
65535
65535
65535
65535
65535
65535
65535
65535
65535
65535
65535
65535
65535
65535
65535
65535
65535
65535
65535
65535
65535
65535
65535
65535
65535
65535
65535
65535
65535
65535
65535
65535
65535
65535
65535
65535
65535
65535
65535
65535
65535
65535
65535
65535
65535
65535
65535
65535
65535
65535
65535
65535
65535
65535
65535
65535
65535
65535
65535
65535
65535
65535
65535
65535
65535
65535
65535
65535
65535
65535
65535
65535
65535
65535
65535
65535
65535
65535
65535
65535
65535
65535
65535
65535
65535
65535
65535
65535
65535
65535
65535
65535
65535
65535
65535
65535
65535
65535
65535
65535
65535
65535
65535
65535
65535
65535
65535
65535
65535
65535
65535
65535
65535
65535
65535
65535
65535
65535
65535
65535
65535
65535
65535
65535
65535
65535
65535
65535
65535
65535
65535
65535
65535
65535
65535
65535
65535
65535
65535
65535
65535
65535
65535
65535
65535
65535
65535
65535
65535
65535
65535
65535
65535
65535
65535
65535
65535
65535
65535
65535
65535
65535
65535
65535
65535
65535
65535
65535
65535
65535
65535
65535
65535
65535
65535
65535
65535
65535
65535
65535
65535
65535
65535
65535
65535
65535
65535
65535
65535
65535
65535
65535
65535
65535
65535
65535
65535
65535
65535
65535
65535
65535
65535
65535
65535
65535
65535
65535
65535
65535
65535
65535
65535
65535
65535
65535
65535
65535
65535
65535
65535
65535
65535
65535
65535
65535
65535
65535
65535
65535
65535
65535
65535
65535
65535
65535
65535
65535
65535
65535
65535
65535
65535
65535
65535
65535
65535
65535
65535
65535
65535
65535
65535
65535
65535
65535
65535
65535
65535
65535
65535
65535
65535
65535
65535
65535
65535
65535
65535
65535
65535
65535
65535
65535
65535
65535
65535
65535
65535
65535
65535
65535
65535
65535
65535
65535
65535
65535
65535
65535
65535
65535
65535
65535
65535
65535
65535
65535
65535
65535
65535
65535
65535
65535
65535
65535
65535
65535
65535
65535
65535
65535
65535
65535
65535
65535
65535
65535
65535
65535
65535
65535
65535
65535
65535
65535
65535
65535
65535
65535
65535
65535
65535
65535
65535
65535
65535
65535
65535
65535
65535
65535
65535
65535
65535
65535
65535
65535
65535
65535
65535
65535
65535
65535
65535
65535
65535
65535
65535
65535
65535
65535
65535
65535
65535
65535
65535
65535
65535
65535
65535
65535
65535
65535
65535
65535
65535
65535
65535
65535
65535
65535
65535
65535
65535
65535
65535
65535
65535
65535
65535
65535
65535
65535
65535
65535
65535
65535
65535
65535
65535
65535
65535
65535
65535
65535
65535
65535
65535
65535
65535
65535
65535
65535
65535
65535
65535
65535
65535
65535
65535
65535
65535
65535
65535
65535
65535
65535
65535
65535
65535
65535
65535
65535
65535
65535
65535
65535
65535
65535
65535
65535
65535
65535
65535
65535
65535
65535
65535
65535
65535
65535
65535
65535
65535
65535
65535
65535
65535
65535
65535
65535
65535
65535
65535
65535
65535
65535
65535
65535
65535
65535
65535
65535
65535
65535
65535
65535
65535
65535
65535
65535
65535
65535
65535
65535
65535
65535
65535
65535
65535
65535
65535
65535
65535
65535
65535
65535
65535
65535
65535
65535
65535
65535
65535
65535
65535
65535
65535
65535
65535
65535
65535
65535
65535
65535
65535
65535
65535
65535
65535
65535
65535
65535
65535
65535
65535
65535
65535
65535
65535
65535
65535
65535
65535
65535
65535
65535
65535
65535
65535
65535
65535
65535
65535
65535
65535
65535
65535
65535
65535
65535
65535
65535
65535
65535
65535
65535
65535
65535
65535
65535
65535
65535
65535
65535
65535
65535
65535
65535
65535
65535
65535
65535
65535
65535
65535
65535
65535
65535
65535
65535
65535
65535
65535
65535
65535
65535
65535
65535
65535
65535
65535
65535
65535
65535
65535
65535
65535
65535
65535
65535
65535
65535
65535
65535
65535
65535
65535
65535
65535
65535
65535
65535
65535
65535
65535
65535
65535
65535
65535
65535
65535
65535
65535
65535
65535
65535
65535
65535
65535
65535
65535
65535
65535
65535
65535
65535
65535
65535
65535
65535
65535
65535
65535
65535
65535
65535
65535
65535
65535
65535
65535
65535
65535
65535
65535
65535
65535
65535
65535
65535
65535
65535
65535
65535
65535
65535
65535
65535
65535
65535
65535
65535
65535
65535
65535
65535
65535
65535
65535
65535
65535
65535
65535
65535
65535
65535
65535
65535
65535
65535
65535
65535
65535
65535
65535
65535
65535
65535
65535
65535
65535
65535
65535
65535
65535
65535
65535
65535
65535
65535
65535
65535
65535
65535
65535
65535
65535
65535
65535
65535
65535
65535
65535
65535
65535
65535
65535
65535
65535
65535
65535
65535
65535
65535
65535
65535
65535
65535
65535
65535
65535
65535
65535
65535
65535
65535
65535
65535
65535
65535
65535
65535
65535
65535
65535
65535
65535
65535
65535
65535
65535
65535
65535
65535
65535
65535
65535
65535
65535
65535
65535
65535
65535
65535
65535
65535
65535
65535
65535
65535
65535
65535
65535
65535
65535
65535
65535
65535
65535
65535
65535
65535
65535
65535
65535
65535
65535
65535
65535
65535
65535
65535
65535
65535
65535
65535
65535
65535
65535
65535
65535
65535
65535
65535
65535
65535
65535
65535
65535
65535
65535
65535
65535
65535
65535
65535
65535
65535
65535
65535
65535
65535
65535
65535
65535
65535
65535
65535
65535
65535
65535
65535
65535
65535
65535
65535
65535
65535
65535
65535
65535
65535
65535
65535
65535
65535
65535
65535
65535
65535
65535
65535
65535
65535
65535
65535
65535
65535
65535
65535
65535
65535
65535
65535
65535
65535
65535
65535
65535
65535
65535
65535
65535
65535
65535
65535
65535
65535
65535
65535
65535
65535
65535
65535
65535
65535
65535
65535
65535
65535
65535
65535
65535
65535
65535
65535
65535
65535
65535
65535
65535
65535
65535
65535
65535
65535
65535
65535
65535
65535
65535
65535
65535
65535
65535
65535
65535
65535
65535
65535
65535
65535
65535
65535
65535
65535
65535
65535
65535
65535
65535
65535
65535
65535
65535
65535
65535
65535
65535
65535
65535
65535
65535
65535
65535
65535
65535
65535
65535
65535
65535
65535
65535
65535
65535
65535
65535
65535
65535
65535
65535
65535
65535
65535
65535
65535
65535
65535
65535
65535
65535
65535
65535
65535
65535
65535
65535
65535
65535
65535
65535
65535
65535
65535
65535
65535
65535
65535
65535
65535
65535
65535
65535
65535
65535
65535
65535
65535
65535
65535
65535
65535
65535
65535
65535
65535
65535
65535
65535
65535
65535
65535
65535
65535
65535
65535
65535
65535
65535
65535
65535
65535
65535
65535
65535
65535
65535
65535
65535
65535
65535
65535
65535
65535
65535
65535
65535
65535
65535
65535
65535
65535
65535
65535
65535
65535
65535
65535
65535
65535
65535
65535
65535
65535
65535
65535
65535
65535
65535
65535
65535
65535
65535
65535
65535
65535
65535
65535
65535
65535
65535
65535
65535
65535
65535
65535
65535
65535
65535
65535
65535
65535
65535
65535
65535
65535
65535
65535
65535
65535
65535
65535
65535
65535
65535
65535
65535
65535
65535
65535
65535
65535
65535
65535
65535
65535
65535
65535
65535
65535
65535
65535
65535
65535
65535
65535
65535
65535
65535
65535
65535
65535
65535
65535
65535
65535
65535
65535
65535
65535
65535
65535
65535
65535
65535
65535
65535
65535
65535
65535
65535
65535
65535
65535
65535
65535
65535
65535
65535
65535
65535
65535
65535
65535
65535
65535
65535
65535
65535
65535
65535
65535
65535
65535
65535
65535
65535
65535
65535
65535
65535
65535
65535
65535
65535
65535
65535
65535
65535
65535
65535
65535
65535
65535
65535
65535
65535
65535
65535
65535
65535
65535
65535
65535
65535
65535
65535
65535
65535
65535
65535
65535
65535
65535
65535
65535
65535
65535
65535
65535
65535
65535
65535
65535
65535
65535
65535
65535
65535
65535
65535
65535
65535
65535
65535
65535
65535
65535
65535
65535
65535
65535
65535
65535
65535
65535
65535
65535
65535
65535
65535
65535
65535
65535
65535
65535
65535
65535
65535
65535
65535
65535
65535
65535
65535
65535
65535
65535
65535
65535
65535
65535
65535
65535
65535
65535
65535
65535
65535
65535
65535
65535
65535
65535
65535
65535
65535
65535
65535
65535
65535
65535
65535
65535
65535
65535
65535
65535
65535
65535
65535
65535
65535
65535
65535
65535
65535
65535
65535
65535
65535
65535
65535
65535
65535
65535
65535
65535
65535
65535
65535
65535
65535
65535
65535
65535
65535
65535
65535
65535
65535
65535
65535
65535
65535
65535
65535
65535
65535
65535
65535
65535
65535
65535
65535
65535
65535
65535
65535
65535
65535
65535
65535
65535
65535
65535
65535
65535
65535
65535
65535
65535
65535
65535
65535
65535
65535
65535
65535
65535
65535
65535
65535
65535
65535
65535
65535
65535
65535
65535
65535
65535
65535
65535
65535
65535
65535
65535
65535
65535
65535
65535
65535
65535
65535
65535
65535
65535
65535
65535
65535
65535
65535
65535
65535
65535
65535
65535
65535
65535
65535
65535
65535
65535
65535
65535
65535
65535
65535
65535
65535
65535
65535
65535
65535
65535
65535
65535
65535
65535
65535
65535
65535
65535
65535
65535
65535
65535
65535
65535
65535
65535
65535
65535
65535
65535
65535
65535
65535
65535
65535
65535
65535
65535
65535
65535
65535
65535
65535
65535
65535
65535
65535
65535
65535
65535
65535
65535
65535
65535
65535
65535
65535
65535
65535
65535
65535
65535
65535
65535
65535
65535
65535
65535
65535
65535
65535
65535
65535
65535
65535
65535
65535
65535
65535
65535
65535
65535
65535
65535
65535
65535
65535
65535
65535
65535
65535
65535
65535
65535
65535
65535
65535
65535
65535
65535
65535
65535
65535
65535
65535
65535
65535
65535
65535
65535
65535
65535
65535
65535
65535
65535
65535
65535
65535
65535
65535
65535
65535
65535
65535
65535
65535
65535
65535
65535
65535
65535
65535
65535
65535
65535
65535
65535
65535
65535
65535
65535
65535
65535
65535
65535
65535
65535
65535
65535
65535
65535
65535
65535
65535
65535
65535
65535
65535
65535
65535
65535
65535
65535
65535
65535
65535
65535
65535
65535
65535
65535
65535
65535
65535
65535
65535
65535
65535
65535
65535
65535
65535
65535
65535
65535
65535
65535
65535
65535
65535
65535
65535
65535
65535
65535
65535
65535
65535
65535
65535
65535
65535
65535
65535
65535
65535
65535
65535
65535
65535
65535
65535
65535
65535
65535
65535
65535
65535
65535
65535
65535
65535
65535
65535
65535
65535
65535
65535
65535
65535
65535
65535
65535
65535
65535
65535
65535
65535
65535
65535
65535
65535
65535
65535
65535
65535
65535
65535
65535
65535
65535
65535
65535
65535
65535
65535
65535
65535
65535
65535
65535
65535
65535
65535
65535
65535
65535
65535
65535
65535
65535
65535
65535
65535
65535
65535
65535
65535
65535
65535
65535
65535
65535
65535
65535
65535
65535
65535
65535
65535
65535
65535
65535
65535
65535
65535
65535
65535
65535
65535
65535
65535
65535
65535
65535
65535
65535
65535
65535
65535
65535
65535
65535
65535
65535
65535
65535
65535
65535
65535
65535
65535
65535
65535
65535
65535
65535
65535
65535
65535
65535
65535
65535
65535
65535
65535
65535
65535
65535
65535
65535
65535
65535
65535
65535
65535
65535
65535
65535
65535
65535
65535
65535
65535
65535
65535
65535
65535
65535
65535
65535
65535
65535
65535
65535
65535
65535
65535
65535
65535
65535
65535
65535
65535
65535
65535
65535
65535
65535
65535
65535
65535
65535
65535
65535
65535
65535
65535
65535
65535
65535
65535
65535
65535
65535
65535
65535
65535
65535
65535
65535
65535
65535
65535
65535
65535
65535
65535
65535
65535
65535
65535
65535
65535
65535
65535
65535
65535
65535
65535
65535
65535
65535
65535
65535
65535
65535
65535
65535
65535
65535
65535
65535
65535
65535
65535
65535
65535
65535
65535
65535
65535
65535
65535
65535
65535
65535
65535
65535
65535
65535
65535
65535
65535
65535
65535
65535
65535
65535
65535
65535
65535
65535
65535
65535
65535
65535
65535
65535
65535
65535
65535
65535
65535
65535
65535
65535
65535
65535
65535
65535
65535
65535
65535
65535
65535
65535
65535
65535
65535
65535
65535
65535
65535
65535
65535
65535
65535
65535
65535
65535
65535
65535
65535
65535
65535
65535
65535
65535
65535
65535
65535
65535
65535
65535
65535
65535
65535
65535
65535
65535
65535
65535
65535
65535
65535
65535
65535
65535
65535
65535
65535
65535
65535
65535
65535
65535
65535
65535
65535
65535
65535
65535
65535
65535
65535
65535
65535
65535
65535
65535
65535
65535
65535
65535
65535
65535
65535
65535
65535
65535
65535
65535
65535
65535
65535
65535
65535
65535
65535
65535
65535
65535
65535
65535
65535
65535
65535
65535
65535
65535
65535
65535
65535
65535
65535
65535
65535
65535
65535
65535
65535
65535
65535
65535
65535
65535
65535
65535
65535
65535
65535
65535
65535
65535
65535
65535
65535
65535
65535
65535
65535
65535
65535
65535
65535
65535
65535
65535
65535
65535
65535
65535
65535
65535
65535
65535
65535
65535
65535
65535
65535
65535
65535
65535
65535
65535
65535
65535
65535
65535
65535
65535
65535
65535
65535
65535
65535
65535
65535
65535
65535
65535
65535
65535
65535
65535
65535
65535
65535
65535
65535
65535
65535
65535
65535
65535
65535
65535
65535
65535
65535
65535
65535
65535
65535
65535
65535
65535
65535
65535
65535
65535
65535
65535
65535
65535
65535
65535
65535
65535
65535
65535
65535
65535
65535
65535
65535
65535
65535
65535
65535
65535
65535
65535
65535
65535
65535
65535
65535
65535
65535
65535
65535
65535
65535
65535
65535
65535
65535
65535
65535
65535
65535
65535
65535
65535
65535
65535
65535
65535
65535
65535
65535
65535
65535
65535
65535
65535
65535
65535
65535
65535
65535
65535
65535
65535
65535
65535
65535
65535
65535
65535
65535
65535
65535
65535
65535
65535
65535
65535
65535
65535
65535
65535
65535
65535
65535
65535
65535
65535
65535
65535
65535
65535
65535
65535
65535
65535
65535
65535
65535
65535
65535
65535
65535
65535
65535
65535
65535
65535
65535
65535
65535
65535
65535
65535
65535
65535
65535
65535
65535
65535
65535
65535
65535
65535
65535
65535
65535
65535
65535
65535
65535
65535
65535
65535
65535
65535
65535
65535
65535
65535
65535
65535
65535
65535
65535
65535
65535
65535
65535
65535
65535
65535
65535
65535
65535
65535
65535
65535
65535
65535
65535
65535
65535
65535
65535
65535
65535
65535
65535
65535
65535
65535
65535
65535
65535
65535
65535
65535
65535
65535
65535
65535
65535
65535
65535
65535
65535
65535
65535
65535
65535
65535
65535
65535
65535
65535
65535
65535
65535
65535
65535
65535
65535
65535
65535
65535
65535
65535
65535
65535
65535
65535
65535
65535
65535
65535
65535
65535
65535
65535
65535
65535
65535
65535
65535
65535
65535
65535
65535
65535
65535
65535
65535
65535
65535
65535
65535
65535
65535
65535
65535
65535
65535
65535
65535
65535
65535
65535
65535
65535
65535
65535
65535
65535
65535
65535
65535
65535
65535
65535
65535
65535
65535
65535
65535
65535
65535
65535
65535
65535
65535
65535
65535
65535
65535
65535
65535
65535
65535
65535
65535
65535
65535
65535
65535
65535
65535
65535
65535
65535
65535
65535
65535
65535
65535
65535
65535
65535
65535
65535
65535
65535
65535
65535
65535
65535
65535
65535
65535
65535
65535
65535
65535
65535
65535
65535
65535
65535
65535
65535
65535
65535
65535
65535
65535
65535
65535
65535
65535
65535
65535
65535
65535
65535
65535
65535
65535
65535
65535
65535
65535
65535
65535
65535
65535
65535
65535
65535
65535
65535
65535
65535
65535
65535
65535
65535
65535
65535
65535
65535
65535
65535
65535
65535
65535
65535
65535
65535
65535
65535
65535
65535
65535
65535
65535
65535
65535
65535
65535
65535
65535
65535
65535
65535
65535
65535
65535
65535
65535
65535
65535
65535
65535
65535
65535
65535
65535
65535
65535
65535
65535
65535
65535
65535
65535
65535
65535
65535
65535
65535
65535
65535
65535
65535
65535
65535
65535
65535
65535
65535
65535
65535
65535
65535
65535
65535
65535
65535
65535
65535
65535
65535
65535
65535
65535
65535
65535
65535
65535
65535
65535
65535
65535
65535
65535
65535
65535
65535
65535
65535
65535
65535
65535
65535
65535
65535
65535
65535
65535
65535
65535
65535
65535
65535
65535
65535
65535
65535
65535
65535
65535
65535
65535
65535
65535
65535
65535
65535
65535
65535
65535
65535
65535
65535
65535
65535
65535
65535
65535
65535
65535
65535
65535
65535
65535
65535
65535
65535
65535
65535
65535
65535
65535
65535
65535
65535
65535
65535
65535
65535
65535
65535
65535
65535
65535
65535
65535
65535
65535
65535
65535
65535
65535
65535
65535
65535
65535
65535
65535
65535
65535
65535
65535
65535
65535
65535
65535
65535
65535
65535
65535
65535
65535
65535
65535
65535
65535
65535
65535
65535
65535
65535
65535
65535
65535
65535
65535
65535
65535
65535
65535
65535
65535
65535
65535
65535
65535
65535
65535
65535
65535
65535
65535
65535
65535
65535
65535
65535
65535
65535
65535
65535
65535
65535
65535
65535
65535
65535
65535
65535
65535
65535
65535
65535
65535
65535
65535
65535
65535
65535
65535
65535
65535
65535
65535
65535
65535
65535
65535
65535
65535
65535
65535
65535
65535
65535
65535
65535
65535
65535
65535
65535
65535
65535
65535
65535
65535
65535
65535
65535
65535
65535
65535
65535
65535
65535
65535
65535
65535
65535
65535
65535
65535
65535
65535
65535
65535
65535
65535
65535
65535
65535
65535
65535
65535
65535
65535
65535
65535
65535
65535
65535
65535
65535
65535
65535
65535
65535
65535
65535
65535
65535
65535
65535
65535
65535
65535
65535
65535
65535
65535
65535
65535
65535
65535
65535
65535
65535
65535
65535
65535
65535
65535
65535
65535
65535
65535
65535
65535
65535
65535
65535
65535
65535
65535
65535
65535
65535
65535
65535
65535
65535
65535
65535
65535
65535
65535
65535
65535
65535
65535
65535
65535
65535
65535
65535
65535
65535
65535
65535
65535
65535
65535
65535
65535
65535
65535
65535
65535
65535
65535
65535
65535
65535
65535
65535
65535
65535
65535
65535
65535
65535
65535
65535
65535
65535
65535
65535
65535
65535
65535
65535
65535
65535
65535
65535
65535
65535
65535
65535
65535
65535
65535
65535
65535
65535
65535
65535
65535
65535
65535
65535
65535
65535
65535
65535
65535
65535
65535
65535
65535
65535
65535
65535
65535
65535
65535
65535
65535
65535
65535
65535
65535
65535
65535
65535
65535
65535
65535
65535
65535
65535
65535
65535
65535
65535
65535
65535
65535
65535
65535
65535
65535
65535
65535
65535
65535
65535
65535
65535
65535
65535
65535
65535
65535
65535
65535
65535
65535
65535
65535
65535
65535
65535
65535
65535
65535
65535
65535
65535
65535
65535
65535
65535
65535
65535
65535
65535
65535
65535
65535
65535
65535
65535
65535
65535
65535
65535
65535
65535
65535
65535
65535
65535
65535
65535
65535
65535
65535
65535
65535
65535
65535
65535
65535
65535
65535
65535
65535
65535
65535
65535
65535
65535
65535
65535
65535
65535
65535
65535
65535
65535
65535
65535
65535
65535
65535
65535
65535
65535
65535
65535
65535
65535
65535
65535
65535
65535
65535
65535
65535
65535
65535
65535
65535
65535
65535
65535
65535
65535
65535
65535
65535
65535
65535
65535
65535
65535
65535
65535
65535
65535
65535
65535
65535
65535
65535
65535
65535
65535
65535
65535
65535
65535
65535
65535
65535
65535
65535
65535
65535
65535
65535
65535
65535
65535
65535
65535
65535
65535
65535
65535
65535
65535
65535
65535
65535
65535
65535
65535
65535
65535
65535
65535
65535
65535
65535
65535
65535
65535
65535
65535
65535
65535
65535
65535
65535
65535
65535
65535
65535
65535
65535
65535
65535
65535
65535
65535
65535
65535
65535
65535
65535
65535
65535
65535
65535
65535
65535
65535
65535
65535
65535
65535
65535
65535
65535
65535
65535
65535
65535
65535
65535
65535
65535
65535
65535
65535
65535
65535
65535
65535
65535
65535
65535
65535
65535
65535
65535
65535
65535
65535
65535
65535
65535
65535
65535
65535
65535
65535
65535
65535
65535
65535
65535
65535
65535
65535
65535
65535
65535
65535
65535
65535
65535
65535
65535
65535
65535
65535
65535
65535
65535
65535
65535
65535
65535
65535
65535
65535
65535
65535
65535
65535
65535
65535
65535
65535
65535
65535
65535
65535
65535
65535
65535
65535
65535
65535
65535
65535
65535
65535
65535
65535
65535
65535
65535
65535
65535
65535
65535
65535
65535
65535
65535
65535
65535
65535
65535
65535
65535
65535
65535
65535
65535
65535
65535
65535
65535
65535
65535
65535
65535
65535
65535
65535
65535
65535
65535
65535
65535
65535
65535
65535
65535
65535
65535
65535
65535
65535
65535
65535
65535
65535
65535
65535
65535
65535
65535
65535
65535
65535
65535
65535
65535
65535
65535
65535
65535
65535
65535
65535
65535
65535
65535
65535
65535
65535
65535
65535
65535
65535
65535
65535
65535
65535
65535
65535
65535
65535
65535
65535
65535
65535
65535
65535
65535
65535
65535
65535
65535
65535
65535
65535
65535
65535
65535
65535
65535
65535
65535
65535
65535
65535
65535
65535
65535
65535
65535
65535
65535
65535
65535
65535
65535
65535
65535
65535
65535
65535
65535
65535
65535
65535
65535
65535
65535
65535
65535
65535
65535
65535
65535
65535
65535
65535
65535
65535
65535
65535
65535
65535
65535
65535
65535
65535
65535
65535
65535
65535
65535
65535
65535
65535
65535
65535
65535
65535
65535
65535
65535
65535
65535
65535
65535
65535
65535
65535
65535
65535
65535
65535
65535
65535
65535
65535
65535
65535
65535
65535
65535
65535
65535
65535
65535
65535
65535
65535
65535
65535
65535
65535
65535
65535
65535
65535
65535
65535
65535
65535
65535
65535
65535
65535
65535
65535
65535
65535
65535
65535
65535
65535
65535
65535
65535
65535
65535
65535
65535
65535
65535
65535
65535
65535
65535
65535
65535
65535
65535
65535
65535
65535
65535
65535
65535
65535
65535
65535
65535
65535
65535
65535
65535
65535
65535
65535
65535
65535
65535
65535
65535
65535
65535
65535
65535
65535
65535
65535
65535
65535
65535
65535
65535
65535
65535
65535
65535
65535
65535
65535
65535
65535
65535
65535
65535
65535
65535
65535
65535
65535
65535
65535
65535
65535
65535
65535
65535
65535
65535
65535
65535
65535
65535
65535
65535
65535
65535
65535
65535
65535
65535
65535
65535
65535
65535
65535
65535
65535
65535
65535
65535
65535
65535
65535
65535
65535
65535
65535
65535
65535
65535
65535
65535
65535
65535
65535
65535
65535
65535
65535
65535
65535
65535
65535
65535
65535
65535
65535
65535
65535
65535
65535
65535
65535
65535
65535
65535
65535
65535
65535
65535
65535
65535
65535
65535
65535
65535
65535
65535
65535
65535
65535
65535
65535
65535
65535
65535
65535
65535
65535
65535
65535
65535
65535
65535
65535
65535
65535
65535
65535
65535
65535
65535
65535
65535
65535
65535
65535
65535
65535
65535
65535
65535
65535
65535
65535
65535
65535
65535
65535
65535
65535
65535
65535
65535
65535
65535
65535
65535
65535
65535
65535
65535
65535
65535
65535
65535
65535
65535
65535
65535
65535
65535
65535
65535
65535
65535
65535
65535
65535
65535
65535
65535
65535
65535
65535
65535
65535
65535
65535
65535
65535
65535
65535
65535
65535
65535
65535
65535
65535
65535
65535
65535
65535
65535
65535
65535
65535
65535
65535
65535
65535
65535
65535
65535
65535
65535
65535
65535
65535
65535
65535
65535
65535
65535
65535
65535
65535
65535
65535
65535
65535
65535
65535
65535
65535
65535
65535
65535
65535
65535
65535
65535
65535
65535
65535
65535
65535
65535
65535
65535
65535
65535
65535
65535
65535
65535
65535
65535
65535
65535
65535
65535
65535
65535
65535
65535
65535
65535
65535
65535
65535
65535
65535
65535
65535
65535
65535
65535
65535
65535
65535
65535
65535
65535
65535
65535
65535
65535
65535
65535
65535
65535
65535
65535
65535
65535
65535
65535
65535
65535
65535
65535
65535
65535
65535
65535
65535
65535
65535
65535
65535
65535
65535
65535
65535
65535
65535
65535
65535
65535
65535
65535
65535
65535
65535
65535
65535
65535
65535
65535
65535
65535
65535
65535
65535
65535
65535
65535
65535
65535
65535
65535
65535
65535
65535
65535
65535
65535
65535
65535
65535
65535
65535
65535
65535
65535
65535
65535
65535
65535
65535
65535
65535
65535
65535
65535
65535
65535
65535
65535
65535
65535
65535
65535
65535
65535
65535
65535
65535
65535
65535
65535
65535
65535
65535
65535
65535
65535
65535
65535
65535
65535
65535
65535
65535
65535
65535
65535
65535
65535
65535
65535
65535
65535
65535
65535
65535
65535
65535
65535
65535
65535
65535
65535
65535
65535
65535
65535
65535
65535
65535
65535
65535
65535
65535
65535
65535
65535
65535
65535
65535
65535
65535
65535
65535
65535
65535
65535
65535
65535
65535
65535
65535
65535
65535
65535
65535
65535
65535
65535
65535
65535
65535
65535
65535
65535
65535
65535
65535
65535
65535
65535
65535
65535
65535
65535
65535
65535
65535
65535
65535
65535
65535
65535
65535
65535
65535
65535
65535
65535
65535
65535
65535
65535
65535
65535
65535
65535
65535
65535
65535
65535
65535
65535
65535
65535
65535
65535
65535
65535
65535
65535
65535
65535
65535
65535
65535
65535
65535
65535
65535
65535
65535
65535
65535
65535
65535
65535
65535
65535
65535
65535
65535
65535
65535
65535
65535
65535
65535
65535
65535
65535
65535
65535
65535
65535
65535
65535
65535
65535
65535
65535
65535
65535
65535
65535
65535
65535
65535
65535
65535
65535
65535
65535
65535
65535
65535
65535
65535
65535
65535
65535
65535
65535
65535
65535
65535
65535
65535
65535
65535
65535
65535
65535
65535
65535
65535
65535
65535
65535
65535
65535
65535
65535
65535
65535
65535
65535
65535
65535
65535
65535
65535
65535
65535
65535
65535
65535
65535
65535
65535
65535
65535
65535
65535
65535
65535
65535
65535
65535
65535
65535
65535
65535
65535
65535
65535
65535
65535
65535
65535
65535
65535
65535
65535
65535
65535
65535
65535
65535
65535
65535
65535
65535
65535
65535
65535
65535
65535
65535
65535
65535
65535
65535
65535
65535
65535
65535
65535
65535
65535
65535
65535
65535
65535
65535
65535
65535
65535
65535
65535
65535
65535
65535
65535
65535
65535
65535
65535
65535
65535
65535
65535
65535
65535
65535
65535
65535
65535
65535
65535
65535
65535
65535
65535
65535
65535
65535
65535
65535
65535
65535
65535
65535
65535
65535
65535
65535
65535
65535
65535
65535
65535
65535
65535
65535
65535
65535
65535
65535
65535
65535
65535
65535
65535
65535
65535
65535
65535
65535
65535
65535
65535
65535
65535
65535
65535
65535
65535
65535
65535
65535
65535
65535
65535
65535
65535
65535
65535
65535
65535
65535
65535
65535
65535
65535
65535
65535
65535
65535
65535
65535
65535
65535
65535
65535
65535
65535
65535
65535
65535
65535
65535
65535
65535
65535
65535
65535
65535
65535
65535
65535
65535
65535
65535
65535
65535
65535
65535
65535
65535
65535
65535
65535
65535
65535
65535
65535
65535
65535
65535
65535
65535
65535
65535
65535
65535
65535
65535
65535
65535
65535
65535
65535
65535
65535
65535
65535
65535
65535
65535
65535
65535
65535
65535
65535
65535
65535
65535
65535
65535
65535
65535
65535
65535
65535
65535
65535
65535
65535
65535
65535
65535
65535
65535
65535
65535
65535
65535
65535
65535
65535
65535
65535
65535
65535
65535
65535
65535
65535
65535
65535
65535
65535
65535
65535
65535
65535
65535
65535
65535
65535
65535
65535
65535
65535
65535
65535
65535
65535
65535
65535
65535
65535
65535
65535
65535
65535
65535
65535
65535
65535
65535
65535
65535
65535
65535
65535
65535
65535
65535
65535
65535
65535
65535
65535
65535
65535
65535
65535
65535
65535
65535
65535
65535
65535
65535
65535
65535
65535
65535
65535
65535
65535
65535
65535
65535
65535
65535
65535
65535
65535
65535
65535
65535
65535
65535
65535
65535
65535
65535
65535
65535
65535
65535
65535
65535
65535
65535
65535
65535
65535
65535
65535
65535
65535
65535
65535
65535
65535
65535
65535
65535
65535
65535
65535
65535
65535
65535
65535
65535
65535
65535
65535
65535
65535
65535
65535
65535
65535
65535
65535
65535
65535
65535
65535
65535
65535
65535
65535
65535
65535
65535
65535
65535
65535
65535
65535
65535
65535
65535
65535
65535
65535
65535
65535
65535
65535
65535
65535
65535
65535
65535
65535
65535
65535
65535
65535
65535
65535
65535
65535
65535
65535
65535
65535
65535
65535
65535
65535
65535
65535
65535
65535
65535
65535
65535
65535
65535
65535
65535
65535
65535
65535
65535
65535
65535
65535
65535
65535
65535
65535
65535
65535
65535
65535
65535
65535
65535
65535
65535
65535
65535
65535
65535
65535
65535
65535
65535
65535
65535
65535
65535
65535
65535
65535
65535
65535
65535
65535
65535
65535
65535
65535
65535
65535
65535
65535
65535
65535
65535
65535
65535
65535
65535
65535
65535
65535
65535
65535
65535
65535
65535
65535
65535
65535
65535
65535
65535
65535
65535
65535
65535
65535
65535
65535
65535
65535
65535
65535
65535
65535
65535
65535
65535
65535
65535
65535
65535
65535
65535
65535
65535
65535
65535
65535
65535
65535
65535
65535
65535
65535
65535
65535
65535
65535
65535
65535
65535
65535
65535
65535
65535
65535
65535
65535
65535
65535
65535
65535
65535
65535
65535
65535
65535
65535
65535
65535
65535
65535
65535
65535
65535
65535
65535
65535
65535
65535
65535
65535
65535
65535
65535
65535
65535
65535
65535
65535
65535
65535
65535
65535
65535
65535
65535
65535
65535
65535
65535
65535
65535
65535
65535
65535
65535
65535
65535
65535
65535
65535
65535
65535
65535
65535
65535
65535
65535
65535
65535
65535
65535
65535
65535
65535
65535
65535
65535
65535
65535
65535
65535
65535
65535
65535
65535
65535
65535
65535
65535
65535
65535
65535
65535
65535
65535
65535
65535
65535
65535
65535
65535
65535
65535
65535
65535
65535
65535
65535
65535
65535
65535
65535
65535
65535
65535
65535
65535
65535
65535
65535
65535
65535
65535
65535
65535
65535
65535
65535
65535
65535
65535
65535
65535
65535
65535
65535
65535
65535
65535
65535
65535
65535
65535
65535
65535
65535
65535
65535
65535
65535
65535
65535
65535
65535
65535
65535
65535
65535
65535
65535
65535
65535
65535
65535
65535
65535
65535
65535
65535
65535
65535
65535
65535
65535
65535
65535
65535
65535
65535
65535
65535
65535
65535
65535
65535
65535
65535
65535
65535
65535
65535
65535
65535
65535
65535
65535
65535
65535
65535
65535
65535
65535
65535
65535
65535
65535
65535
65535
65535
65535
65535
65535
65535
65535
65535
65535
65535
65535
65535
65535
65535
65535
65535
65535
65535
65535
65535
65535
65535
65535
65535
65535
65535
65535
65535
65535
65535
65535
65535
65535
65535
65535
65535
65535
65535
65535
65535
65535
65535
65535
65535
65535
65535
65535
65535
65535
65535
65535
65535
65535
65535
65535
65535
65535
65535
65535
65535
65535
65535
65535
65535
65535
65535
65535
65535
65535
65535
65535
65535
65535
65535
65535
65535
65535
65535
65535
65535
65535
65535
65535
65535
65535
65535
65535
65535
65535
65535
65535
65535
65535
65535
65535
65535
65535
65535
65535
65535
65535
65535
65535
65535
65535
65535
65535
65535
65535
65535
65535
65535
65535
65535
65535
65535
65535
65535
65535
65535
65535
65535
65535
65535
65535
65535
65535
65535
65535
65535
65535
65535
65535
65535
65535
65535
65535
65535
65535