49512
48342
7563
42221
16295
55905
28809
21518
50055
8105
36643
19449
43035
25842
65452
18551
47088
50869
49699
12701
31336
19093
16753
50242
23146
46732
24587
37101
19907
58347
374
7936
10548
3256
61501
13430
16042
17483
20094
32608
15414
27928
56466
59077
20908
28471
24961
21451
59891
56381
52871
9752
22265
60705
1562
48734
663
3274
35593
27132
9938
53330
25064
27675
25335
42800
54144
51804
8684
16247
63419
25250
41545
18231
20842
12381
5090
21385
53703
14365
61537
18418
50736
12568
7888
40207
46599
18333
60554
37239
28778
1682
43903
50296
22030
13569
44717
26354
16723
37969
19605
1242
53366
4125
24201
35545
38156
24744
11331
2870
20335
62556
29339
30780
2514
28712
41226
24032
60132
36817
64185
30967
22506
4143
6754
44024
5855
22150
64371
16300
49789
1718
13062
25576
62846
14775
52045
2804
25220
3075
40345
10909
38276
30985
27475
19014
651
37921
9655
62948
49536
1465
33783
5517
13080
55301
36938
39549
52063
8943
31359
58727
51435
28121
30732
43246
55759
48468
46128
43788
21644
14352
16964
24526
46942
54505
57116
18948
41364
39024
52708
54149
6078
23543
21203
8961
41280
48842
46502
28139
60457
63069
50826
17609
15269
12929
687
13200
56591
13472
21034
38499
21306
33819
41382
34091
26800
54167
61730
64341
45977
4028
57321
30225
57593
20594
59034
30768
44452
40942
23748
21408
48776
41484
19340
51658
55440
28343
35906
28615
46080
38789
41400
58865
56525
19526
7284
9895
2604
20069
47437
35194
13049
51489
29344
41858
19713
7471
39790
27547
41231
24037
42672
50235
57797
45555
18459
21070
23682
26293
64733
16662
14322
42859
20714
34398
37009
39621
63207
55916
43673
21529
29091
57628
25581
18290
45657
13610
11270
38638
11542
64835
6862
40350
47913
5963
33331
40893
8846
11457
9117
17850
51338
24242
16951
50440
58002
21004
3810
11373
28838
26498
50084
32890
45404
28210
31992
55578
7507
5167
48558
6608
9220
52611
50271
2200
9762
42081
14985
33620
46134
53696
11746
55138
2115
50458
53069
60632
58292
318
33807
16613
45151
27957
31738
9593
23277
51815
34621
63158
16257
8966
27601
30213
53799
26703
9509
47949
35706
8610
1319
54613
7712
36249
63617
36521
29229
52816
60378
13477
37063
49577
52188
25092
7899
26534
43999
46610
9611
33198
25906
23567
36080
23838
51205
53817
62549
55258
47967
45627
7458
55801
18802
6560
28976
62465
60125
36810
49324
6204
24839
48425
55988
32673
5577
58870
897
34386
22143
55632
33487
31147
23856
16565
43932
36641
54106
56717
8646
11258
3967
52309
59871
31605
14412
31877
34488
33318
6222
18736
57176
4153
32691
60058
47816
4696
62941
55650
58261
15141
27655
5510
48901
31708
64027
61687
59347
32251
10106
17668
25231
22891
15600
18211
20822
3629
42069
23705
6511
49902
37660
15515
8224
20738
18398
35863
8767
47207
30013
43697
20382
3188
40458
23265
6071
53243
11294
4002
57296
4274
31641
14448
51718
18500
6258
29844
22553
20213
11752
9412
12023
19586
7343
5003
2664
41103
48666
61180
39035
62621
25623
43088
9870
2579
36068
33728
1681
14194
31659
44173
1053
54347
16178
43546
21401
14110
21672
60112
41749
60384
38239
30948
63266
39951
47514
50125
16908
49227
56789
64352
31135
4038
42478
40138
22945
15654
18265
46802
39511
31050
18808
41224
24030
46447
49058
5938
23403
11161
43479
55993
17825
55095
42852
49245
32051
9906
47176
53569
46278
3158
41598
19453
62844
39529
6312
64557
11534
24048
11806
35392
7126
4786
6227
34765
52230
54841
26575
48991
51603
34409
27118
29729
42243
9026
51247
32883
25592
18301
55571
32256
5160
52332
53774
41531
54045
20828
63049
55758
6517
58640
667
23083
15792
58013
45771
62066
33800
55046
16878
44245
6076
18590
1397
43618
46229
33987
61354
23186
25797
23457
5093
11486
33902
685
37955
40566
7349
11130
58303
51011
27697
55064
21847
33191
55607
12487
34903
22661
20321
13030
30495
57862
19694
47061
59575
57235
53725
10605
47875
60389
27172
54539
21322
47519
55082
31767
3501
16015
42212
49775
61119
8097
30513
13319
1077
33395
34837
57253
3061
29258
5943
46995
13777
25121
11709
50149
16931
49250
50691
7572
49793
15406
47724
14507
27021
8657
45927
37466
58712
61324
7131
3622
1282
23698
60968
6776
48997
55389
32075
8760
44860
37568
9302
16865
3453
20918
53236
29921
62240
58730
65123
15882
38298
53423
25157
16696
52796
45505
46946
33534
64683
1758
24174
61444
48032
19766
37231
17697
33992
10677
33094
24632
16171
33636
56053
22835
60105
5913
49304
11136
7626
9067
56239
18071
55341
48050
3760
5201
62276
13035
50305
17088
13578
10068
1607
42658
29246
19615
51933
37351
64719
31501
63820
14579
27093
48339
20073
37538
48882
56444
13325
39522
64550
46186
37725
65092
41778
38268
55733
47272
19005
51324
39082
45474
51867
48357
54750
557
31706
52952
55564
6323
2813
54936
15598
41795
7408
44678
388
660
62686
49274
40812
22449
13988
25332
47748
54140
55582
26146
22636
58736
50275
25790
51987
43526
48749
40288
26875
23365
39660
34981
57397
23010
54158
50648
26164
37507
13023
44171
9784
40933
17618
64790
49038
60382
56872
48411
9072
15465
41663
53006
53278
63452
34016
25554
56703
59314
5122
21417
43834
49056
44376
50769
46089
62384
53923
29438
60587
26200
33762
9277
35475
27014
63114
59604
460
732
10906
56908
37374
63572
34136
5870
12262
64386
64657
45124
36663
28202
23522
59622
49991
10652
36850
53145
3904
64760
65031
50449
25964
60894
16604
31730
36952
42175
6618
42718
44159
34528
60725
6533
16707
49026
14638
50738
55961
21574
6991
12214
3753
49755
25270
25542
30764
50841
6551
6822
57776
2414
28611
35004
64983
41668
2329
53283
33750
64898
64000
29612
54640
49960
719
45552
40872
5315
10537
25662
6129
31156
10453
61406
41873
32242
37464
6858
12081
17304
8842
48724
63849
49266
33514
53590
9301
40449
1111
17406
12726
38924
49098
19662
39738
28937
65037
30649
51896
11387
52438
62612
7250
23545
8963
17967
8336
3656
19951
25173
50201
10863
25988
62088
32652
23020
46878
55882
5471
65157
14746
19969
21410
5658
45539
35908
36179
15476
45455
14849
50949
25294
9542
45642
5133
10356
57528
5947
26024
10271
21615
41691
12255
32332
62310
22972
7220
37198
42421
26669
2184
3625
29823
53680
49001
28297
44592
15156
35232
50357
19751
23804
13003
17056
17327
63329
63601
8239
48120
58294
37590
863
45696
50918
56141
46510
19685
64517
4204
45255
14649
49579
54802
45171
65247
61737
60839
5476
40406
20873
19974
441
55176
55447
9987
60941
10530
65265
44562
18907
9276
28182
12430
22604
3070
23146
13515
29810
54838
55109
13431
7581
12804
8124
39272
38374
28743
3088
33067
53143
37391
61248
45496
29744
39918
30287
34339
50634
41003
10397
51448
60452
55772
63606
33000
2394
27422
21572
41648
61725
27337
47414
56418
29593
38597
7991
33018
61827
15197
5566
10789
20963
29967
59945
44193
3685
13859
59861
24304
39429
29798
10264
34122
44296
13690
28815
24135
50332
9824
28730
9197
24322
38277
12622
37650
32970
59167
59439
39905
58811
2279
10113
51164
4535
65391
44687
40008
24255
8503
32361
12827
13098
27053
27325
47401
15625
34532
29852
30123
15541
65324
64426
63527
58847
23290
21222
62273
15643
45622
59577
38874
52829
27174
46080
15474
9624
2605
36365
60222
28446
12694
15577
39434
48438
2978
57713
46912
27379
11626
19460
18562
22614
6862
17036
21089
6506
46388
60343
4980
9033
58817
48016
48287
57291
61344
15884
50814
64769
16969
46948
51001
43981
8424
1404
57309
37775
12121
56953
21396
11765
60379
60650
4118
27975
46882
55886
59938
29332
28434
62194
21685
20787
59498
64721
44017
43118
26196
64908
8375
16209
14141
37998
53123
1543
21619
10818
40797
25044
24146
23247
53226
32522
62501
10920
60704
23977
29199
62959
1476
50090
39289
48293
31370
51447
30743
137
4190
24266
28319
32371
21570
45428
19773
8972
62537
20859
60740
64793
13212
32118
41122
31491
65251
64352
53551
11873
20877
13857
37714
7108
30966
36189
26558
50415
27372
41327
10721
55553
43582
62489
17029
50789
9110
44041
57996
6415
21540
30544
29645
53503
16775
31901
31002
49908
63863
53062
16335
25339
8417
48298
57302
26696
45602
64509
27781
21932
62983
32377
30308
34361
33462
62271
56421
10962
31038
43823
2145
42026
6469
51301
890
65528
48605
17999
46808
29886
59865
39161
40874
41145
40247
64104
58254
5504
50336
33414
53490
11812
30718
59527
4165
39095
38196
57102
10473
4623
38383
2826
37756
38027
28396
42351
61258
64140
18681
28854
48931
2301
27329
1674
26701
46778
10050
64785
44082
62988
51017
25362
64074
63175
13934
29059
23209
37165
32485
6830
20785
8814
14037
8187
33214
62023
36368
35470
45644
54648
24042
19362
18463
6492
10545
9646
48357
6679
55293
45662
44763
47646
30723
5069
25145
19295
14615
63229
51258
61432
19753
39830
32810
10937
5087
14091
3290
23366
37321
47495
26791
1137
60823
48852
38051
58127
6546
8259
22214
27436
612
44274
8717
53549
56432
61655
61926
21418
56348
19621
8819
48701
41681
55636
20079
34034
64013
27286
31338
50244
29541
49617
17841
57723
20995
292
9296
33153
47108
46210
25506
13535
21369
56299
20742
54502
57385
41632
34613
48568
52620
61624
45872
28950
8246
17250
11400
35258
59115
53266
37513
56420
4839
18794
43821
3313
17268
52198
52469
46620
50672
13945
14216
29342
18540
2788
17913
62746
42042
5315
50147
24493
13692
48622
6943
6045
36023
466
24324
53133
57185
1823
21899
46927
62052
40179
35499
29649
64579
32803
1027
17322
36228
25427
65309
18679
42536
5809
25886
15085
54966
9506
59290
28684
17883
5912
59477
63529
42826
30855
5200
14204
49134
53187
32483
57511
56612
24836
14035
2064
30873
49779
22954
20886
49695
53747
26923
32145
16393
60055
64108
22430
11629
15681
49441
54664
43863
62769
51968
60972
10561
24516
38471
62329
57649
46848
50901
15343
4542
44424
18769
47578
12020
12292
16344
30299
19498
23551
4018
33996
28146
12394
43543
4204
8257
2407
16362
52462
20686
40763
254
10428
4578
8631
39780
30149
5664
15838
16109
39967
40238
24486
12515
27640
10717
61671
40968
6580
17924
56635
21078
60959
1816
26844
32066
52142
16585
31710
22079
2546
7768
47649
3360
43241
43512
19028
65030
60350
4988
55942
55043
30558
45683
15077
64861
34255
9770
13823
19046
29219
59198
8787
4107
19232
64065
8703
23828
64879
4566
14740
15011
20234
55164
30679
40853
36173
21590
7008
33206
39598
25016
5482
61387
41854
2515
12689
3058
63914
24576
11163
37361
2973
34122
50417
37005
42227
22694
57624
44212
29629
24949
61049
15590
47908
13521
34767
25136
55115
25679
51877
27392
23882
14251
34327
55573
42161
22627
29020
45315
30733
32174
7689
52522
3281
14625
9945
46045
46316
51539
6079
52081
43620
54964
25528
30751
61899
37415
58661
3299
44350
19865
21306
52455
47775
13388
54439
34906
56152
16814
31939
22308
22579
43825
9438
4758
40858
37348
62376
3232
24479
40774
36094
32584
11880
33127
49422
28718
59867
35382
20800
11169
7659
32686
53933
4692
50694
31160
57358
1996
38096
18562
20004
46201
57545
52865
27210
33603
53679
62683
18393
55663
37300
7864
43964
35502
61700
22361
3998
9220
5711
56664
6253
21378
56308
36775
18411
3829
49831
35249
30569
65499
60819
46237
35436
4830
35979
42371
57496
52816
8527
8798
22753
52732
43101
18616
8985
50036
60210
55530
10071
41219
56344
21957
32131
62110
42576
7019
53021
2610
37540
18007
14497
43306
63382
53751
3340
38270
7664
32692
48987
24502
4968
54752
25316
5782
11005
53226
43595
53769
33065
12362
42341
12905
44053
18399
59450
13990
43969
19484
50633
15076
53787
57840
53160
28675
37679
42901
48124
17518
27692
53889
59112
33457
7803
17976
8345
23470
43547
27794
12042
16095
20147
39054
24471
33475
42479
51483
56706
40953
5396
5667
15841
24845
10263
55095
54197
58249
62302
41599
20895
29899
43854
49077
54299
18742
33867
18115
54215
38462
58539
13079
12180
22354
42431
42702
62778
17319
11469
668
50451
29748
59727
18048
13368
3737
53521
61355
25798
5094
44975
14369
9690
32377
41381
15726
50656
49758
29054
18253
63086
47333
57507
31852
60661
63544
48962
33209
48334
37533
31684
40687
54643
49963
58967
38263
52218
30345
24495
49522
54745
13067
36924
45928
41248
46471
14695
8845
17849
56560
35857
9032
20647
24700
37485
47659
15883
39740
3013
52797
61801
15171
50101
8423
7524
61089
14459
49389
49661
43811
31840
14918
25092
47779
22124
60836
42743
46796
35995
59853
18174
58055
55987
29162
64092
21244
50053
28179
11257
51138
19362
38268
27467
41423
49256
12529
27654
61414
59346
6595
35404
37116
44950
29198
43153
43425
47477
20652
23535
11564
60178
53158
15261
47851
24808
44884
31743
4918
28776
11854
19687
37424
46428
44359
42291
40222
18349
63181
5479
8362
1342
14127
36815
5039
58604
41681
38443
55009
31966
190
27829
4785
32424
61233
54213
42242
4345
12179
24964
63675
7143
32171
9127
44057
41989
44871
32900
25881
39836
1938
29577
63337
60099
22202
15182
39040
45703
43635
46518
29595
7722
41482
28341
46077
14301
56794
58507
54098
21152
59863
45552
16388
44027
41958
63476
19457
47096
45028
7131
34769
11726
54219
47199
43960
41892
38653
756
13541
16424
23088
14898
52439
13372
61986
21749
24632
1588
12033
43453
43996
1148
17714
45353
26091
19071
4760
22497
63819
25922
1709
54104
27279
17919
13511
41149
51595
23600
6678
54122
57004
14156
50527
26314
56564
37302
34063
24703
19125
10935
63330
57752
27417
63789
14819
508
2221
59567
20500
12310
43730
3493
20060
31675
7461
49954
55448
51039
2070
49514
59959
30794
11532
63927
11176
42596
8480
46022
13076
13618
48820
19655
49905
30643
60893
41631
59368
50008
61623
22556
53976
3836
30305
56774
32561
13299
22574
46703
53367
48958
53282
40141
9807
447
15843
62117
36734
1448
9553
55827
41516
7400
59795
29461
25052
44230
3993
31903
26325
7062
63239
57660
42179
16796
56949
31565
6182
11676
61731
30226
54355
434
39417
44911
65259
25022
30516
59596
7116
58341
57714
3793
3166
9830
4252
39453
19021
60343
27669
8407
23803
34248
12646
31824
49832
49205
38675
28145
47323
45526
5289
30588
17718
9800
46171
29520
12869
48071
37541
10988
17923
21077
19280
48360
31709
7496
11820
16144
61248
6157
35237
49463
46496
14992
4462
7616
6989
38680
10957
30135
65336
7905
17181
41310
34561
3057
51942
15486
36105
9552
62218
20811
64745
43143
61150
53232
60167
43517
2110
10215
52979
45060
18507
26612
13743
51555
25002
24375
41213
43197
35278
43384
50319
2791
30701
58611
56814
8116
50880
24326
26310
65293
32618
60529
58732
48202
674
7609
60275
51187
42099
4473
46067
48051
9255
21142
13223
46085
4678
52393
18548
25484
17565
40524
43678
36930
11547
54311
57465
14888
8139
10123
38033
3019
49564
866
62265
2494
41477
14924
5835
17722
53194
24301
46090
46904
52670
40970
14688
26575
27389
31984
47652
48466
44329
48924
8959
60455
61269
1499
50655
5738
30138
16099
889
11606
59592
4773
60051
28818
18559
8301
23969
47199
45402
64851
59544
45504
45149
28769
53169
7082
57409
11322
6015
58953
11696
2879
58157
12070
19005
55648
54122
17937
10290
54496
39286
27858
52258
25976
45425
3120
62179
1238
9615
9259
16466
60671
44291
32863
62215
16128
37018
54127
61334
62420
4090
13637
14722
37953
1768
4024
12400
8535
65254
37802
19082
31240
58252
41872
33055
60067
12810
49724
60712
28309
59102
35431
47589
18967
32295
49404
25734
3233
41317
37451
8829
6134
23243
9475
27754
34961
50900
61888
41998
13376
60193
10596
27705
58498
24925
14938
36999
43035
39170
14329
9293
47377
58365
9938
19756
65403
26879
50109
5463
2768
32391
52111
58148
63015
50416
9552
5686
36479
7857
45043
32445
31190
55862
61899
38499
63171
38330
11150
45724
52931
10896
16933
36654
42690
15510
53865
30466
65040
40199
51459
3303
51561
61379
58955
51579
34301
65365
57990
61687
44408
34
8682
51989
33541
57043
10057
13754
36086
57248
28897
38986
46464
29186
65202
35681
22185
38395
47043
18693
31122
22576
59762
6655
4231
19271
29361
18475
33516
33703
27768
58833
46777
3573
14832
63090
64447
4049
47356
61227
19464
53139
27400
491
34166
2306
1323
27707
26724
43206
27370
45021
26845
29643
63319
53603
768
18420
16267
37700
29426
15030
57438
56455
10911
43417
51166
14354
27055
5097
6725
44182
63275
48880
46727
8745
8034
39369
7780
52800
2576
52546
24467
44730
62654
32235
62400
23249
11465
20655
17332
1767
24642
63540
65439
5313
8111
32156
26493
1296
36413
61628
54795
43011
5300
41859
59782
23242
9118
22090
1844
57936
53715
33469
58684
17192
47629
13700
38016
20111
36864
9328
34814
3496
36273
8737
62760
28831
59268
57386
56946
45433
63628
32310
56626
38992
55746
5793
57205
23276
50203
56155
54545
65449
56276
48544
11105
21738
20127
34812
60569
31863
25573
19011
47108
30916
61896
64338
44364
65170
35565
58711
59983
28937
11575
42283
42385
18630
12612
32248
56835
31910
45425
22212
7461
30878
27199
24690
46938
6260
6363
32391
26373
38989
46654
23170
62882
16084
8895
6658
46641
56646
43336
30026
44084
54360
13954
61229
44138
63147
20129
55162
49143
60861
21625
13537
4009
45162
22221
61035
34313
59714
28041
32467
794
18632
5322
15870
17685
11938
26538
35916
32780
15061
4906
8162
25102
8283
37465
44503
16611
25090
22225
46456
54936
43610
1407
17448
22146
49260
56298
15265
37428
39514
28188
34599
50640
45707
17188
7303
5880
39658
59481
51038
3883
37390
41461
36799
13502
31256
6789
56591
32396
6759
45759
55951
8170
40778
29995
49190
55872
49142
36290
20827
61269
25103
45740
2282
36332
34824
39437
30367
14005
54447
64012
45310
34171
20693
41601
33073
2130
29431
58173
51358
64348
12701
36492
9872
15299
4703
47401
21052
51236
17325
64974
58430
20738
11583
7379
6957
18150
53828
51608
31923
23040
20549
60279
26911
35764
2667
7739
59983
64427
38893
7238
13123
39713
56671
8093
63763
18966
26293
60716
19973
36304
46242
3158
6077
40771
2910
9881
13970
45698
60231
41277
28986
10574
894
49459
48241
6785
7279
14166
48149
58546
1609
15160
19080
56488
21069
15358
46645
2494
29101
346
63325
62209
63975
37832
63185
55320
11627
41033
494
57267
19882
57664
29012
47532
49129
33262
59344
41951
49314
19679
19124
2545
53757
47352
23126
28879
59303
19597
8071
39937
1587
15904
27880
43282
27806
57435
50879
25959
7703
26718
9276
21186
3304
53569
60359
60943
16152
29793
15083
37643
10962
17957
34498
57432
48506
31932
38776
37701
28081
27736
47654
40036
20905
53000
29563
25219
8464
49869
55904
60160
508
58805
18452
14029
13472
19832
61340
40207
59324
16174
38252
1169
65535
65535
65535
65535
65535
65535
65535
65535
65535
65535
65535
65535
65535
65535
65535
65535
65535
65535
65535
65535
65535
65535
65535
65535
65535
65535
65535
65535
65535
65535
65535
65535
65535
65535
65535
65535
65535
65535
65535
65535
65535
65535
65535
65535
65535
65535
65535
65535
65535
65535
65535
65535
65535
65535
65535
65535
65535
65535
65535
65535
65535
65535
65535
65535
65535
65535
65535
65535
65535
65535
65535
65535
65535
65535
65535
65535
65535
65535
65535
65535
65535
65535
65535
65535
65535
65535
65535
65535
65535
65535
65535
65535
65535
65535
65535
65535
65535
65535
65535
65535
65535
65535
65535
65535
65535
65535
65535
65535
65535
65535
65535
65535
65535
65535
65535
65535
65535
65535
65535
65535
65535
65535
65535
65535
65535
65535
65535
65535
65535
65535
65535
65535
65535
65535
65535
65535
65535
65535
65535
65535
65535
65535
65535
65535
65535
65535
65535
65535
65535
65535
65535
65535
65535
65535
65535
65535
65535
65535
65535
65535
65535
65535
65535
65535
65535
65535
65535
65535
65535
65535
65535
65535
65535
65535
65535
65535
65535
65535
65535
65535
65535
65535
65535
65535
65535
65535
65535
65535
65535
65535
65535
65535
65535
65535
65535
65535
65535
65535
65535
65535
65535
65535
65535
65535
65535
65535
65535
65535
65535
65535
65535
65535
65535
65535
65535
65535
65535
65535
65535
65535
65535
65535
65535
65535
65535
65535
65535
65535
65535
65535
65535
65535
65535
65535
65535
65535
65535
65535
65535
65535
65535
65535
65535
65535
65535
65535
65535
65535
65535
65535
65535
65535
65535
65535
65535
65535
65535
65535
65535
65535
65535
65535
65535
65535
65535
65535
65535
65535
65535
65535
65535
65535
65535
65535
65535
65535
65535
65535
65535
65535
65535
65535
65535
65535
65535
65535
65535
65535
65535
65535
65535
65535
65535
65535
65535
65535
65535
65535
65535
65535
65535
65535
65535
65535
65535
65535
65535
65535
65535
65535
65535
65535
65535
65535
65535
65535
65535
65535
65535
65535
65535
65535
65535
65535
65535
65535
65535
65535
65535
65535
65535
65535
65535
65535
65535
65535
65535
65535
65535
65535
65535
65535
65535
65535
65535
65535
65535
65535
65535
65535
65535
65535
65535
65535
65535
65535
65535
65535
65535
65535
65535
65535
65535
65535
65535
65535
65535
65535
65535
65535
65535
65535
65535
65535
65535
65535
65535
65535
65535
65535
65535
65535
65535
65535
65535
65535
65535
65535
65535
65535
65535
65535
65535
65535
65535
65535
65535
65535
65535
65535
65535
65535
65535
65535
65535
65535
65535
65535
65535
65535
65535
65535
65535
65535
65535
65535
65535
65535
65535
65535
65535
65535
65535
65535
65535
65535
65535
65535
65535
65535
65535
65535
65535
65535
65535
65535
65535
65535
65535
65535
65535
65535
65535
65535
65535
65535
65535
65535
65535
65535
65535
65535
65535
65535
65535
65535
65535
65535
65535
65535
65535
65535
65535
65535
65535
65535
65535
65535
65535
65535
65535
65535
65535
65535
65535
65535
65535
65535
65535
65535
65535
65535
65535
65535
65535
65535
65535
65535
65535
65535
65535
65535
65535
65535
65535
65535
65535
65535
65535
65535
65535
65535
65535
65535
65535
65535
65535
65535
65535
65535
65535
65535
65535
65535
65535
65535
65535
65535
65535
65535
65535
65535
65535
65535
65535
65535
65535
65535
65535
65535
65535
65535
65535
65535
65535
65535
65535
65535
65535
65535
65535
65535
65535
65535
65535
65535
65535
65535
65535
65535
65535
65535
65535
65535
65535
65535
65535
65535
65535
65535
65535
65535
65535
65535
65535
65535
65535
65535
65535
65535
65535
65535
65535
65535
65535
65535
65535
65535
65535
65535
65535
65535
65535
65535
65535
65535
65535
65535
65535
65535
65535
65535
65535
65535
65535
65535
65535
65535
65535
65535
65535
65535
65535
65535
65535
65535
65535
65535
65535
65535
65535
65535
65535
65535
65535
65535
65535
65535
65535
65535
65535
65535
65535
65535
65535
65535
65535
65535
65535
65535
65535
65535
65535
65535
65535
65535
65535
65535
65535
65535
65535
65535
65535
65535
65535
65535
65535
65535
65535
65535
65535
65535
65535
65535
65535
65535
65535
65535
65535
65535
65535
65535
65535
65535
65535
65535
65535
65535
65535
65535
65535
65535
65535
65535
65535
65535
65535
65535
65535
65535
65535
65535
65535
65535
65535
65535
65535
65535
65535
65535
65535
65535
65535
65535
65535
65535
65535
65535
65535
65535
65535
65535
65535
65535
65535
65535
65535
65535
65535
65535
65535
65535
65535
65535
65535
65535
65535
65535
65535
65535
65535
65535
65535
65535
65535
65535
65535
65535
65535
65535
65535
65535
65535
65535
65535
65535
65535
65535
65535
65535
65535
65535
65535
65535
65535
65535
65535
65535
65535
65535
65535
65535
65535
65535
65535
65535
65535
65535
65535
65535
65535
65535
65535
65535
65535
65535
65535
65535
65535
65535
65535
65535
65535
65535
65535
65535
65535
65535
65535
65535
65535
65535
65535
65535
65535
65535
65535
65535
65535
65535
65535
65535
65535
65535
65535
65535
65535
65535
65535
65535
65535
65535
65535
65535
65535
65535
65535
65535
65535
65535
65535
65535
65535
65535
65535
65535
65535
65535
65535
65535
65535
65535
65535
65535
65535
65535
65535
65535
65535
65535
65535
65535
65535
65535
65535
65535
65535
65535
65535
65535
65535
65535
65535
65535
65535
65535
65535
65535
65535
65535
65535
65535
65535
65535
65535
65535
65535
65535
65535
65535
65535
65535
65535
65535
65535
65535
65535
65535
65535
65535
65535
65535
65535
65535
65535
65535
65535
65535
65535
65535
65535
65535
65535
65535
65535
65535
65535
65535
65535
65535
65535
65535
65535
65535
65535
65535
65535
65535
65535
65535
65535
65535
65535
65535
65535
65535
65535
65535
65535
65535
65535
65535
65535
65535
65535
65535
65535
65535
65535
65535
65535
65535
65535
65535
65535
65535
65535
65535
65535
65535
65535
65535
65535
65535
65535
65535
65535
65535
65535
65535
65535
65535
65535
65535
65535
65535
65535
65535
65535
65535
65535
65535
65535
65535
65535
65535
65535
65535
65535
65535
65535
65535
65535
65535
65535
65535
65535
65535
65535
65535
65535
65535
65535
65535
65535
65535
65535
65535
65535
65535
65535
65535
65535
65535
65535
65535
65535
65535
65535
65535
65535
65535
65535
65535
65535
65535
65535
65535
65535
65535
65535
65535
65535
65535
65535
65535
65535
65535
65535
65535
65535
65535
65535
65535
65535
65535
65535
65535
65535
65535
65535
65535
65535
65535
65535
65535
65535
65535
65535
65535
65535
65535
65535
65535
65535
65535
65535
65535
65535
65535
65535
65535
65535
65535
65535
65535
65535
65535
65535
65535
65535
65535
65535
65535
65535
65535
65535
65535
65535
65535
65535
65535
65535
65535
65535
65535
65535
65535
65535
65535
65535
65535
65535
65535
65535
65535
65535
65535
65535
65535
65535
65535
65535
65535
65535
65535
65535
65535
65535
65535
65535
65535
65535
65535
65535
65535
65535
65535
65535
65535
65535
65535
65535
65535
65535
65535
65535
65535
65535
65535
65535
65535
65535
65535
65535
65535
65535
65535
65535
65535
65535
65535
65535
65535
65535
65535
65535
65535
65535
65535
65535
65535
65535
65535
65535
65535
65535
65535
65535
65535
65535
65535
65535
65535
65535
65535
65535
65535
65535
65535
65535
65535
65535
65535
65535
65535
65535
65535
65535
65535
65535
65535
65535
65535
65535
65535
65535
65535
65535
65535
65535
65535
65535
65535
65535
65535
65535
65535
65535
65535
65535
65535
65535
65535
65535
65535
65535
65535
65535
65535
65535
65535
65535
65535
65535
65535
65535
65535
65535
65535
65535
65535
65535
65535
65535
65535
65535
65535
65535
65535
65535
65535
65535
65535
65535
65535
65535
65535
65535
65535
65535
65535
65535
65535
65535
65535
65535
65535
65535
65535
65535
65535
65535
65535
65535
65535
65535
65535
65535
65535
65535
65535
65535
65535
65535
65535
65535
65535
65535
65535
65535
65535
65535
65535
65535
65535
65535
65535
65535
65535
65535
65535
65535
65535
65535
65535
65535
65535
65535
65535
65535
65535
65535
65535
65535
65535
65535
65535
65535
65535
65535
65535
65535
65535
65535
65535
65535
65535
65535
65535
65535
65535
65535
65535
65535
65535
65535
65535
65535
65535
65535
65535
65535
65535
65535
65535
65535
65535
65535
65535
65535
65535
65535
65535
65535
65535
65535
65535
65535
65535
65535
65535
65535
65535
65535
65535
65535
65535
65535
65535
65535
65535
65535
65535
65535
65535
65535
65535
65535
65535
65535
65535
65535
65535
65535
65535
65535
65535
65535
65535
65535
65535
65535
65535
65535
65535
65535
65535
65535
65535
65535
65535
65535
65535
65535
65535
65535
65535
65535
65535
65535
65535
65535
65535
65535
65535
65535
65535
65535
65535
65535
65535
65535
65535
65535
65535
65535
65535
65535
65535
65535
65535
65535
65535
65535
65535
65535
65535
65535
65535
65535
65535
65535
65535
65535
65535
65535
65535
65535
65535
65535
65535
65535
65535
65535
65535
65535
65535
65535
65535
65535
65535
65535
65535
65535
65535
65535
65535
65535
65535
65535
65535
65535
65535
65535
65535
65535
65535
65535
65535
65535
65535
65535
65535
65535
65535
65535
65535
65535
65535
65535
65535
65535
65535
65535
65535
65535
65535
65535
65535
65535
65535
65535
65535
65535
65535
65535
65535
65535
65535
65535
65535
65535
65535
65535
65535
65535
65535
65535
65535
65535
65535
65535
65535
65535
65535
65535
65535
65535
65535
65535
65535
65535
65535
65535
65535
65535
65535
65535
65535
65535
65535
65535
65535
65535
65535
65535
65535
65535
65535
65535
65535
65535
65535
65535
65535
65535
65535
65535
65535
65535
65535
65535
65535
65535
65535
65535
65535
65535
65535
65535
65535
65535
65535
65535
65535
65535
65535
65535
65535
65535
65535
65535
65535
65535
65535
65535
65535
65535
65535
65535
65535
65535
65535
65535
65535
65535
65535
65535
65535
65535
65535
65535
65535
65535
65535
65535
65535
65535
65535
65535
65535
65535
65535
65535
65535
65535
65535
65535
65535
65535
65535
65535
65535
65535
65535
65535
65535
65535
65535
65535
65535
65535
65535
65535
65535
65535
65535
65535
65535
65535
65535
65535
65535
65535
65535
65535
65535
65535
65535
65535
65535
65535
65535
65535
65535
65535
65535
65535
65535
65535
65535
65535
65535
65535
65535
65535
65535
65535
65535
65535
65535
65535
65535
65535
65535
65535
65535
65535
65535
65535
65535
65535
65535
65535
65535
65535
65535
65535
65535
65535
65535
65535
65535
65535
65535
65535
65535
65535
65535
65535
65535
65535
65535
65535
65535
65535
65535
65535
65535
65535
65535
65535
65535
65535
65535
65535
65535
65535
65535
65535
65535
65535
65535
65535
65535
65535
65535
65535
65535
65535
65535
65535
65535
65535
65535
65535
65535
65535
65535
65535
65535
65535
65535
65535
65535
65535
65535
65535
65535
65535
65535
65535
65535
65535
65535
65535
65535
65535
65535
65535
65535
65535
65535
65535
65535
65535
65535
65535
65535
65535
65535
65535
65535
65535
65535
65535
65535
65535
65535
65535
65535
65535
65535
65535
65535
65535
65535
65535
65535
65535
65535
65535
65535
65535
65535
65535
65535
65535
65535
65535
65535
65535
65535
65535
65535
65535
65535
65535
65535
65535
65535
65535
65535
65535
65535
65535
65535
65535
65535
65535
65535
65535
65535
65535
65535
65535
65535
65535
65535
65535
65535
65535
65535
65535
65535
65535
65535
65535
65535
65535
65535
65535
65535
65535
65535
65535
65535
65535
65535
65535
65535
65535
65535
65535
65535
65535
65535
65535
65535
65535
65535
65535
65535
65535
65535
65535
65535
65535
65535
65535
65535
65535
65535
65535
65535
65535
65535
65535
65535
65535
65535
65535
65535
65535
65535
65535
65535
65535
65535
65535
65535
65535
65535
65535
65535
65535
65535
65535
65535
65535
65535
65535
65535
65535
65535
65535
65535
65535
65535
65535
65535
65535
65535
65535
65535
65535
65535
65535
65535
65535
65535
65535
65535
65535
65535
65535
65535
65535
65535
65535
65535
65535
65535
65535
65535
65535
65535
65535
65535
65535
65535
65535
65535
65535
65535
65535
65535
65535
65535
65535
65535
65535
65535
65535
65535
65535
65535
65535
65535
65535
65535
65535
65535
65535
65535
65535
65535
65535
65535
65535
65535
65535
65535
65535
65535
65535
65535
65535
65535
65535
65535
65535
65535
65535
65535
65535
65535
65535
65535
65535
65535
65535
65535
65535
65535
65535
65535
65535
65535
65535
65535
65535
65535
65535
65535
65535
65535
65535
65535
65535
65535
65535
65535
65535
65535
65535
65535
65535
65535
65535
65535
65535
65535
65535
65535
65535
65535
65535
65535
65535
65535
65535
65535
65535
65535
65535
65535
65535
65535
65535
65535
65535
65535
65535
65535
65535
65535
65535
65535
65535
65535
65535
65535
65535
65535
65535
65535
65535
65535
65535
65535
65535
65535
65535
65535
65535
65535
65535
65535
65535
65535
65535
65535
65535
65535
65535
65535
65535
65535
65535
65535
65535
65535
65535
65535
65535
65535
65535
65535
65535
65535
65535
65535
65535
65535
65535
65535
65535
65535
65535
65535
65535
65535
65535
65535
65535
65535
65535
65535
65535
65535
65535
65535
65535
65535
65535
65535
65535
65535
65535
65535
65535
65535
65535
65535
65535
65535
65535
65535
65535
65535
65535
65535
65535
65535
65535
65535
65535
65535
65535
65535
65535
65535
65535
65535
65535
65535
65535
65535
65535
65535
65535
65535
65535
65535
65535
65535
65535
65535
65535
65535
65535
65535
65535
65535
65535
65535
65535
65535
65535
65535
65535
65535
65535
65535
65535
65535
65535
65535
65535
65535
65535
65535
65535
65535
65535
65535
65535
65535
65535
65535
65535
65535
65535
65535
65535
65535
65535
65535
65535
65535
65535
65535
65535
65535
65535
65535
65535
65535
65535
65535
65535
65535
65535
65535
65535
65535
65535
65535
65535
65535
65535
65535
65535
65535
65535
65535
65535
65535
65535
65535
65535
65535
65535
65535
65535
65535
65535
65535
65535
65535
65535
65535
65535
65535
65535
65535
65535
65535
65535
65535
65535
65535
65535
65535
65535
65535
65535
65535
65535
65535
65535
65535
65535
65535
65535
65535
65535
65535
65535
65535
65535
65535
65535
65535
65535
65535
65535
65535
65535
65535
65535
65535
65535
65535
65535
65535
65535
65535
65535
65535
65535
65535
65535
65535
65535
65535
65535
65535
65535
65535
65535
65535
65535
65535
65535
65535
65535
65535
65535
65535
65535
65535
65535
65535
65535
65535
65535
65535
65535
65535
65535
65535
65535
65535
65535
65535
65535
65535
65535
65535
65535
65535
65535
65535
65535
65535
65535
65535
65535
65535
65535
65535
65535
65535
65535
65535
65535
65535
65535
65535
65535
65535
65535
65535
65535
65535
65535
65535
65535
65535
65535
65535
65535
65535
65535
65535
65535
65535
65535
65535
65535
65535
65535
65535
65535
65535
65535
65535
65535
65535
65535
65535
65535
65535
65535
65535
65535
65535
65535
65535
65535
65535
65535
65535
65535
65535
65535
65535
65535
65535
65535
65535
65535
65535
65535
65535
65535
65535
65535
65535
65535
65535
65535
65535
65535
65535
65535
65535
65535
65535
65535
65535
65535
65535
65535
65535
65535
65535
65535
65535
65535
65535
65535
65535
65535
65535
65535
65535
65535
65535
65535
65535
65535
65535
65535
65535
65535
65535
65535
65535
65535
65535
65535
65535
65535
65535
65535
65535
65535
65535
65535
65535
65535
65535
65535
65535
65535
65535
65535
65535
65535
65535
65535
65535
65535
65535
65535
65535
65535
65535
65535
65535
65535
65535
65535
65535
65535
65535
65535
65535
65535
65535
65535
65535
65535
65535
65535
65535
65535
65535
65535
65535
65535
65535
65535
65535
65535
65535
65535
65535
65535
65535
65535
65535
65535
65535
65535
65535
65535
65535
65535
65535
65535
65535
65535
65535
65535
65535
65535
65535
65535
65535
65535
65535
65535
65535
65535
65535
65535
65535
65535
65535
65535
65535
65535
65535
65535
65535
65535
65535
65535
65535
65535
65535
65535
65535
65535
65535
65535
65535
65535
65535
65535
65535
65535
65535
65535
65535
65535
65535
65535
65535
65535
65535
65535
65535
65535
65535
65535
65535
65535
65535
65535
65535
65535
65535
65535
65535
65535
65535
65535
65535
65535
65535
65535
65535
65535
65535
65535
65535
65535
65535
65535
65535
65535
65535
65535
65535
65535
65535
65535
65535
65535
65535
65535
65535
65535
65535
65535
65535
65535
65535
65535
65535
65535
65535
65535
65535
65535
65535
65535
65535
65535
65535
65535
65535
65535
65535
65535
65535
65535
65535
65535
65535
65535
65535
65535
65535
65535
65535
65535
65535
65535
65535
65535
65535
65535
65535
65535
65535
65535
65535
65535
65535
65535
65535
65535
65535
65535
65535
65535
65535
65535
65535
65535
65535
65535
65535
65535
65535
65535
65535
65535
65535
65535
65535
65535
65535
65535
65535
65535
65535
65535
65535
65535
65535
65535
65535
65535
65535
65535
65535
65535
65535
65535
65535
65535
65535
65535
65535
65535
65535
65535
65535
65535
65535
65535
65535
65535
65535
65535
65535
65535
65535
65535
65535
65535
65535
65535
65535
65535
65535
65535
65535
65535
65535
65535
65535
65535
65535
65535
65535
65535
65535
65535
65535
65535
65535
65535
65535
65535
65535
65535
65535
65535
65535
65535
65535
65535
65535
65535
65535
65535
65535
65535
65535
65535
65535
65535
65535
65535
65535
65535
65535
65535
65535
65535
65535
65535
65535
65535
65535
65535
65535
65535
65535
65535
65535
65535
65535
65535
65535
65535
65535
65535
65535
65535
65535
65535
65535
65535
65535
65535
65535
65535
65535
65535
65535
65535
65535
65535
65535
65535
65535
65535
65535
65535
65535
65535
65535
65535
65535
65535
65535
65535
65535
65535
65535
65535
65535
65535
65535
65535
65535
65535
65535
65535
65535
65535
65535
65535
65535
65535
65535
65535
65535
65535
65535
65535
65535
65535
65535
65535
65535
65535
65535
65535
65535
65535
65535
65535
65535
65535
65535
65535
65535
65535
65535
65535
65535
65535
65535
65535
65535
65535
65535
65535
65535
65535
65535
65535
65535
65535
65535
65535
65535
65535
65535
65535
65535
65535
65535
65535
65535
65535
65535
65535
65535
65535
65535
65535
65535
65535
65535
65535
65535
65535
65535
65535
65535
65535
65535
65535
65535
65535
65535
65535
65535
65535
65535
65535
65535
65535
65535
65535
65535
65535
65535
65535
65535
65535
65535
65535
65535
65535
65535
65535
65535
65535
65535
65535
65535
65535
65535
65535
65535
65535
65535
65535
65535
65535
65535
65535
65535
65535
65535
65535
65535
65535
65535
65535
65535
65535
65535
65535
65535
65535
65535
65535
65535
65535
65535
65535
65535
65535
65535
65535
65535
65535
65535
65535
65535
65535
65535
65535
65535
65535
65535
65535
65535
65535
65535
65535
65535
65535
65535
65535
65535
65535
65535
65535
65535
65535
65535
65535
65535
65535
65535
65535
65535
65535
65535
65535
65535
65535
65535
65535
65535
65535
65535
65535
65535
65535
65535
65535
65535
65535
65535
65535
65535
65535
65535
65535
65535
65535
65535
65535
65535
65535
65535
65535
65535
65535
65535
65535
65535
65535
65535
65535
65535
65535
65535
65535
65535
65535
65535
65535
65535
65535
65535
65535
65535
65535
65535
65535
65535
65535
65535
65535
65535
65535
65535
65535
65535
65535
65535
65535
65535
65535
65535
65535
65535
65535
65535
65535
65535
65535
65535
65535
65535
65535
65535
65535
65535
65535
65535
65535
65535
65535
65535
65535
65535
65535
65535
65535
65535
65535
65535
65535
65535
65535
65535
65535
65535
65535
65535
65535
65535
65535
65535
65535
65535
65535
65535
65535
65535
65535
65535
65535
65535
65535
65535
65535
65535
65535
65535
65535
65535
65535
65535
65535
65535
65535
65535
65535
65535
65535
65535
65535
65535
65535
65535
65535
65535
65535
65535
65535
65535
65535
65535
65535
65535
65535
65535
65535
65535
65535
65535
65535
65535
65535
65535
65535
65535
65535
65535
65535
65535
65535
65535
65535
65535
65535
65535
65535
65535
65535
65535
65535
65535
65535
65535
65535
65535
65535
65535
65535
65535
65535
65535
65535
65535
65535
65535
65535
65535
65535
65535
65535
65535
65535
65535
65535
65535
65535
65535
65535
65535
65535
65535
65535
65535
65535
65535
65535
65535
65535
65535
65535
65535
65535
65535
65535
65535
65535
65535
65535
65535
65535
65535
65535
65535
65535
65535
65535
65535
65535
65535
65535
65535
65535
65535
65535
65535
65535
65535
65535
65535
65535
65535
65535
65535
65535
65535
65535
65535
65535
65535
65535
65535
65535
65535
65535
65535
65535
65535
65535
65535
65535
65535
65535
65535
65535
65535
65535
65535
65535
65535
65535
65535
65535
65535
65535
65535
65535
65535
65535
65535
65535
65535
65535
65535
65535
65535
65535
65535
65535
65535
65535
65535
65535
65535
65535
65535
65535
65535
65535
65535
65535
65535
65535
65535
65535
65535
65535
65535
65535
65535
65535
65535
65535
65535
65535
65535
65535
65535
65535
65535
65535
65535
65535
65535
65535
65535
65535
65535
65535
65535
65535
65535
65535
65535
65535
65535
65535
65535
65535
65535
65535
65535
65535
65535
65535
65535
65535
65535
65535
65535
65535
65535
65535
65535
65535
65535
65535
65535
65535
65535
65535
65535
65535
65535
65535
65535
65535
65535
65535
65535
65535
65535
65535
65535
65535
65535
65535
65535
65535
65535
65535
65535
65535
65535
65535
65535
65535
65535
65535
65535
65535
65535
65535
65535
65535
65535
65535
65535
65535
65535
65535
65535
65535
65535
65535
65535
65535
65535
65535
65535
65535
65535
65535
65535
65535
65535
65535
65535
65535
65535
65535
65535
65535
65535
65535
65535
65535
65535
65535
65535
65535
65535
65535
65535
65535
65535
65535
65535
65535
65535
65535
65535
65535
65535
65535
65535
65535
65535
65535
65535
65535
65535
65535
65535
65535
65535
65535
65535
65535
65535
65535
65535
65535
65535
65535
65535
65535
65535
65535
65535
65535
65535
65535
65535
65535
65535
65535
65535
65535
65535
65535
65535
65535
65535
65535
65535
65535
65535
65535
65535
65535
65535
65535
65535
65535
65535
65535
65535
65535
65535
65535
65535
65535
65535
65535
65535
65535
65535
65535
65535
65535
65535
65535
65535
65535
65535
65535
65535
65535
65535
65535
65535
65535
65535
65535
65535
65535
65535
65535
65535
65535
65535
65535
65535
65535
65535
65535
65535
65535
65535
65535
65535
65535
65535
65535
65535
65535
65535
65535
65535
65535
65535
65535
65535
65535
65535
65535
65535
65535
65535
65535
65535
65535
65535
65535
65535
65535
65535
65535
65535
65535
65535
65535
65535
65535
65535
65535
65535
65535
65535
65535
65535
65535
65535
65535
65535
65535
65535
65535
65535
65535
65535
65535
65535
65535
65535
65535
65535
65535
65535
65535
65535
65535
65535
65535
65535
65535
65535
65535
65535
65535
65535
65535
65535
65535
65535
65535
65535
65535
65535
65535
65535
65535
65535
65535
65535
65535
65535
65535
65535
65535
65535
65535
65535
65535
65535
65535
65535
65535
65535
65535
65535
65535
65535
65535
65535
65535
65535
65535
65535
65535
65535
65535
65535
65535
65535
65535
65535
65535
65535
65535
65535
65535
65535
65535
65535
65535
65535
65535
65535
65535
65535
65535
65535
65535
65535
65535
65535
65535
65535
65535
65535
65535
65535
65535
65535
65535
65535
65535
65535
65535
65535
65535
65535
65535
65535
65535
65535
65535
65535
65535
65535
65535
65535
65535
65535
65535
65535
65535
65535
65535
65535
65535
65535
65535
65535
65535
65535
65535
65535
65535
65535
65535
65535
65535
65535
65535
65535
65535
65535
65535
65535
65535
65535
65535
65535
65535
65535
65535
65535
65535
65535
65535
65535
65535
65535
65535
65535
65535
65535
65535
65535
65535
65535
65535
65535
65535
65535
65535
65535
65535
65535
65535
65535
65535
65535
65535
65535
65535
65535
65535
65535
65535
65535
65535
65535
65535
65535
65535
65535
65535
65535
65535
65535
65535
65535
65535
65535
65535
65535
65535
65535
65535
65535
65535
65535
65535
65535
65535
65535
65535
65535
65535
65535
65535
65535
65535
65535
65535
65535
65535
65535
65535
65535
65535
65535
65535
65535
65535
65535
65535
65535
65535
65535
65535
65535
65535
65535
65535
65535
65535
65535
65535
65535
65535
65535
65535
65535
65535
65535
65535
65535
65535
65535
65535
65535
65535
65535
65535
65535
65535
65535
65535
65535
65535
65535
65535
65535
65535
65535
65535
65535
65535
65535
65535
65535
65535
65535
65535
65535
65535
65535
65535
65535
65535
65535
65535
65535
65535
65535
65535
65535
65535
65535
65535
65535
65535
65535
65535
65535
65535
65535
65535
65535
65535
65535
65535
65535
65535
65535
65535
65535
65535
65535
65535
65535
65535
65535
65535
65535
65535
65535
65535
65535
65535
65535
65535
65535
65535
65535
65535
65535
65535
65535
65535
65535
65535
65535
65535
65535
65535
65535
65535
65535
65535
65535
65535
65535
65535
65535
65535
65535
65535
65535
65535
65535
65535
65535
65535
65535
65535
65535
65535
65535
65535
65535
65535
65535
65535
65535
65535
65535
65535
65535
65535
65535
65535
65535
65535
65535
65535
65535
65535
65535
65535
65535
65535
65535
65535
65535
65535
65535
65535
65535
65535
65535
65535
65535
65535
65535
65535
65535
65535
65535
65535
65535
65535
65535
65535
65535
65535
65535
65535
65535
65535
65535
65535
65535
65535
65535
65535
65535
65535
65535
65535
65535
65535
65535
65535
65535
65535
65535
65535
65535
65535
65535
65535
65535
65535
65535
65535
65535
65535
65535
65535
65535
65535
65535
65535
65535
65535
65535
65535
65535
65535
65535
65535
65535
65535
65535
65535
65535
65535
65535
65535
65535
65535
65535
65535
65535
65535
65535
65535
65535
65535
65535
65535
65535
65535
65535
65535
65535
65535
65535
65535
65535
65535
65535
65535
65535
65535
65535
65535
65535
65535
65535
65535
65535
65535
65535
65535
65535
65535
65535
65535
65535
65535
65535
65535
65535
65535
65535
65535
65535
65535
65535
65535
65535
65535
65535
65535
65535
65535
65535
65535
65535
65535
65535
65535
65535
65535
65535
65535
65535
65535
65535
65535
65535
65535
65535
65535
65535
65535
65535
65535
65535
65535
65535
65535
65535
65535
65535
65535
65535
65535
65535
65535
65535
65535
65535
65535
65535
65535
65535
65535
65535
65535
65535
65535
65535
65535
65535
65535
65535
65535
65535
65535
65535
65535
65535
65535
65535
65535
65535
65535
65535
65535
65535
65535
65535
65535
65535
65535
65535
65535
65535
65535
65535
65535
65535
65535
65535
65535
65535
65535
65535
65535
65535
65535
65535
65535
65535
65535
65535
65535
65535
65535
65535
65535
65535
65535
65535
65535
65535
65535
65535
65535
65535
65535
65535
65535
65535
65535
65535
65535
65535
65535
65535
65535
65535
65535
65535
65535
65535
65535
65535
65535
65535
65535
65535
65535
65535
65535
65535
65535
65535
65535
65535
65535
65535
65535
65535
65535
65535
65535
65535
65535
65535
65535
65535
65535
65535
65535
65535
65535
65535
65535
65535
65535
65535
65535
65535
65535
65535
65535
65535
65535
65535
65535
65535
65535
65535
65535
65535
65535
65535
65535
65535
65535
65535
65535
65535
65535
65535
65535
65535
65535
65535
65535
65535
65535
65535
65535
65535
65535
65535
65535
65535
65535
65535
65535
65535
65535
65535
65535
65535
65535
65535
65535
65535
65535
65535
65535
65535
65535
65535
65535
65535
65535
65535
65535
65535
65535
65535
65535
65535
65535
65535
65535
65535
65535
65535
65535
65535
65535
65535
65535
65535
65535
65535
65535
65535
65535
65535
65535
65535
65535
65535
65535
65535
65535
65535
65535
65535
65535
65535
65535
65535
65535
65535
65535
65535
65535
65535
65535
65535
65535
65535
65535
65535
65535
65535
65535
65535
65535
65535
65535
65535
65535
65535
65535
65535
65535
65535
65535
65535
65535
65535
65535
65535
65535
65535
65535
65535
65535
65535
65535
65535
65535
65535
65535
65535
65535
65535
65535
65535
65535
65535
65535
65535
65535
65535
65535
65535
65535
65535
65535
65535
65535
65535
65535
65535
65535
65535
65535
65535
65535
65535
65535
65535
65535
65535
65535
65535
65535
65535
65535
65535
65535
65535
65535
65535
65535
65535
65535
65535
65535
65535
65535
65535
65535
65535
65535
65535
65535
65535
65535
65535
65535
65535
65535
65535
65535
65535
65535
65535
65535
65535
65535
65535
65535
65535
65535
65535
65535
65535
65535
65535
65535
65535
65535
65535
65535
65535
65535
65535
65535
65535
65535
65535
65535
65535
65535
65535
65535
65535
65535
65535
65535
65535
65535
65535
65535
65535
65535
65535
65535
65535
65535
65535
65535
65535
65535
65535
65535
65535
65535
65535
65535
65535
65535
65535
65535
65535
65535
65535
65535
65535
65535
65535
65535
65535
65535
65535
65535
65535
65535
65535
65535
65535
65535
65535
65535
65535
65535
65535
65535
65535
65535
65535
65535
65535
65535
65535
65535
65535
65535
65535
65535
65535
65535
65535
65535
65535
65535
65535
65535
65535
65535
65535
65535
65535
65535
65535
65535
65535
65535
65535
65535
65535
65535
65535
65535
65535
65535
65535
65535
65535
65535
65535
65535
65535
65535
65535
65535
65535
65535
65535
65535
65535
65535
65535
65535
65535
65535
65535
65535
65535
65535
65535
65535
65535
65535
65535
65535
65535
65535
65535
65535
65535
65535
65535
65535
65535
65535
65535
65535
65535
65535
65535
65535
65535
65535
65535
65535
65535
65535
65535
65535
65535
65535
65535
65535
65535
65535
65535
65535
65535
65535
65535
65535
65535
65535
65535
65535
65535
65535
65535
65535
65535
65535
65535
65535
65535
65535
65535
65535
65535
65535
65535
65535
65535
65535
65535
65535
65535
65535
65535
65535
65535
65535
65535
65535
65535
65535
65535
65535
65535
65535
65535
65535
65535
65535
65535
65535
65535
65535
65535
65535
65535
65535
65535
65535
65535
65535
65535
65535
65535
65535
65535
65535
65535
65535
65535
65535
65535
65535
65535
65535
65535
65535
65535
65535
65535
65535
65535
65535
65535
65535
65535
65535
65535
65535
65535
65535
65535
65535
65535
65535
65535
65535
65535
65535
65535
65535
65535
65535
65535
65535
65535
65535
65535
65535
65535
65535
65535
65535
65535
65535
65535
65535
65535
65535
65535
65535
65535
65535
65535
65535
65535
65535
65535
65535
65535
65535
65535
65535
65535
65535
65535
65535
65535
65535
65535
65535
65535
65535
65535
65535
65535
65535
65535
65535
65535
65535
65535
65535
65535
65535
65535
65535
65535
65535
65535
65535
65535
65535
65535
65535
65535
65535
65535
65535
65535
65535
65535
65535
65535
65535
65535
65535
65535
65535
65535
65535
65535
65535
65535
65535
65535
65535
65535
65535
65535
65535
65535
65535
65535
65535
65535
65535
65535
65535
65535
65535
65535
65535
65535
65535
65535
65535
65535
65535
65535
65535
65535
65535
65535
65535
65535
65535
65535
65535
65535
65535
65535
65535
65535
65535
65535
65535
65535
65535
65535
65535
65535
65535
65535
65535
65535
65535
65535
65535
65535
65535
65535
65535
65535
65535
65535
65535
65535
65535
65535
65535
65535
65535
65535
65535
65535
65535
65535
65535
65535
65535
65535
65535
65535
65535
65535
65535
65535
65535
65535
65535
65535
65535
65535
65535
65535
65535
65535
65535
65535
65535
65535
65535
65535
65535
65535
65535
65535
65535
65535
65535
65535
65535
65535
65535
65535
65535
65535
65535
65535
65535
65535
65535
65535
65535
65535
65535
65535
65535
65535
65535
65535
65535
65535
65535
65535
65535
65535
65535
65535
65535
65535
65535
65535
65535
65535
65535
65535
65535
65535
65535
65535
65535
65535
65535
65535
65535
65535
65535
65535
65535
65535
65535
65535
65535
65535
65535
65535
65535
65535
65535
65535
65535
65535
65535
65535
65535
65535
65535
65535
65535
65535
65535
65535
65535
65535
65535
65535
65535
65535
65535
65535
65535
65535
65535
65535
65535
65535
65535
65535
65535
65535
65535
65535
65535
65535
65535
65535
65535
65535
65535
65535
65535
65535
65535
65535
65535
65535
65535
65535
65535
65535
65535
65535
65535
65535
65535
65535
65535
65535
65535
65535
65535
65535
65535
65535
65535
65535
65535
65535
65535
65535
65535
65535
65535
65535
65535
65535
65535
65535
65535
65535
65535
65535
65535
65535
65535
65535
65535
65535
65535
65535
65535
65535
65535
65535
65535
65535
65535
65535
65535
65535
65535
65535
65535
65535
65535
65535
65535
65535
65535
65535
65535
65535
65535
65535
65535
65535
65535
65535
65535
65535
65535
65535
65535
65535
65535
65535
65535
65535
65535
65535
65535
65535
65535
65535
65535
65535
65535
65535
65535
65535
65535
65535
65535
65535
65535
65535
65535
65535
65535
65535
65535
65535
65535
65535
65535
65535
65535
65535
65535
65535
65535
65535
65535
65535
65535
65535
65535
65535
65535
65535
65535
65535
65535
65535
65535
65535
65535
65535
65535
65535
65535
65535
65535
65535
65535
65535
65535
65535
65535
65535
65535