0
1
2
2
3
3
5
7
8
10
11
13
14
16
16
18
19
20
21
23
24
26
28
29
31
32
34
36
38
39
42
44
46
48
49
52
54
57
59
61
63
65
66
68
71
73
76
79
80
83
86
89
91
92
96
98
101
103
105
108
110
111
114
116
118
120
123
125
128
130
132
135
138
141
143
146
148
151
153
157
159
162
164
167
171
173
176
179
181
184
187
189
191
194
197
200
203
206
210
213
216
219
221
225
229
232
234
237
240
243
245
247
250
253
256
259
261
263
266
269
271
274
277
280
282
284
287
290
292
295
296
299
302
304
306
309
311
315
317
319
321
325
327
329
332
335
338
340
343
344
347
350
352
355
357
359
362
364
366
369
371
373
375
378
380
382
384
386
388
390
392
394
396
398
400
402
404
407
409
411
412
415
418
420
422
424
426
428
430
433
435
437
439
442
444
446
448
450
451
454
456
458
460
462
464
466
468
470
472
474
477
479
480
482
484
486
487
490
491
494
496
498
500
502
504
506
507
509
511
513
515
517
519
521
523
525
527
529
531
533
535
537
539
540
542
544
546
548
550
552
553
555
556
558
560
562
564
566
568
570
571
574
576
577
579
580
582
584
585
587
589
591
593
594
596
598
600
602
604
606
608
609
612
613
615
617
619
621
623
625
627
628
629
631
633
634
636
638
640
642
644
646
647
649
651
653
654
655
658
660
661
663
665
666
668
671
673
675
677
678
680
682
684
685
688
689
691
693
695
698
699
701
702
704
705
707
708
709
711
712
714
716
717
719
720
722
724
725
727
729
731
732
734
735
737
739
741
742
744
746
747
749
751
753
755
756
758
760
762
763
765
767
769
771
773
775
776
778
780
782
785
786
788
790
792
793
795
798
800
803
804
805
807
810
812
813
816
817
819
820
822
824
826
828
830
832
834
836
839
841
843
844
846
849
851
853
855
856
858
860
861
864
865
867
869
872
873
875
877
880
882
884
885
887
889
891
893
895
897
899
901
903
905
907
909
911
912
915
917
918
920
922
924
926
928
930
932
933
935
936
939
941
943
945
947
949
951
953
954
957
959
961
963
966
968
969
971
973
976
978
980
982
984
986
988
989
991
993
995
996
998
1000
1003
1005
1006
1008
1010
1012
1014
1016
1019
1020
1023
1025
1027
1029
1031
1032
1035
1036
1038
1040
1042
1045
1047
1049
1052
1054
1056
1058
1061
1063
1064
1066
1068
1070
1072
1073
1075
1078
1080
1082
1084
1086
1088
1091
1093
1095
1097
1099
1102
1104
1106
1109
1111
1113
1115
1118
1120
1123
1124
1126
1127
1130
1133
1134
1137
1139
1141
1142
1145
1147
1150
1151
1153
1155
1158
1160
1162
1164
1166
1168
1170
1173
1175
1178
1180
1182
1184
1187
1189
1191
1194
1196
1198
1201
1203
1205
1209
1211
1214
1216
1218
1220
1222
1225
1228
1231
1234
1236
1239
1241
1243
1245
1247
1249
1251
1254
1256
1258
1261
1264
1266
1269
1271
1273
1276
1277
1279
1281
1284
1286
1289
1292
1294
1297
1299
1301
1303
1305
1307
1309
1312
1314
1316
1318
1321
1324
1326
1328
1331
1333
1336
1339
1341
1344
1347
1349
1352
1354
1357
1360
1362
1364
1366
1368
1371
1373
1377
1380
1383
1386
1389
1392
1395
1396
1399
1401
1404
1407
1409
1413
1415
1418
1420
1423
1425
1428
1431
1433
1437
1440
1442
1444
1446
1450
1452
1455
1458
1461
1464
1466
1469
1471
1474
1476
1478
1481
1483
1486
1489
1493
1495
1499
1502
1505
1508
1510
1513
1516
1519
1522
1524
1526
1529
1532
1534
1538
1541
1544
1546
1549
1552
1554
1556
1559
1561
1565
1566
1569
1572
1575
1577
1580
1582
1584
1588
1591
1593
1597
1599
1602
1605
1608
1611
1614
1617
1621
1623
1627
1629
1632
1634
1638
1640
1643
1646
1648
1651
1653
1656
1659
1663
1666
1669
1671
1674
1677
1679
1682
1685
1687
1689
1692
1695
1698
1701
1705
1708
1711
1713
1717
1720
1722
1726
1729
1733
1735
1739
1743
1745
1748
1751
1754
1757
1760
1762
1765
1768
1772
1775
1778
1781
1785
1788
1791
1795
1798
1801
1804
1807
1811
1813
1817
1820
1823
1827
1830
1834
1837
1841
1844
1847
1849
1854
1857
1860
1863
1867
1870
1873
1876
1880
1884
1888
1891
1894
1896
1900
1903
1905
1909
1913
1916
1920
1923
1926
1930
1933
1937
1939
1943
1946
1949
1952
1955
1959
1963
1967
1970
1974
1977
1981
1984
1987
1989
1993
1997
2000
2003
2007
2010
2014
2018
2021
2024
2028
2031
2035
2039
2043
2047
2051
2055
2059
2063
2068
2071
2074
2078
2081
2085
2089
2091
2095
2098
2102
2106
2110
2114
2117
2120
2124
2128
2132
2136
2140
2144
2147
2152
2155
2158
2162
2165
2169
2172
2176
2179
2184
2188
2192
2196
2200
2204
2208
2213
2217
2221
2225
2229
2234
2237
2241
2245
2249
2254
2258
2262
2265
2269
2273
2277
2282
2286
2290
2293
2297
2300
2304
2307
2311
2315
2319
2324
2327
2331
2334
2339
2342
2346
2351
2354
2358
2363
2367
2371
2374
2378
2382
2386
2390
2393
2397
2401
2406
2411
2416
2420
2425
2429
2432
2437
2441
2445
2449
2454
2458
2463
2466
2471
2476
2479
2484
2488
2490
2496
2500
2505
2508
2512
2516
2520
2524
2528
2533
2537
2541
2546
2550
2553
2556
2561
2565
2570
2573
2577
2581
2585
2590
2595
2600
2605
2609
2612
2616
2621
2625
2629
2634
2640
2644
2648
2652
2656
2662
2666
2671
2674
2679
2683
2687
2691
2695
2698
2703
2708
2712
2716
2721
2725
2729
2733
2738
2741
2746
2750
2755
2760
2764
2769
2774
2778
2782
2786
2790
2793
2797
2801
2807
2812
2816
2820
2823
2828
2832
2837
2841
2845
2850
2855
2860
2865
2869
2873
2878
2881
2885
2890
2893
2898
2902
2908
2913
2918
2922
2927
2931
2935
2939
2943
2948
2954
2959
2964
2968
2973
2979
2983
2987
2991
2996
3000
3005
3010
3014
3017
3022
3026
3030
3034
3039
3043
3048
3052
3056
3059
3064
3069
3073
3077
3082
3087
3091
3095
3098
3102
3106
3111
3117
3123
3126
3132
3135
3140
3144
3149
3154
3159
3163
3167
3172
3176
3180
3186
3191
3195
3199
3203
3207
3212
3217
3221
3226
3232
3235
3241
3245
3250
3255
3260
3265
3270
3275
3280
3286
3291
3296
3302
3307
3313
3318
3323
3328
3332
3337
3341
3346
3352
3357
3362
3367
3371
3376
3380
3384
3389
3394
3399
3403
3408
3412
3417
3422
3427
3431
3436
3443
3447
3452
3458
3463
3469
3472
3476
3481
3485
3490
3494
3499
3503
3509
3514
3519
3524
3529
3534
3539
3544
3549
3554
3559
3563
3568
3573
3579
3584
3590
3596
3602
3607
3611
3617
3621
3626
3630
3635
3640
3645
3649
3654
3658
3664
3668
3674
3678
3683
3689
3694
3699
3704
3710
3714
3719
3724
3729
3733
3738
3743
3748
3753
3758
3763
3768
3774
3778
3783
3789
3794
3799
3803
3808
3813
3818
3824
3829
3835
3840
3845
3850
3854
3858
3863
3870
3875
3880
3884
3890
3895
3900
3905
3911
3915
3920
3926
3930
3935
3940
3945
3951
3955
3960
3965
3970
3975
3981
3986
3992
3996
4001
4006
4011
4016
4022
4027
4030
4035
4041
4046
4051
4056
4061
4066
4070
4076
4082
4086
4091
4095
4100
4104
4110
4115
4120
4126
4130
4135
4142
4146
4151
4156
4161
4168
4172
4178
4182
4188
4193
4198
4203
4207
4212
4217
4223
4228
4233
4238
4242
4246
4250
4255
4260
4266
4271
4275
4279
4285
4289
4294
4298
4302
4308
4312
4317
4322
4328
4333
4338
4343
4347
4351
4356
4361
4365
4370
4375
4381
4385
4390
4394
4399
4404
4409
4413
4418
4423
4427
4432
4438
4443
4448
4453
4459
4464
4468
4473
4479
4485
4490
4494
4499
4503
4508
4514
4518
4524
4528
4534
4540
4545
4550
4555
4559
4564
4568
4573
4578
4582
4588
4593
4597
4603
4610
4615
4619
4625
4630
4635
4639
4645
4649
4653
4658
4662
4668
4673
4677
4683
4688
4693
4698
4702
4708
4713
4718
4723
4727
4733
4737
4743
4748
4753
4758
4763
4768
4773
4779
4785
4789
4794
4799
4805
4810
4816
4821
4826
4831
4836
4842
4847
4852
4857
4862
4867
4872
4877
4882
4888
4893
4897
4902
4907
4911
4915
4920
4925
4931
4935
4939
4944
4949
4953
4957
4962
4968
4972
4977
4982
4986
4992
4997
5001
5006
5011
5016
5021
5026
5030
5034
5038
5044
5048
5053
5057
5063
5069
5072
5077
5082
5086
5092
5097
5103
5107
5112
5116
5121
5125
5130
5135
5141
5146
5151
5156
5162
5167
5172
5176
5181
5186
5190
5195
5201
5206
5212
5217
5222
5228
5234
5239
5244
5250
5254
5259
5264
5269
5275
5280
5285
5290
5294
5299
5304
5309
5314
5319
5324
5329
5334
5338
5343
5348
5353
5358
5362
5367
5372
5377
5381
5386
5391
5396
5401
5405
5409
5414
5419
5422
5426
5431
5436
5441
5444
5450
5454
5459
5463
5468
5473
5476
5480
5484
5488
5492
5497
5501
5506
5512
5516
5522
5525
5530
5534
5537
5542
5547
5551
5555
5559
5563
5567
5572
5576
5580
5584
5588
5592
5596
5600
5604
5608
5611
5615
5620
5623
5628
5632
5636
5641
5645
5650
5654
5659
5663
5667
5671
5676
5680
5684
5688
5693
5697
5700
5705
5709
5713
5717
5721
5725
5729
5733
5737
5741
5744
5747
5751
5755
5758
5762
5766
5770
5774
5777
5781
5784
5787
5791
5794
5797
5800
5804
5808
5812
5815
5819
5823
5826
5831
5833
5837
5840
5844
5848
5852
5855
5859
5862
5866
5870
5873
5876
5880
5883
5886
5890
5893
5897
5901
5905
5908
5912
5915
5919
5923
5928
5931
5934
5937
5941
5945
5948
5952
5955
5960
5963
5967
5970
5973
5977
5981
5984
5988
5991
5995
5999
6003
6007
6010
6014
6018
6021
6024
6028
6032
6035
6038
6042
6045
6050
6053
6056
6061
6064
6068
6072
6076
6079
6083
6086
6090
6093
6097
6100
6105
6108
6112
6115
6118
6121
6125
6130
6133
6137
6142
6146
6148
6151
6155
6158
6161
6164
6168
6171
6175
6178
6181
6186
6190
6194
6198
6201
6205
6208
6212
6216
6220
6224
6228
6233
6238
6241
6244
6248
6252
6256
6260
6265
6269
6273
6277
6281
6284
6288
6292
6297
6300
6304
6308
6312
6316
6320
6325
6328
6333
6337
6341
6344
6349
6353
6357
6362
6366
6371
6375
6378
6382
6386
6390
6394
6398
6402
6404
6408
6412
6417
6422
6426
6430
6433
6438
6441
6446
6450
6454
6457
6462
6467
6472
6476
6480
6485
6489
6493
6498
6502
6505
6509
6514
6519
6523
6527
6531
6535
6540
6545
6550
6555
6560
6564
6569
6574
6579
6583
6588
6593
6597
6601
6606
6610
6614
6619
6624
6629
6634
6639
6644
6649
6653
6657
6662
6666
6671
6674
6679
6683
6688
6693
6697
6701
6705
6709
6714
6719
6724
6728
6733
6737
6743
6747
6751
6755
6761
6766
6771
6775
6780
6784
6790
6795
6800
6804
6809
6814
6819
6823
6828
6832
6837
6842
6848
6852
6857
6861
6866
6871
6876
6881
6885
6890
6895
6900
6906
6911
6915
6919
6925
6930
6935
6939
6943
6949
6954
6959
6964
6969
6975
6982
6987
6993
6997
7003
7008
7014
7018
7023
7029
7033
7039
7044
7049
7055
7059
7063
7068
7074
7080
7084
7090
7095
7100
7107
7112
7117
7122
7128
7132
7138
7144
7148
7155
7160
7166
7172
7176
7182
7187
7192
7197
7203
7209
7213
7218
7224
7231
7236
7243
7249
7254
7259
7263
7268
7274
7280
7286
7291
7297
7304
7310
7317
7321
7328
7334
7339
7345
7351
7357
7362
7368
7374
7380
7386
7390
7397
7403
7409
7415
7421
7427
7432
7438
7445
7452
7459
7465
7471
7478
7484
7489
7495
7501
7508
7514
7520
7525
7531
7535
7542
7546
7552
7558
7564
7570
7575
7582
7588
7593
7600
7607
7613
7618
7625
7631
7637
7643
7649
7654
7661
7667
7673
7679
7686
7694
7701
7706
7714
7722
7728
7734
7741
7749
7755
7761
7768
7774
7781
7787
7793
7800
7806
7813
7820
7826
7832
7839
7846
7852
7860
7865
7874
7880
7887
7895
7902
7910
7917
7924
7930
7938
7944
7952
7958
7965
7972
7980
7986
7992
8000
8008
8014
8022
8029
8035
8041
8047
8054
8061
8069
8077
8085
8092
8100
8109
8116
8122
8131
8140
8147
8155
8163
8170
8176
8184
8191
8198
8207
8214
8221
8229
8235
8243
8251
8259
8265
8273
8281
8289
8295
8302
8309
8317
8323
8330
8338
8346
8354
8362
8370
8378
8386
8392
8400
8407
8415
8422
8431
8438
8445
8453
8461
8470
8479
8486
8494
8503
8510
8519
8527
8535
8542
8551
8560
8570
8577
8585
8593
8599
8608
8616
8625
8634
8644
8653
8661
8668
8677
8686
8695
8703
8712
8721
8729
8737
8747
8756
8764
8773
8781
8789
8798
8806
8815
8826
8833
8842
8850
8859
8866
8875
8883
8892
8899
8910
8918
8926
8934
8944
8953
8963
8972
8981
8990
8999
9009
9018
9026
9037
9048
9055
9065
9075
9083
9092
9102
9113
9123
9133
9142
9152
9160
9169
9178
9186
9195
9204
9213
9224
9234
9243
9253
9262
9273
9284
9293
9301
9312
9321
9330
9340
9350
9359
9369
9381
9391
9401
9411
9420
9430
9440
9451
9462
9472
9482
9492
9502
9513
9523
9533
9544
9554
9564
9573
9584
9595
9606
9616
9627
9638
9648
9658
9668
9680
9690
9700
9711
9720
9731
9741
9751
9760
9771
9782
9792
9804
9816
9827
9838
9849
9861
9872
9883
9893
9903
9913
9925
9936
9947
9957
9967
9977
9986
9996
10006
10017
10027
10038
10048
10061
10072
10084
10095
10108
10117
10127
10139
10150
10162
10174
10185
10197
10209
10219
10233
10244
10256
10269
10281
10293
10305
10318
10331
10342
10354
10367
10380
10393
10406
10418
10431
10443
10457
10470
10482
10496
10509
10522
10534
10548
10558
10571
10584
10596
10609
10623
10636
10650
10662
10676
10689
10703
10718
10734
10746
10760
10771
10782
10796
10810
10825
10838
10851
10865
10878
10892
10905
10920
10933
10947
10961
10974
10989
11002
11016
11030
11043
11057
11073
11088
11103
11119
11135
11148
11164
11178
11192
11207
11221
11237
11252
11267
11283
11298
11313
11327
11343
11358
11373
11388
11404
11419
11435
11451
11466
11482
11496
11511
11527
11542
11556
11572
11588
11603
11618
11634
11648
11663
11679
11695
11712
11728
11743
11760
11775
11791
11807
11824
11839
11855
11871
11888
11905
11919
11935
11951
11968
11984
12000
12014
12031
12046
12063
12080
12096
12113
12128
12146
12162
12178
12194
12213
12228
12246
12263
12279
12299
12316
12333
12352
12369
12384
12403
12419
12436
12452
12471
12489
12509
12526
12543
12563
12583
12601
12618
12637
12656
12675
12695
12714
12732
12751
12772
12790
12808
12828
12846
12865
12883
12902
12922
12942
12963
12982
13001
13021
13042
13062
13082
13100
13120
13139
13159
13178
13198
13217
13238
13259
13281
13302
13323
13345
13365
13388
13408
13428
13446
13466
13488
13506
13528
13551
13573
13595
13618
13640
13663
13685
13709
13731
13755
13777
13800
13824
13847
13869
13890
13914
13937
13960
13984
14008
14033
14056
14078
14100
14123
14146
14169
14192
14215
14239
14262
14288
14313
14336
14360
14386
14410
14437
14462
14488
14513
14537
14562
14589
14615
14640
14665
14692
14718
14742
14768
14795
14821
14849
14875
14898
14924
14950
14980
15005
15030
15057
15084
15112
15140
15167
15194
15223
15250
15280
15304
15333
15363
15388
15415
15444
15473
15503
15531
15559
15591
15620
15651
15678
15710
15740
15769
15798
15825
15855
15886
15917
15948
15978
16010
16038
16068
16096
16125
16157
16190
16221
16254
16283
16315
16347
16376
16407
16441
16474
16507
16542
16573
16604
16639
16676
16712
16746
16779
16817
16848
16885
16920
16956
16989
17027
17060
17099
17133
17167
17201
17236
17277
17315
17350
17387
17423
17459
17498
17536
17573
17612
17652
17692
17729
17767
17807
17847
17887
17929
17967
18008
18049
18092
18134
18177
18217
18257
18300
18341
18383
18422
18467
18509
18554
18596
18637
18682
18725
18769
18815
18859
18906
18950
18994
19035
19081
19126
19169
19220
19267
19312
19361
19412
19460
19509
19553
19600
19649
19694
19746
19795
19842
19894
19946
19999
20053
20104
20157
20206
20258
20311
20360
20412
20470
20524
20579
20633
20688
20740
20800
20855
20913
20966
21022
21082
21141
21199
21260
21319
21378
21441
21501
21565
21624
21686
21747
21807
21871
21933
21998
22064
22128
22195
22264
22331
22402
22466
22535
22603
22670
22739
22806
22874
22945
23018
23093
23164
23239
23312
23386
23463
23545
23627
23705
23782
23864
23944
24025
24107
24193
24273
24357
24439
24525
24608
24692
24776
24861
24953
25041
25136
25229
25317
25408
25501
25593
25687
25783
25876
25971
26073
26171
26270
26375
26475
26579
26684
26793
26899
27007
27113
27224
27337
27447
27560
27676
27786
27903
28024
28139
28260
28383
28505
28634
28764
28895
29027
29155
29292
29427
29565
29701
29836
29982
30127
30276
30426
30579
30732
30883
31035
31190
31350
31512
31678
31850
32012
32185
32361
32538
32716
32903
33083
33280
33472
33670
33870
34076
34280
34482
34700
34918
35138
35367
35597
35841
36075
36320
36569
36835
37089
37357
37626
37900
38184
38470
38770
39071
39380
39703
40029
40362
40697
41042
41400
41775
42151
42543
42953
43351
43771
44211
44653
45099
45567
46048
46532
47039
47561
48118
48686
49274
49871
50493
51147
51832
52524
53255
54012
54805
55616
56453
57355
58282
59269
60298
61364
62414
63420
64269
64888
65261
65446
65516
65535
65535
65535
65535
65535
65535
65535
65535
65535
65535
65535
65535
65535
65535
65535
65535
65535
65535
65535
65535
65535
65535
65535
65535
65535
65535
65535
65535
65535
65535
65535
65535
65535
65535
65535
65535
65535
65535
65535
65535
65535
65535
65535
65535
65535
65535
65535
65535
65535
65535
65535
65535
65535
65535
65535
65535
65535
65535
65535
65535
65535
65535
65535
65535
65535
65535
65535
65535
65535
65535
65535
65535
65535
65535
65535
65535
65535
65535
65535
65535
65535
65535
65535
65535
65535
65535
65535
65535
65535
65535
65535
65535
65535
65535
65535
65535
65535
65535
65535
65535
65535
65535
65535
65535
65535
65535
65535
65535
65535
65535
65535
65535
65535
65535
65535
65535
65535
65535
65535
65535
65535
65535
65535
65535
65535
65535
65535
65535
65535
65535
65535
65535
65535
65535
65535
65535
65535
65535
65535
65535
65535
65535
65535
65535
65535
65535
65535
65535
65535
65535
65535
65535
65535
65535
65535
65535
65535
65535
65535
65535
65535
65535
65535
65535
65535
65535
65535
65535
65535
65535
65535
65535
65535
65535
65535
65535
65535
65535
65535
65535
65535
65535
65535
65535
65535
65535
65535
65535
65535
65535
65535
65535
65535
65535
65535
65535
65535
65535
65535
65535
65535
65535
65535
65535
65535
65535
65535
65535
65535
65535
65535
65535
65535
65535
65535
65535
65535
65535
65535
65535
65535
65535
65535
65535
65535
65535
65535
65535
65535
65535
65535
65535
65535
65535
65535
65535
65535
65535
65535
65535
65535
65535
65535
65535
65535
65535
65535
65535
65535
65535
65535
65535
65535
65535
65535
65535
65535
65535
65535
65535
65535
65535
65535
65535
65535
65535
65535
65535
65535
65535
65535
65535
65535
65535
65535
65535
65535
65535
65535
65535
65535
65535
65535
65535
65535
65535
65535
65535
65535
65535
65535
65535
65535
65535
65535
65535
65535
65535
65535
65535
65535
65535
65535
65535
65535
65535
65535
65535
65535
65535
65535
65535
65535
65535
65535
65535
65535
65535
65535
65535
65535
65535
65535
65535
65535
65535
65535
65535
65535
65535
65535
65535
65535
65535
65535
65535
65535
65535
65535
65535
65535
65535
65535
65535
65535
65535
65535
65535
65535
65535
65535
65535
65535
65535
65535
65535
65535
65535
65535
65535
65535
65535
65535
65535
65535
65535
65535
65535
65535
65535
65535
65535
65535
65535
65535
65535
65535
65535
65535
65535
65535
65535
65535
65535
65535
65535
65535
65535
65535
65535
65535
65535
65535
65535
65535
65535
65535
65535
65535
65535
65535
65535
65535
65535
65535
65535
65535
65535
65535
65535
65535
65535
65535
65535
65535
65535
65535
65535
65535
65535
65535
65535
65535
65535
65535
65535
65535
65535
65535
65535
65535
65535
65535
65535
65535
65535
65535
65535
65535
65535
65535
65535
65535
65535
65535
65535
65535
65535
65535
65535
65535
65535
65535
65535
65535
65535
65535
65535
65535
65535
65535
65535
65535
65535
65535
65535
65535
65535
65535
65535
65535
65535
65535
65535
65535
65535
65535
65535
65535
65535
65535
65535
65535
65535
65535
65535
65535
65535
65535
65535
65535
65535
65535
65535
65535
65535
65535
65535
65535
65535
65535
65535
65535
65535
65535
65535
65535
65535
65535
65535
65535
65535
65535
65535
65535
65535
65535
65535
65535
65535
65535
65535
65535
65535
65535
65535
65535
65535
65535
65535
65535
65535
65535
65535
65535
65535
65535
65535
65535
65535
65535
65535
65535
65535
65535
65535
65535
65535
65535
65535
65535
65535
65535
65535
65535
65535
65535
65535
65535
65535
65535
65535
65535
65535
65535
65535
65535
65535
65535
65535
65535
65535
65535
65535
65535
65535
65535
65535
65535
65535
65535
65535
65535
65535
65535
65535
65535
65535
65535
65535
65535
65535
65535
65535
65535
65535
65535
65535
65535
65535
65535
65535
65535
65535
65535
65535
65535
65535
65535
65535
65535
65535
65535
65535
65535
65535
65535
65535
65535
65535
65535
65535
65535
65535
65535
65535
65535
65535
65535
65535
65535
65535
65535
65535
65535
65535
65535
65535
65535
65535
65535
65535
65535
65535
65535
65535
65535
65535
65535
65535
65535
65535
65535
65535
65535
65535
65535
65535
65535
65535
65535
65535
65535
65535
65535
65535
65535
65535
65535
65535
65535
65535
65535
65535
65535
65535
65535
65535
65535
65535
65535
65535
65535
65535
65535
65535
65535
65535
65535
65535
65535
65535
65535
65535
65535
65535
65535
65535
65535
65535
65535
65535
65535
65535
65535
65535
65535
65535
65535
65535
65535
65535
65535
65535
65535
65535
65535
65535
65535
65535
65535
65535
65535
65535
65535
65535
65535
65535
65535
65535
65535
65535
65535
65535
65535
65535
65535
65535
65535
65535
65535
65535
65535
65535
65535
65535
65535
65535
65535
65535
65535
65535
65535
65535
65535
65535
65535
65535
65535
65535
65535
65535
65535
65535
65535
65535
65535
65535
65535
65535
65535
65535
65535
65535
65535
65535
65535
65535
65535
65535
65535
65535
65535
65535
65535
65535
65535
65535
65535
65535
65535
65535
65535
65535
65535
65535
65535
65535
65535
65535
65535
65535
65535
65535
65535
65535
65535
65535
65535
65535
65535
65535
65535
65535
65535
65535
65535
65535
65535
65535
65535
65535
65535
65535
65535
65535
65535
65535
65535
65535
65535
65535
65535
65535
65535
65535
65535
65535
65535
65535
65535
65535
65535
65535
65535
65535
65535
65535
65535
65535
65535
65535
65535
65535
65535
65535
65535
65535
65535
65535
65535
65535
65535
65535
65535
65535
65535
65535
65535
65535
65535
65535
65535
65535
65535
65535
65535
65535
65535
65535
65535
65535
65535
65535
65535
65535
65535
65535
65535
65535
65535
65535
65535
65535
65535
65535
65535
65535
65535
65535
65535
65535
65535
65535
65535
65535
65535
65535
65535
65535
65535
65535
65535
65535
65535
65535
65535
65535
65535
65535
65535
65535
65535
65535
65535
65535
65535
65535
65535
65535
65535
65535
65535
65535
65535
65535
65535
65535
65535
65535
65535
65535
65535
65535
65535
65535
65535
65535
65535
65535
65535
65535
65535
65535
65535
65535
65535
65535
65535
65535
65535
65535
65535
65535
65535
65535
65535
65535
65535
65535
65535
65535
65535
65535
65535
65535
65535
65535
65535
65535
65535
65535
65535
65535
65535
65535
65535
65535
65535
65535
65535
65535
65535
65535
65535
65535
65535
65535
65535
65535
65535
65535
65535
65535
65535
65535
65535
65535
65535
65535
65535
65535
65535
65535
65535
65535
65535
65535
65535
65535
65535
65535
65535
65535
65535
65535
65535
65535
65535
65535
65535
65535
65535
65535
65535
65535
65535
65535
65535
65535
65535
65535
65535
65535
65535
65535
65535
65535
65535
65535
65535
65535
65535
65535
65535
65535
65535
65535
65535
65535
65535
65535
65535
65535
65535
65535
65535
65535
65535
65535
65535
65535
65535
65535
65535
65535
65535
65535
65535
65535
65535
65535
65535
65535
65535
65535
65535
65535
65535
65535
65535
65535
65535
65535
65535
65535
65535
65535
65535
65535
65535
65535
65535
65535
65535
65535
65535
65535
65535
65535
65535
65535
65535
65535
65535
65535
65535
65535
65535
65535
65535
65535
65535
65535
65535
65535
65535
65535
65535
65535
65535
65535
65535
65535
65535
65535
65535
65535
65535
65535
65535
65535
65535
65535
65535
65535
65535
65535
65535
65535
65535
65535
65535
65535
65535
65535
65535
65535
65535
65535
65535
65535
65535
65535
65535
65535
65535
65535
65535
65535
65535
65535
65535
65535
65535
65535
65535
65535
65535
65535
65535
65535
65535
65535
65535
65535
65535
65535
65535
65535
65535
65535
65535
65535
65535
65535
65535
65535
65535
65535
65535
65535
65535
65535
65535
65535
65535
65535
65535
65535
65535
65535
65535
65535
65535
65535
65535
65535
65535
65535
65535
65535
65535
65535
65535
65535
65535
65535
65535
65535
65535
65535
65535
65535
65535
65535
65535
65535
65535
65535
65535
65535
65535
65535
65535
65535
65535
65535
65535
65535
65535
65535
65535
65535
65535
65535
65535
65535
65535
65535
65535
65535
65535
65535
65535
65535
65535
65535
65535
65535
65535
65535
65535
65535
65535
65535
65535
65535
65535
65535
65535
65535
65535
65535
65535
65535
65535
65535
65535
65535
65535
65535
65535
65535
65535
65535
65535
65535
65535
65535
65535
65535
65535
65535
65535
65535
65535
65535
65535
65535
65535
65535
65535
65535
65535
65535
65535
65535
65535
65535
65535
65535
65535
65535
65535
65535
65535
65535
65535
65535
65535
65535
65535
65535
65535
65535
65535
65535
65535
65535
65535
65535
65535
65535
65535
65535
65535
65535
65535
65535
65535
65535
65535
65535
65535
65535
65535
65535
65535
65535
65535
65535
65535
65535
65535
65535
65535
65535
65535
65535
65535
65535
65535
65535
65535
65535
65535
65535
65535
65535
65535
65535
65535
65535
65535
65535
65535
65535
65535
65535
65535
65535
65535
65535
65535
65535
65535
65535
65535
65535
65535
65535
65535
65535
65535
65535
65535
65535
65535
65535
65535
65535
65535
65535
65535
65535
65535
65535
65535
65535
65535
65535
65535
65535
65535
65535
65535
65535
65535
65535
65535
65535
65535
65535
65535
65535
65535
65535
65535
65535
65535
65535
65535
65535
65535
65535
65535
65535
65535
65535
65535
65535
65535
65535
65535
65535
65535
65535
65535
65535
65535
65535
65535
65535
65535
65535
65535
65535
65535
65535
65535
65535
65535
65535
65535
65535
65535
65535
65535
65535
65535
65535
65535
65535
65535
65535
65535
65535
65535
65535
65535
65535
65535
65535
65535
65535
65535
65535
65535
65535
65535
65535
65535
65535
65535
65535
65535
65535
65535
65535
65535
65535
65535
65535
65535
65535
65535
65535
65535
65535
65535
65535
65535
65535
65535
65535
65535
65535
65535
65535
65535
65535
65535
65535
65535
65535
65535
65535
65535
65535
65535
65535
65535
65535
65535
65535
65535
65535
65535
65535
65535
65535
65535
65535
65535
65535
65535
65535
65535
65535
65535
65535
65535
65535
65535
65535
65535
65535
65535
65535
65535
65535
65535
65535
65535
65535
65535
65535
65535
65535
65535
65535
65535
65535
65535
65535
65535
65535
65535
65535
65535
65535
65535
65535
65535
65535
65535
65535
65535
65535
65535
65535
65535
65535
65535
65535
65535
65535
65535
65535
65535
65535
65535
65535
65535
65535
65535
65535
65535
65535
65535
65535
65535
65535
65535
65535
65535
65535
65535
65535
65535
65535
65535
65535
65535
65535
65535
65535
65535
65535
65535
65535
65535
65535
65535
65535
65535
65535
65535
65535
65535
65535
65535
65535
65535
65535
65535
65535
65535
65535
65535
65535
65535
65535
65535
65535
65535
65535
65535
65535
65535
65535
65535
65535
65535
65535
65535
65535
65535
65535
65535
65535
65535
65535
65535
65535
65535
65535
65535
65535
65535
65535
65535
65535
65535
65535
65535
65535
65535
65535
65535
65535
65535
65535
65535
65535
65535
65535
65535
65535
65535
65535
65535
65535
65535
65535
65535
65535
65535
65535
65535
65535
65535
65535
65535
65535
65535
65535
65535
65535
65535
65535
65535
65535
65535
65535
65535
65535
65535
65535
65535
65535
65535
65535
65535
65535
65535
65535
65535
65535
65535
65535
65535
65535
65535
65535
65535
65535
65535
65535
65535
65535
65535
65535
65535
65535
65535
65535
65535
65535
65535
65535
65535
65535
65535
65535
65535
65535
65535
65535
65535
65535
65535
65535
65535
65535
65535
65535
65535
65535
65535
65535
65535
65535
65535
65535
65535
65535
65535
65535
65535
65535
65535
65535
65535
65535
65535
65535
65535
65535
65535
65535
65535
65535
65535
65535
65535
65535
65535
65535
65535
65535
65535
65535
65535
65535
65535
65535
65535
65535
65535
65535
65535
65535
65535
65535
65535
65535
65535
65535
65535
65535
65535
65535
65535
65535
65535
65535
65535
65535
65535
65535
65535
65535
65535
65535
65535
65535
65535
65535
65535
65535
65535
65535
65535
65535
65535
65535
65535
65535
65535
65535
65535
65535
65535
65535
65535
65535
65535
65535
65535
65535
65535
65535
65535
65535
65535
65535
65535
65535
65535
65535
65535
65535
65535
65535
65535
65535
65535
65535
65535
65535
65535
65535
65535
65535
65535
65535
65535
65535
65535
65535
65535
65535
65535
65535
65535
65535
65535
65535
65535
65535
65535
65535
65535
65535
65535
65535
65535
65535
65535
65535
65535
65535
65535
65535
65535
65535
65535
65535
65535
65535
65535
65535
65535
65535
65535
65535
65535
65535
65535
65535
65535
65535
65535
65535
65535
65535
65535
65535
65535
65535
65535
65535
65535
65535
65535
65535
65535
65535
65535
65535
65535
65535
65535
65535
65535
65535
65535
65535
65535
65535
65535
65535
65535
65535
65535
65535
65535
65535
65535
65535
65535
65535
65535
65535
65535
65535
65535
65535
65535
65535
65535
65535
65535
65535
65535
65535
65535
65535
65535
65535
65535
65535
65535
65535
65535
65535
65535
65535
65535
65535
65535
65535
65535
65535
65535
65535
65535
65535
65535
65535
65535
65535
65535
65535
65535
65535
65535
65535
65535
65535
65535
65535
65535
65535
65535
65535
65535
65535
65535
65535
65535
65535
65535
65535
65535
65535
65535
65535
65535
65535
65535
65535
65535
65535
65535
65535
65535
65535
65535
65535
65535
65535
65535
65535
65535
65535
65535
65535
65535
65535
65535
65535
65535
65535
65535
65535
65535
65535
65535
65535
65535
65535
65535
65535
65535
65535
65535
65535
65535
65535
65535
65535
65535
65535
65535
65535
65535
65535
65535
65535
65535
65535
65535
65535
65535
65535
65535
65535
65535
65535
65535
65535
65535
65535
65535
65535
65535
65535
65535
65535
65535
65535
65535
65535
65535
65535
65535
65535
65535
65535
65535
65535
65535
65535
65535
65535
65535
65535
65535
65535
65535
65535
65535
65535
65535
65535
65535
65535
65535
65535
65535
65535
65535
65535
65535
65535
65535
65535
65535
65535
65535
65535
65535
65535
65535
65535
65535
65535
65535
65535
65535
65535
65535
65535
65535
65535
65535
65535
65535
65535
65535
65535
65535
65535
65535
65535
65535
65535
65535
65535
65535
65535
65535
65535
65535
65535
65535
65535
65535
65535
65535
65535
65535
65535
65535
65535
65535
65535
65535
65535
65535
65535
65535
65535
65535
65535
65535
65535
65535
65535
65535
65535
65535
65535
65535
65535
65535
65535
65535
65535
65535
65535
65535
65535
65535
65535
65535
65535
65535
65535
65535
65535
65535
65535
65535
65535
65535
65535
65535
65535
65535
65535
65535
65535
65535
65535
65535
65535
65535
65535
65535
65535
65535
65535
65535
65535
65535
65535
65535
65535
65535
65535
65535
65535
65535
65535
65535
65535
65535
65535
65535
65535
65535
65535
65535
65535
65535
65535
65535
65535
65535
65535
65535
65535
65535
65535
65535
65535
65535
65535
65535
65535
65535
65535
65535
65535
65535
65535
65535
65535
65535
65535
65535
65535
65535
65535
65535
65535
65535
65535
65535
65535
65535
65535
65535
65535
65535
65535
65535
65535
65535
65535
65535
65535
65535
65535
65535
65535
65535
65535
65535
65535
65535
65535
65535
65535
65535
65535
65535
65535
65535
65535
65535
65535
65535
65535
65535
65535
65535
65535
65535
65535
65535
65535
65535
65535
65535
65535
65535
65535
65535
65535
65535
65535
65535
65535
65535
65535
65535
65535
65535
65535
65535
65535
65535
65535
65535
65535
65535
65535
65535
65535
65535
65535
65535
65535
65535
65535
65535
65535
65535
65535
65535
65535
65535
65535
65535
65535
65535
65535
65535
65535
65535
65535
65535
65535
65535
65535
65535
65535
65535
65535
65535
65535
65535
65535
65535
65535
65535
65535
65535
65535
65535
65535
65535
65535
65535
65535
65535
65535
65535
65535
65535
65535
65535
65535
65535
65535
65535
65535
65535
65535
65535
65535
65535
65535
65535
65535
65535
65535
65535
65535
65535
65535
65535
65535
65535
65535
65535
65535
65535
65535
65535
65535
65535
65535
65535
65535
65535
65535
65535
65535
65535
65535
65535
65535
65535
65535
65535
65535
65535
65535
65535
65535
65535
65535
65535
65535
65535
65535
65535
65535
65535
65535
65535
65535
65535
65535
65535
65535
65535
65535
65535
65535
65535
65535
65535
65535
65535
65535
65535
65535
65535
65535
65535
65535
65535
65535
65535
65535
65535
65535
65535
65535
65535
65535
65535
65535
65535
65535
65535
65535
65535
65535
65535
65535
65535
65535
65535
65535
65535
65535
65535
65535
65535
65535
65535
65535
65535
65535
65535
65535
65535
65535
65535
65535
65535
65535
65535
65535
65535
65535
65535
65535
65535
65535
65535
65535
65535
65535
65535
65535
65535
65535
65535
65535
65535
65535
65535
65535
65535
65535
65535
65535
65535
65535
65535
65535
65535
65535
65535
65535
65535
65535
65535
65535
65535
65535
65535
65535
65535
65535
65535
65535
65535
65535
65535
65535
65535
65535
65535
65535
65535
65535
65535
65535
65535
65535
65535
65535
65535
65535
65535
65535
65535
65535
65535
65535
65535
65535
65535
65535
65535
65535
65535
65535
65535
65535
65535
65535
65535
65535
65535
65535
65535
65535
65535
65535
65535
65535
65535
65535
65535
65535
65535
65535
65535
65535
65535
65535
65535
65535
65535
65535
65535
65535
65535
65535
65535
65535
65535
65535
65535
65535
65535
65535
65535
65535
65535
65535
65535
65535
65535
65535
65535
65535
65535
65535
65535
65535
65535
65535
65535
65535
65535
65535
65535
65535
65535
65535
65535
65535
65535
65535
65535
65535
65535
65535
65535
65535
65535
65535
65535
65535
65535
65535
65535
65535
65535
65535
65535
65535
65535
65535
65535
65535
65535
65535
65535
65535
65535
65535
65535
65535
65535
65535
65535
65535
65535
65535
65535
65535
65535
65535
65535
65535
65535
65535
65535
65535
65535
65535
65535
65535
65535
65535
65535
65535
65535
65535
65535
65535
65535
65535
65535
65535
65535
65535
65535
65535
65535
65535
65535
65535
65535
65535
65535
65535
65535
65535
65535
65535
65535
65535
65535
65535
65535
65535
65535
65535
65535
65535
65535
65535
65535
65535
65535
65535
65535
65535
65535
65535
65535
65535
65535
65535
65535
65535
65535
65535
65535
65535
65535
65535
65535
65535
65535
65535
65535
65535
65535
65535
65535
65535
65535
65535
65535
65535
65535
65535
65535
65535
65535
65535
65535
65535
65535
65535
65535
65535
65535
65535
65535
65535
65535
65535
65535
65535
65535
65535
65535
65535
65535
65535
65535
65535
65535
65535
65535
65535
65535
65535
65535
65535
65535
65535
65535
65535
65535
65535
65535
65535
65535
65535
65535
65535
65535
65535
65535
65535
65535
65535
65535
65535
65535
65535
65535
65535
65535
65535
65535
65535
65535
65535
65535
65535
65535
65535
65535
65535
65535
65535
65535
65535
65535
65535
65535
65535
65535
65535
65535
65535
65535
65535
65535
65535
65535
65535
65535
65535
65535
65535
65535
65535
65535
65535
65535
65535
65535
65535
65535
65535
65535
65535
65535
65535
65535
65535
65535
65535
65535
65535
65535
65535
65535
65535
65535
65535
65535
65535
65535
65535
65535
65535
65535
65535
65535
65535
65535
65535
65535
65535
65535
65535
65535
65535
65535
65535
65535
65535
65535
65535
65535
65535
65535
65535
65535
65535
65535
65535
65535
65535
65535
65535
65535
65535
65535
65535
65535
65535
65535
65535
65535
65535
65535
65535
65535
65535
65535
65535
65535
65535
65535
65535
65535
65535
65535
65535
65535
65535
65535
65535
65535
65535
65535
65535
65535
65535
65535
65535
65535
65535
65535
65535
65535
65535
65535
65535
65535
65535
65535
65535
65535
65535
65535
65535
65535
65535
65535
65535
65535
65535
65535
65535
65535
65535
65535
65535
65535
65535
65535
65535
65535
65535
65535
65535
65535
65535
65535
65535
65535
65535
65535
65535
65535
65535
65535
65535
65535
65535
65535
65535
65535
65535
65535
65535
65535
65535
65535
65535
65535
65535
65535
65535
65535
65535
65535
65535
65535
65535
65535
65535
65535
65535
65535
65535
65535
65535
65535
65535
65535
65535
65535
65535
65535
65535
65535
65535
65535
65535
65535
65535
65535
65535
65535
65535
65535
65535
65535
65535
65535
65535
65535
65535
65535
65535
65535
65535
65535
65535
65535
65535
65535
65535
65535
65535
65535
65535
65535
65535
65535
65535
65535
65535
65535
65535
65535
65535
65535
65535
65535
65535
65535
65535
65535
65535
65535
65535
65535
65535
65535
65535
65535
65535
65535
65535
65535
65535
65535
65535
65535
65535
65535
65535
65535
65535
65535
65535
65535
65535
65535
65535
65535
65535
65535
65535
65535
65535
65535
65535
65535
65535
65535
65535
65535
65535
65535
65535
65535
65535
65535
65535
65535
65535
65535
65535
65535
65535
65535
65535
65535
65535
65535
65535
65535
65535
65535
65535
65535
65535
65535
65535
65535
65535
65535
65535
65535
65535
65535
65535
65535
65535
65535
65535
65535
65535
65535
65535
65535
65535
65535
65535
65535
65535
65535
65535
65535
65535
65535
65535
65535
65535
65535
65535
65535
65535
65535
65535
65535
65535
65535
65535
65535
65535
65535
65535
65535
65535
65535
65535
65535
65535
65535
65535
65535
65535
65535
65535
65535
65535
65535
65535
65535
65535
65535
65535
65535
65535
65535
65535
65535
65535
65535
65535
65535
65535
65535
65535
65535
65535
65535
65535
65535
65535
65535
65535
65535
65535
65535
65535
65535
65535
65535
65535
65535
65535
65535
65535
65535
65535
65535
65535
65535
65535
65535
65535
65535
65535
65535
65535
65535
65535
65535
65535
65535
65535
65535
65535
65535
65535
65535
65535
65535
65535
65535
65535
65535
65535
65535
65535
65535
65535
65535
65535
65535
65535
65535
65535
65535
65535
65535
65535
65535
65535
65535
65535
65535
65535
65535
65535
65535
65535
65535
65535
65535
65535
65535
65535
65535
65535
65535
65535
65535
65535
65535
65535
65535
65535
65535
65535
65535
65535
65535
65535
65535
65535
65535
65535
65535
65535
65535
65535
65535
65535
65535
65535
65535
65535
65535
65535
65535
65535
65535
65535
65535
65535
65535
65535
65535
65535
65535
65535
65535
65535
65535
65535
65535
65535
65535
65535
65535
65535
65535
65535
65535
65535
65535
65535
65535
65535
65535
65535
65535
65535
65535
65535
65535
65535
65535
65535
65535
65535
65535
65535
65535
65535
65535
65535
65535
65535
65535
65535
65535
65535
65535
65535
65535
65535
65535
65535
65535
65535
65535
65535
65535
65535
65535
65535
65535
65535
65535
65535
65535
65535
65535
65535
65535
65535
65535
65535
65535
65535
65535
65535
65535
65535
65535
65535
65535
65535
65535
65535
65535
65535
65535
65535
65535
65535
65535
65535
65535
65535
65535
65535
65535
65535
65535
65535
65535
65535
65535
65535
65535
65535
65535
65535
65535
65535
65535
65535
65535
65535
65535
65535
65535
65535
65535
65535
65535
65535
65535
65535
65535
65535
65535
65535
65535
65535
65535
65535
65535
65535
65535
65535
65535
65535
65535
65535
65535
65535
65535
65535
65535
65535
65535
65535
65535
65535
65535
65535
65535
65535
65535
65535
65535
65535
65535
65535
65535
65535
65535
65535
65535
65535
65535
65535
65535
65535
65535
65535
65535
65535
65535
65535
65535
65535
65535
65535
65535
65535
65535
65535
65535
65535
65535
65535
65535
65535
65535
65535
65535
65535
65535
65535
65535
65535
65535
65535
65535
65535
65535
65535
65535
65535
65535
65535
65535
65535
65535
65535
65535
65535
65535
65535
65535
65535
65535
65535
65535
65535
65535
65535
65535
65535
65535
65535
65535
65535
65535
65535
65535
65535
65535
65535
65535
65535
65535
65535
65535
65535
65535
65535
65535
65535
65535
65535
65535
65535
65535
65535
65535
65535
65535
65535
65535
65535
65535
65535
65535
65535
65535
65535
65535
65535
65535
65535
65535
65535
65535
65535
65535
65535
65535
65535
65535
65535
65535
65535
65535
65535
65535
65535
65535
65535
65535
65535
65535
65535
65535
65535
65535
65535
65535
65535
65535
65535
65535
65535
65535
65535
65535
65535
65535
65535
65535
65535
65535
65535
65535
65535
65535
65535
65535
65535
65535
65535
65535
65535
65535
65535
65535
65535
65535
65535
65535
65535
65535
65535
65535
65535
65535
65535
65535
65535
65535
65535
65535
65535
65535
65535
65535
65535
65535
65535
65535
65535
65535
65535
65535
65535
65535
65535
65535
65535
65535
65535
65535
65535
65535
65535
65535
65535
65535
65535
65535
65535
65535
65535
65535
65535
65535
65535
65535
65535
65535
65535
65535
65535
65535
65535
65535
65535
65535
65535
65535
65535
65535
65535
65535
65535
65535
65535
65535
65535
65535
65535
65535
65535
65535
65535
65535
65535
65535
65535
65535
65535
65535
65535
65535
65535
65535
65535
65535
65535
65535
65535
65535
65535
65535
65535
65535
65535
65535
65535
65535
65535
65535
65535
65535
65535
65535
65535
65535
65535
65535
65535
65535
65535
65535
65535
65535
65535
65535
65535
65535
65535
65535
65535
65535
65535
65535
65535
65535
65535
65535
65535
65535
65535
65535
65535
65535
65535
65535
65535
65535
65535
65535
65535
65535
65535
65535
65535
65535
65535
65535
65535
65535
65535
65535
65535
65535
65535
65535
65535
65535
65535
65535
65535
65535
65535
65535
65535
65535
65535
65535
65535
65535
65535
65535
65535
65535
65535
65535
65535
65535
65535
65535
65535
65535
65535
65535
65535
65535
65535
65535
65535
65535
65535
65535
65535
65535
65535
65535
65535
65535
65535
65535
65535
65535
65535
65535
65535
65535
65535
65535
65535
65535
65535
65535
65535
65535
65535
65535
65535
65535
65535
65535
65535
65535
65535
65535
65535
65535
65535
65535
65535
65535
65535
65535
65535
65535
65535
65535
65535
65535
65535
65535
65535
65535
65535
65535
65535
65535
65535
65535
65535
65535
65535
65535
65535
65535
65535
65535
65535
65535
65535
65535
65535
65535
65535
65535
65535
65535
65535
65535
65535
65535
65535
65535
65535
65535
65535
65535
65535
65535
65535
65535
65535
65535
65535
65535
65535
65535
65535
65535
65535
65535
65535
65535
65535
65535
65535
65535
65535
65535
65535
65535
65535
65535
65535
65535
65535
65535
65535
65535
65535
65535
65535
65535
65535
65535
65535
65535
65535
65535
65535
65535
65535
65535
65535
65535
65535
65535
65535
65535
65535
65535
65535
65535
65535
65535
65535
65535
65535
65535
65535
65535
65535
65535
65535
65535
65535
65535
65535
65535
65535
65535
65535
65535
65535
65535
65535
65535
65535
65535
65535
65535
65535
65535
65535
65535
65535
65535
65535
65535
65535
65535
65535
65535
65535
65535
65535
65535
65535
65535
65535
65535
65535
65535
65535
65535
65535
65535
65535
65535
65535
65535
65535
65535
65535
65535
65535
65535
65535
65535
65535
65535
65535
65535
65535
65535
65535
65535
65535
65535
65535
65535
65535
65535
65535
65535
65535
65535
65535
65535
65535
65535
65535
65535
65535
65535
65535
65535
65535
65535
65535
65535
65535
65535
65535
65535
65535
65535
65535
65535
65535
65535
65535
65535
65535
65535
65535
65535
65535
65535
65535
65535
65535
65535
65535
65535
65535
65535
65535
65535
65535
65535
65535
65535
65535
65535
65535
65535
65535
65535
65535
65535
65535
65535
65535
65535
65535
65535
65535
65535
65535
65535
65535
65535
65535
65535
65535
65535
65535
65535
65535
65535
65535
65535
65535
65535
65535
65535
65535
65535
65535
65535
65535
65535
65535
65535
65535
65535
65535
65535
65535
65535
65535
65535
65535
65535
65535
65535
65535
65535
65535
65535
65535
65535
65535
65535
65535
65535
65535
65535
65535
65535
65535
65535
65535
65535
65535
65535
65535
65535
65535
65535
65535
65535
65535
65535
65535
65535
65535
65535
65535
65535
65535
65535
65535
65535
65535
65535
65535
65535
65535
65535
65535
65535
65535
65535
65535
65535
65535
65535
65535
65535
65535
65535
65535
65535
65535
65535
65535
65535
65535
65535
65535
65535
65535
65535
65535
65535
65535
65535
65535
65535
65535
65535
65535
65535
65535
65535
65535
65535
65535
65535
65535
65535
65535
65535
65535
65535
65535
65535
65535
65535
65535
65535
65535
65535
65535
65535
65535
65535
65535
65535
65535
65535
65535
65535
65535
65535
65535
65535
65535
65535
65535
65535
65535
65535
65535
65535
65535
65535
65535
65535
65535
65535
65535
65535
65535
65535
65535
65535
65535
65535
65535
65535
65535
65535
65535
65535
65535
65535
65535
65535
65535
65535
65535
65535
65535
65535
65535
65535
65535
65535
65535
65535
65535
65535
65535
65535
65535
65535
65535
65535
65535
65535
65535
65535
65535
65535
65535
65535
65535
65535
65535
65535
65535
65535
65535
65535
65535
65535
65535
65535
65535
65535
65535
65535
65535
65535
65535
65535
65535
65535
65535
65535
65535
65535
65535
65535
65535
65535
65535
65535
65535
65535
65535
65535
65535
65535
65535
65535
65535
65535
65535
65535
65535
65535
65535
65535
65535
65535
65535
65535
65535
65535
65535
65535
65535
65535
65535
65535
65535
65535
65535
65535
65535
65535
65535
65535
65535
65535
65535
65535
65535
65535
65535
65535
65535
65535
65535
65535
65535
65535
65535
65535
65535
65535
65535
65535
65535
65535
65535
65535
65535
65535
65535
65535
65535
65535
65535
65535
65535
65535
65535
65535
65535
65535
65535
65535
65535
65535
65535
65535
65535
65535
65535
65535
65535
65535
65535
65535
65535
65535
65535
65535
65535
65535
65535
65535
65535
65535
65535
65535
65535
65535
65535
65535
65535
65535
65535
65535
65535
65535
65535
65535
65535
65535
65535
65535
65535
65535
65535
65535
65535
65535
65535
65535
65535
65535
65535
65535
65535
65535
65535
65535
65535
65535
65535
65535
65535
65535
65535
65535
65535
65535
65535
65535
65535
65535
65535
65535
65535
65535
65535
65535
65535
65535
65535
65535
65535
65535
65535
65535
65535
65535
65535
65535
65535
65535
65535
65535
65535
65535
65535
65535
65535
65535
65535
65535
65535
65535
65535
65535
65535
65535
65535
65535
65535
65535
65535
65535
65535
65535
65535
65535
65535
65535
65535
65535
65535
65535
65535
65535
65535
65535
65535
65535
65535
65535
65535
65535
65535
65535
65535
65535
65535
65535
65535
65535
65535
65535
65535
65535
65535
65535
65535
65535
65535
65535
65535
65535
65535
65535
65535
65535
65535
65535
65535
65535
65535
65535
65535
65535
65535
65535
65535
65535
65535
65535
65535
65535
65535
65535
65535
65535
65535
65535
65535
65535
65535
65535
65535
65535
65535
65535
65535
65535
65535
65535
65535
65535
65535
65535
65535
65535
65535
65535
65535
65535
65535
65535
65535
65535
65535
65535
65535
65535
65535
65535
65535
65535
65535
65535
65535
65535
65535
65535
65535
65535
65535
65535
65535
65535
65535
65535
65535
65535
65535
65535
65535
65535
65535
65535
65535
65535
65535
65535
65535
65535
65535
65535
65535
65535
65535
65535
65535
65535
65535
65535
65535
65535
65535
65535
65535
65535
65535
65535
65535
65535
65535
65535
65535
65535
65535
65535
65535
65535
65535
65535
65535
65535
65535
65535
65535
65535
65535
65535
65535
65535
65535
65535
65535
65535
65535
65535
65535
65535
65535
65535
65535
65535
65535
65535
65535
65535
65535
65535
65535
65535
65535
65535
65535
65535
65535
65535
65535
65535
65535
65535
65535
65535
65535
65535
65535
65535
65535
65535
65535
65535
65535
65535
65535
65535
65535
65535
65535
65535
65535
65535
65535
65535
65535
65535
65535
65535
65535
65535
65535
65535
65535
65535
65535
65535
65535
65535
65535
65535
65535
65535
65535
65535
65535
65535
65535
65535
65535
65535
65535
65535
65535
65535
65535
65535
65535
65535
65535
65535
65535
65535
65535
65535
65535
65535
65535
65535
65535
65535
65535
65535
65535
65535
65535
65535
65535
65535
65535
65535
65535
65535
65535
65535
65535
65535
65535
65535
65535
65535
65535
65535
65535
65535
65535
65535
65535
65535
65535
65535
65535
65535
65535
65535
65535
65535
65535
65535
65535
65535
65535
65535
65535
65535
65535
65535
65535
65535
65535
65535
65535
65535
65535
65535
65535
65535
65535
65535
65535
65535
65535
65535
65535
65535
65535
65535
65535
65535
65535
65535
65535
65535
65535
65535
65535
65535
65535
65535
65535
65535
65535
65535
65535
65535
65535
65535
65535
65535
65535
65535
65535
65535
65535
65535
65535
65535
65535
65535
65535
65535
65535
65535
65535
65535
65535
65535
65535
65535
65535
65535
65535
65535
65535
65535
65535
65535
65535
65535
65535
65535
65535
65535
65535
65535
65535
65535
65535
65535
65535
65535
65535
65535
65535
65535
65535
65535
65535
65535
65535
65535
65535
65535
65535
65535
65535
65535
65535
65535
65535
65535
65535
65535
65535
65535
65535
65535
65535
65535
65535
65535
65535
65535
65535
65535
65535
65535
65535
65535
65535
65535
65535
65535
65535
65535
65535
65535
65535
65535
65535
65535
65535
65535
65535
65535
65535
65535
65535
65535
65535
65535
65535
65535
65535
65535
65535
65535
65535
65535
65535
65535
65535
65535
65535
65535
65535
65535
65535
65535
65535
65535
65535
65535
65535
65535
65535
65535
65535
65535
65535
65535
65535
65535
65535
65535
65535
65535
65535
65535
65535
65535
65535
65535
65535
65535
65535