7136
789
39752
43518
50654
9109
4644
37260
26054
35073
37350
22772
52017
32581
61825
10562
34948
24136
56751
30573
11136
25409
59908
60697
54744
43932
36491
37674
65431
2567
64032
14652
5723
28620
24550
27222
50119
44561
434
60412
48111
27187
45225
5957
57310
34897
5742
3555
16340
12269
52021
22867
49135
63802
34647
56057
37014
26597
14297
22222
36890
993
25773
57295
65220
5727
169
6211
17508
28804
56955
56256
13617
58229
14102
15285
26582
19141
4958
9512
30527
43311
12274
53909
3040
29308
63807
11055
8868
63592
32554
15000
15789
60401
64561
50378
36195
32125
16453
34097
23285
19215
52225
34671
263
56475
43780
16114
53983
34546
55561
63092
43655
20848
1411
60994
48300
7149
21422
32324
26371
62358
36179
16743
62842
16438
2255
19899
52515
22965
158
4318
20079
44464
35140
5591
14610
60710
10934
38691
4282
45128
25692
61678
35500
46402
43820
51351
16942
14360
60460
5825
38441
37347
29512
33672
39320
41597
1935
14325
63795
7279
2814
5091
49308
58327
28778
51280
28473
47605
7943
62272
61179
11403
30535
56409
40344
22395
14560
20208
50941
59960
55495
10579
51425
13251
57468
22665
50027
3623
42980
48628
12337
31469
57343
4197
55156
57433
39484
39879
1705
27579
46711
17161
51265
36688
15368
46101
58491
23688
61163
43215
48863
61253
19708
43699
39234
11173
48648
13845
64804
53597
15423
29301
60034
46945
28997
59730
38410
6978
20857
29876
57238
46031
21341
13505
61093
11318
18454
506
11013
20032
57507
22704
26470
30235
57597
9310
50156
25466
22489
49851
42016
37551
19603
53707
54101
42895
18204
59050
20876
44867
26919
13830
47934
33356
12037
39399
49906
43559
64179
32747
36512
21935
22329
11123
35114
22025
19048
59894
23208
42340
7537
24786
4955
54031
64538
51449
65327
27153
54515
2858
33591
30614
64718
29915
1854
14244
44977
13545
34165
12846
43579
50715
54480
2823
3217
3612
52687
7772
48617
10443
27693
3002
20252
50984
44637
45032
116
10623
59699
4670
11807
15572
53047
8131
43723
22404
26169
40048
58785
13869
6034
6428
20306
27443
6123
50340
60847
19302
33181
15232
45965
36247
36642
26923
20576
745
28107
21759
49121
46145
43169
30079
64183
2413
39888
30169
6967
59414
4385
14893
59109
46020
4475
60293
60687
64453
9424
26673
55524
55918
4260
63449
63844
2073
51149
2862
53821
5534
9299
36661
43798
57676
9389
9784
55488
7202
37935
61926
10268
20775
24541
11452
28701
60922
2522
41485
58734
17190
64777
58430
16885
20650
4190
51778
58914
35712
42849
4675
38778
52657
59793
18248
11901
64348
9319
63648
53930
5643
36376
61856
23682
34189
37954
45091
28631
52622
24560
35068
28720
22373
5913
44876
18303
43782
15721
54684
29994
20276
51008
33060
40197
43962
47727
6182
51887
40681
27592
48212
20151
17174
17569
17963
52067
45720
46114
29654
53645
60782
64547
16260
46993
64242
61266
54919
48571
45595
39247
63239
14952
18717
59563
43103
26643
54005
19202
49934
40216
64207
9179
44771
48536
23846
61321
13034
45255
38908
8964
5987
9753
62200
24026
41275
28186
25209
55942
4284
11421
18557
15581
2492
23112
33619
15671
12694
6347
6741
3765
62954
1183
38658
59278
46189
39841
40236
30518
61251
51532
48556
17124
2546
28026
6706
17214
37834
16514
27022
449
14327
21463
35342
10651
52985
24924
18577
29084
32850
23131
53864
39287
46423
14991
28869
52860
56626
63762
57415
19241
4664
32026
45904
22702
12983
30233
57595
31022
21303
52036
7120
27741
51732
31901
32295
32690
46568
11765
18901
29409
26432
53794
12249
64696
19780
47142
19081
12734
40096
5293
57739
64876
38303
6871
20749
24514
3195
8843
57919
23116
23510
60985
53150
35201
8628
19136
63352
38662
45799
42822
56700
15155
22292
49654
36565
21987
668
1062
31795
38932
5617
9382
23261
43881
51017
9472
63802
28999
21163
18187
35436
22347
59821
50103
43756
7070
34432
61794
10136
50982
22921
30057
16968
37588
34612
38377
17058
15964
36584
3269
47486
9312
40045
1871
46088
49853
35276
7215
27835
55197
20394
7305
7699
8094
38826
32479
39616
11554
35545
56166
56560
8273
52490
17687
65275
3504
27495
61599
58623
13707
57923
19749
16773
40764
41159
13097
20234
27370
37877
7934
18441
18835
49568
53334
5047
39151
7719
14855
18621
10785
21292
43795
42701
18011
58857
62622
9477
55181
10266
61224
6195
60525
29093
41483
65474
40784
56545
35225
7164
48010
65259
43940
61189
23015
47006
60884
32823
29847
22011
35889
39655
43420
53928
9012
2664
46881
54018
40928
16238
33487
23769
30905
17816
62033
44084
54592
43385
47151
22460
59935
8278
55865
4207
11344
38706
42471
7668
55256
37308
47815
54951
23519
5571
12707
50182
40464
9032
29652
53643
8727
22605
26371
33507
30531
26066
1376
18625
7418
29921
1860
25851
4532
8297
5321
63021
18105
62322
51116
36538
28703
641
14520
25027
13821
9356
60314
18770
39390
4587
11723
39085
911
41757
50776
15973
29851
63955
42636
1091
38566
20617
12782
56998
8711
25961
56694
32003
39140
2849
63920
32488
31394
57268
751
44968
13536
47639
49917
21856
536
48124
8462
42565
53073
21641
62486
62881
9735
6759
34121
26285
11708
7243
51460
65338
22305
14469
3263
57592
17930
41921
30715
44593
13161
12067
63026
31593
45472
61233
23059
63905
7388
44862
11942
46046
61807
47230
4196
23328
2009
29371
60104
52268
54546
2888
50476
22414
4466
28457
49077
52843
18040
10204
29336
36472
55604
30914
9595
60553
39234
34769
3337
8985
53202
25141
44273
22954
11747
30879
29785
63889
45941
1025
37011
49402
46820
22129
17665
26684
12106
27867
16661
18938
58296
50460
62850
55015
15352
46085
13165
22184
37945
50335
32387
955
6603
49331
65092
25430
54675
36727
35633
54765
4990
32352
4291
60503
14099
48203
5169
24301
16466
42340
24391
53636
22204
49566
21505
60862
58280
21989
27637
14943
3736
54695
36746
62620
58155
57062
49226
31278
40297
39203
7771
3306
49406
6373
5279
21040
31942
2392
18153
48886
19337
58695
30633
1084
43812
49461
24770
64128
14353
30114
45875
12955
20485
14533
60632
41195
43473
39008
2717
43563
7271
19661
225
15986
65456
54250
59898
50574
37879
11701
54429
55218
18927
11092
16740
19017
44891
15341
54699
8295
37540
14732
35747
27911
63898
20865
11541
54269
44946
1912
27786
15092
5768
13299
14088
50074
40751
55023
27357
36376
30423
24470
6916
22677
60547
42993
16814
42688
13139
34153
60027
40590
63093
9947
14107
63578
19056
48301
57320
22912
10217
42833
63847
51153
62054
52731
35177
8998
41614
47262
31197
45469
26033
35052
15615
2921
27306
12729
16889
42762
30068
3889
41759
44036
48196
42243
36290
45704
56606
50653
17732
1667
37653
14846
54203
21283
42298
11260
5307
41294
11745
27506
41778
12229
29873
10436
43052
47212
54743
16963
32724
20029
19330
60571
10796
18326
20604
6421
51032
45079
62723
53399
57559
28010
57254
49813
16893
41279
13612
59711
32045
53059
50477
37783
31830
52845
8323
51052
61954
42517
33193
27240
38142
18706
2640
28514
42787
5007
9167
6585
37713
23530
7464
11624
59606
13597
37982
1691
9222
23495
46392
6730
58083
42017
31205
58962
38037
6999
61723
54282
29987
56255
19964
15893
26795
64665
60595
53154
1890
37877
40549
64934
64235
23085
50841
23175
22475
16523
40908
8382
42881
42182
59825
50501
22835
60704
63376
32338
23014
60884
65044
5550
46791
49463
3453
2754
64220
60150
14140
58751
34455
52099
48029
62302
48119
59021
38096
17171
55041
64454
57013
19234
65333
19324
47080
32897
5230
28128
54396
45467
48139
3617
44858
64384
18374
14304
62286
54845
17066
12996
20527
55025
46096
4946
34585
3547
12961
12262
50131
57662
18394
21066
37221
2813
12227
14898
22429
18359
21031
10219
37975
2079
55314
54615
32202
11277
12461
53701
63115
62416
16406
46045
31863
39393
6868
58221
30554
10024
5954
35593
24781
20711
43608
46280
33980
50135
24351
64103
65287
5794
53776
1024
57631
29964
61092
25195
17754
58994
9614
59479
43808
48362
2353
53706
38034
32476
30289
53581
42769
33839
51878
46319
23906
50175
14278
22203
51843
26059
25359
61741
12360
13544
61526
14028
16700
17883
49011
41570
32641
6857
56721
39168
36980
24680
2267
42019
34578
42503
3236
29504
30688
26618
46144
58929
53370
37699
13403
26188
47597
60382
9513
49265
57190
41519
10482
46863
10966
50718
1338
47832
3705
51687
15790
5373
43637
12993
31032
60671
58484
22587
50738
58663
9677
31086
39012
63792
44750
59417
50488
51672
29259
6845
14771
29438
62448
1467
9392
10576
42098
41793
4408
37418
45344
43156
9142
57519
36989
48285
62952
32309
38747
34677
39231
45668
16513
29692
5791
10346
51980
58418
33028
44325
17052
53434
32903
32599
1956
40219
48145
12643
35935
53973
26701
9541
24209
34017
33318
21017
62652
3553
11479
9686
62922
61129
48829
6585
61703
34431
17272
13596
6549
991
57598
43809
19908
33087
956
42591
25432
21756
53278
39490
10729
42251
55430
51755
63051
37662
29127
5226
56973
48438
24537
61313
17186
10140
33431
4671
995
51255
27354
48763
19608
36158
656
13835
46
13226
33146
20846
17565
9030
57407
30135
28342
49751
61442
9085
8781
42185
51993
13120
16187
49591
7347
20526
47189
15058
28237
31303
49736
7492
54380
33850
18573
1414
44932
53251
49576
22304
7027
37061
21784
31592
6203
42979
42674
47623
8750
37295
22019
3371
48377
12875
29425
25749
23956
5309
47338
50404
16785
25105
60392
14777
56806
9703
24765
16230
44776
54978
4504
19566
51483
56432
63263
17648
46194
57885
51233
50928
28910
2032
1727
4794
9743
7950
26382
44815
7825
26258
41319
56381
54588
37823
49514
36120
62783
25793
47597
15860
47776
10786
37843
24449
4314
48226
4888
34922
4673
54932
48280
18032
46577
28324
58753
23645
25223
38797
22032
21727
48784
38761
23485
33688
42007
27125
12243
39301
15794
47710
52659
52749
787
25962
2455
20888
19489
58148
29782
46726
30356
5361
592
63241
56589
60050
13341
52000
60714
28977
7353
47894
59980
34985
15244
60644
20283
20767
59820
38196
40168
43629
7033
9006
34575
43290
28407
32263
2409
46321
26185
53637
57098
3647
15732
34560
9565
25021
31853
31943
57512
7432
47973
56688
31693
15322
440
24127
9245
38185
53641
21904
5534
59559
64902
35048
33650
34134
34619
35103
64043
64528
32791
61731
38619
15507
37705
12710
65246
55618
42619
19506
13249
11851
4105
64872
16675
48986
56212
14757
18612
57665
844
6582
15296
4179
8035
6636
7515
46568
18597
52791
51787
28675
14187
49869
43611
40725
4129
45065
15211
41174
45029
12199
39651
40135
25648
41104
34847
5387
51182
13098
37179
4348
4832
1946
64595
18281
1911
59701
4762
47581
9891
60939
36339
60814
7758
15379
9516
26855
372
58162
9965
56549
64170
19739
10505
33097
27234
49827
45452
19364
10130
52948
5146
30715
31594
12247
1525
32742
43734
14274
65323
45976
40113
10654
14903
64464
16661
56109
13165
54495
8576
39793
27188
24696
25575
12970
38934
37930
48922
17580
10228
49676
65527
57781
2842
1838
64882
20451
21724
24486
38848
29614
31982
16006
32251
4674
39263
6827
48551
7885
42868
62484
38278
39552
38943
51422
3620
13124
59707
54633
47282
38048
47552
16604
64676
32240
21518
2566
28924
56770
47931
58923
23116
59587
183
4828
10960
54173
25108
16269
47486
4937
6211
37822
25612
41857
22905
29038
52420
1641
65079
47615
207
31425
61548
20882
17296
33542
23214
44713
59076
19898
61623
731
12117
60584
60369
36163
64404
6883
53862
48788
18629
8301
28312
29586
12911
39663
44702
5919
34160
40687
5274
32027
11587
58565
28012
1224
38090
6048
59768
49835
11446
24715
13294
48671
20001
44871
51792
4779
43133
27946
2646
14427
51687
15181
62554
59363
47547
3904
29169
10611
19021
46168
10756
39391
12604
46493
51531
65195
45544
18756
27166
10491
22666
22846
14795
38571
20408
10870
21557
29967
42142
14260
15928
38216
58622
30740
54911
62227
22350
19553
47095
14355
38525
2019
59899
8421
30315
29006
51689
38780
37866
35069
40897
1020
38674
7422
41311
30284
40971
41545
30124
14238
20066
50979
18238
15442
58350
40581
56522
22293
4524
10352
49495
8524
59663
59143
38003
41949
22692
38632
22747
21833
48281
12169
19880
50792
39766
50847
53699
26212
10326
53234
662
21857
65159
51156
48754
53488
17771
40848
26450
29302
62492
11803
61453
61328
62691
30345
65023
29701
19069
12202
64129
1839
33541
58501
12671
33166
16186
5949
34279
43873
43748
61966
8300
30284
18558
3461
43393
44756
58115
12679
17808
9059
2586
59767
1243
16484
8524
12164
40495
63967
5442
15824
5981
17852
23375
54378
7454
6235
45073
7169
43031
18216
1630
24008
2564
29801
58921
59585
45277
57542
11013
20302
58046
45227
37661
58550
14299
62156
52707
18174
24091
60348
17584
50469
29420
10647
23701
20994
62504
21229
35377
26717
44630
22487
54279
20140
29823
57849
42447
4937
3020
48295
2949
41483
2879
26441
61603
48084
29706
1216
6434
26625
16477
19813
41886
43734
30609
20461
44417
2443
11032
34594
26723
38684
3846
47633
24396
43492
33739
15756
56961
49090
20994
3405
53934
12354
49794
9702
32564
21323
12358
21342
11983
2625
8632
24753
30366
34491
37127
12796
3438
54756
35678
1629
48483
45167
63170
31003
25804
44202
47233
26668
53690
28660
3236
13403
32590
13907
5732
60816
27556
60226
33708
39411
56320
41798
19045
12752
38681
36154
1800
23264
29361
18604
22424
63719
48103
56083
24007
50724
10023
16121
21125
31382
27761
49225
33609
4903
38363
42273
10591
623
44195
31250
65104
3084
41797
43430
43574
64339
64878
5135
12416
21580
25490
17100
34494
7366
12065
63563
33065
58384
33534
41998
6641
57439
13063
47401
8672
54217
34621
48733
19024
44343
53202
28747
13310
64898
15752
18658
44766
6127
57321
28400
59063
593
31256
60036
33787
62962
727
54986
33202
60888
41382
54096
20012
51069
35722
20770
17024
52636
18552
3994
38817
38138
4448
23600
42751
2015
62012
53103
48658
4945
39463
9234
12715
37909
6192
46753
3040
33488
14161
63741
34696
21017
32818
22510
56813
55130
58305
64153
46799
6941
38268
29538
6231
55202
50632
39320
16802
35829
36118
37591
64148
7221
52911
39107
63083
40959
55217
32788
2130
29172
45007
22579
30184
31442
47672
11545
3874
64016
52974
16847
28702
43928
44971
8934
37644
63073
58953
12498
1241
50661
43169
10988
15976
38913
40440
50683
15310
12857
49367
24896
46130
31072
16804
2536
37343
50436
19798
65202
35353
57950
34537
50088
17746
31019
11856
48117
32325
42102
36908
64329
28886
19317
53265
17911
45208
46325
2922
40815
1357
30321
13275
50255
22092
27335
11653
22634
24595
10581
31764
50850
25719
65425
32638
47744
56592
42632
10634
34150
7496
458
56374
61027
18577
30456
60283
6232
55891
16112
35128
19341
13666
62805
41459
64635
26130
4390
13382
22375
35528
32040
5441
8696
29289
33243
53263
29370
26797
48519
51020
49450
64341
16977
31293
62769
13253
4887
10704
17130
29114
60051
63231
25081
39683
43687
62968
53703
52579
7148
13374
12375
19910
60276
17067
47230
15443
63375
65117
46544
20440
23491
64626
41713
32194
9891
43315
46706
56444
36148
3462
35129
16931
45136
45980
50894
11591
52008
17869
5443
17709
22837
20830
4549
65406
53590
48516
2596
4963
17443
1073
28130
12854
63113
29099
3315
31466
59223
4589
60801
52965
28275
35411
25693
5862
51567
24994
18647
20529
46009
31037
5952
39661
4464
38173
48286
58399
6346
16459
33314
46798
53539
63652
8229
18342
25084
25084
25084
35197
48680
58793
58793
58793
58793
62164
62164
62164
62164
62164
65535
65535
65535
65535
65535
65535
65535
65535
65535
65535
65535
65535
65535
65535
65535
65535
65535
65535
65535
65535
65535
65535
65535
65535
65535
65535
65535
65535
65535
65535
65535
65535
65535
65535
65535
65535
65535
65535
65535
65535
65535
65535
65535
65535
65535
65535
65535
65535
65535
65535
65535
65535
65535
65535
65535
65535
65535
65535
65535
65535
65535
65535
65535
65535
65535
65535
65535
65535
65535
65535
65535
65535
65535
65535
65535
65535
65535
65535
65535
65535
65535
65535
65535
65535
65535
65535
65535
65535
65535
65535
65535
65535
65535
65535
65535
65535
65535
65535
65535
65535
65535
65535
65535
65535
65535
65535
65535
65535
65535
65535
65535
65535
65535
65535
65535
65535
65535
65535
65535
65535
65535
65535
65535
65535
65535
65535
65535
65535
65535
65535
65535
65535
65535
65535
65535
65535
65535
65535
65535
65535
65535
65535
65535
65535
65535
65535
65535
65535
65535
65535
65535
65535
65535
65535
65535
65535
65535
65535
65535
65535
65535
65535
65535
65535
65535
65535
65535
65535
65535
65535
65535
65535
65535
65535
65535
65535
65535
65535
65535
65535
65535
65535
65535
65535
65535
65535
65535
65535
65535
65535
65535
65535
65535
65535
65535
65535
65535
65535
65535
65535
65535
65535
65535
65535
65535
65535
65535
65535
65535
65535
65535
65535
65535
65535
65535
65535
65535
65535
65535
65535
65535
65535
65535
65535
65535
65535
65535
65535
65535
65535
65535
65535
65535
65535
65535
65535
65535
65535
65535
65535
65535
65535
65535
65535
65535
65535
65535
65535
65535
65535
65535
65535
65535
65535
65535
65535
65535
65535
65535
65535
65535
65535
65535
65535
65535
65535
65535
65535
65535
65535
65535
65535
65535
65535
65535
65535
65535
65535
65535
65535
65535
65535
65535
65535
65535
65535
65535
65535
65535
65535
65535
65535
65535
65535
65535
65535
65535
65535
65535
65535
65535
65535
65535
65535
65535
65535
65535
65535
65535
65535
65535
65535
65535
65535
65535
65535
65535
65535
65535
65535
65535
65535
65535
65535
65535
65535
65535
65535
65535
65535
65535
65535
65535
65535
65535
65535
65535
65535
65535
65535
65535
65535
65535
65535
65535
65535
65535
65535
65535
65535
65535
65535
65535
65535
65535
65535
65535
65535
65535
65535
65535
65535
65535
65535
65535
65535
65535
65535
65535
65535
65535
65535
65535
65535
65535
65535
65535
65535
65535
65535
65535
65535
65535
65535
65535
65535
65535
65535
65535
65535
65535
65535
65535
65535
65535
65535
65535
65535
65535
65535
65535
65535
65535
65535
65535
65535
65535
65535
65535
65535
65535
65535
65535
65535
65535
65535
65535
65535
65535
65535
65535
65535
65535
65535
65535
65535
65535
65535
65535
65535
65535
65535
65535
65535
65535
65535
65535
65535
65535
65535
65535
65535
65535
65535
65535
65535
65535
65535
65535
65535
65535
65535
65535
65535
65535
65535
65535
65535
65535
65535
65535
65535
65535
65535
65535
65535
65535
65535
65535
65535
65535
65535
65535
65535
65535
65535
65535
65535
65535
65535
65535
65535
65535
65535
65535
65535
65535
65535
65535
65535
65535
65535
65535
65535
65535
65535
65535
65535
65535
65535
65535
65535
65535
65535
65535
65535
65535
65535
65535
65535
65535
65535
65535
65535
65535
65535
65535
65535
65535
65535
65535
65535
65535
65535
65535
65535
65535
65535
65535
65535
65535
65535
65535
65535
65535
65535
65535
65535
65535
65535
65535
65535
65535
65535
65535
65535
65535
65535
65535
65535
65535
65535
65535
65535
65535
65535
65535
65535
65535
65535
65535
65535
65535
65535
65535
65535
65535
65535
65535
65535
65535
65535
65535
65535
65535
65535
65535
65535
65535
65535
65535
65535
65535
65535
65535
65535
65535
65535
65535
65535
65535
65535
65535
65535
65535
65535
65535
65535
65535
65535
65535
65535
65535
65535
65535
65535
65535
65535
65535
65535
65535
65535
65535
65535
65535
65535
65535
65535
65535
65535
65535
65535
65535
65535
65535
65535
65535
65535
65535
65535
65535
65535
65535
65535
65535
65535
65535
65535
65535
65535
65535
65535
65535
65535
65535
65535
65535
65535
65535
65535
65535
65535
65535
65535
65535
65535
65535
65535
65535
65535
65535
65535
65535
65535
65535
65535
65535
65535
65535
65535
65535
65535
65535
65535
65535
65535
65535
65535
65535
65535
65535
65535
65535
65535
65535
65535
65535
65535
65535
65535
65535
65535
65535
65535
65535
65535
65535
65535
65535
65535
65535
65535
65535
65535
65535
65535
65535
65535
65535
65535
65535
65535
65535
65535
65535
65535
65535
65535
65535
65535
65535
65535
65535
65535
65535
65535
65535
65535
65535
65535
65535
65535
65535
65535
65535
65535
65535
65535
65535
65535
65535
65535
65535
65535
65535
65535
65535
65535
65535
65535
65535
65535
65535
65535
65535
65535
65535
65535
65535
65535
65535
65535
65535
65535
65535
65535
65535
65535
65535
65535
65535
65535
65535
65535
65535
65535
65535
65535
65535
65535
65535
65535
65535
65535
65535
65535
65535
65535
65535
65535
65535
65535
65535
65535
65535
65535
65535
65535
65535
65535
65535
65535
65535
65535
65535
65535
65535
65535
65535
65535
65535
65535
65535
65535
65535
65535
65535
65535
65535
65535
65535
65535
65535
65535
65535
65535
65535
65535
65535
65535
65535
65535
65535
65535
65535
65535
65535
65535
65535
65535
65535
65535
65535
65535
65535
65535
65535
65535
65535
65535
65535
65535
65535
65535
65535
65535
65535
65535
65535
65535
65535
65535
65535
65535
65535
65535
65535
65535
65535
65535
65535
65535
65535
65535
65535
65535
65535
65535
65535
65535
65535
65535
65535
65535
65535
65535
65535
65535
65535
65535
65535
65535
65535
65535
65535
65535
65535
65535
65535
65535
65535
65535
65535
65535
65535
65535
65535
65535
65535
65535
65535
65535
65535
65535
65535
65535
65535
65535
65535
65535
65535
65535
65535
65535
65535
65535
65535
65535
65535
65535
65535
65535
65535
65535
65535
65535
65535
65535
65535
65535
65535
65535
65535
65535
65535
65535
65535
65535
65535
65535
65535
65535
65535
65535
65535
65535
65535
65535
65535
65535
65535
65535
65535
65535
65535
65535
65535
65535
65535
65535
65535
65535
65535
65535
65535
65535
65535
65535
65535
65535
65535
65535
65535
65535
65535
65535
65535
65535
65535
65535
65535
65535
65535
65535
65535
65535
65535
65535
65535
65535
65535
65535
65535
65535
65535
65535
65535
65535
65535
65535
65535
65535
65535
65535
65535
65535
65535
65535
65535
65535
65535
65535
65535
65535
65535
65535
65535
65535
65535
65535
65535
65535
65535
65535
65535
65535
65535
65535
65535
65535
65535
65535
65535
65535
65535
65535
65535
65535
65535
65535
65535
65535
65535
65535
65535
65535
65535
65535
65535
65535
65535
65535
65535
65535
65535
65535
65535
65535
65535
65535
65535
65535
65535
65535
65535
65535
65535
65535
65535
65535
65535
65535
65535
65535
65535
65535
65535
65535
65535
65535
65535
65535
65535
65535
65535
65535
65535
65535
65535
65535
65535
65535
65535
65535
65535
65535
65535
65535
65535
65535
65535
65535
65535
65535
65535
65535
65535
65535
65535
65535
65535
65535
65535
65535
65535
65535
65535
65535
65535
65535
65535
65535
65535
65535
65535
65535
65535
65535
65535
65535
65535
65535
65535
65535
65535
65535
65535
65535
65535
65535
65535
65535
65535
65535
65535
65535
65535
65535
65535
65535
65535
65535
65535
65535
65535
65535
65535
65535
65535
65535
65535
65535
65535
65535
65535
65535
65535
65535
65535
65535
65535
65535
65535
65535
65535
65535
65535
65535
65535
65535
65535
65535
65535
65535
65535
65535
65535
65535
65535
65535
65535
65535
65535
65535
65535
65535
65535
65535
65535
65535
65535
65535
65535
65535
65535
65535
65535
65535
65535
65535
65535
65535
65535
65535
65535
65535
65535
65535
65535
65535
65535
65535
65535
65535
65535
65535
65535
65535
65535
65535
65535
65535
65535
65535
65535
65535
65535
65535
65535
65535
65535
65535
65535
65535
65535
65535
65535
65535
65535
65535
65535
65535
65535
65535
65535
65535
65535
65535
65535
65535
65535
65535
65535
65535
65535
65535
65535
65535
65535
65535
65535
65535
65535
65535
65535
65535
65535
65535
65535
65535
65535
65535
65535
65535
65535
65535
65535
65535
65535
65535
65535
65535
65535
65535
65535
65535
65535
65535
65535
65535
65535
65535
65535
65535
65535
65535
65535
65535
65535
65535
65535
65535
65535
65535
65535
65535
65535
65535
65535
65535
65535
65535
65535
65535
65535
65535
65535
65535
65535
65535
65535
65535
65535
65535
65535
65535
65535
65535
65535
65535
65535
65535
65535
65535
65535
65535
65535
65535
65535
65535
65535
65535
65535
65535
65535
65535
65535
65535
65535
65535
65535
65535
65535
65535
65535
65535
65535
65535
65535
65535
65535
65535
65535
65535
65535
65535
65535
65535
65535
65535
65535
65535
65535
65535
65535
65535
65535
65535
65535
65535
65535
65535
65535
65535
65535
65535
65535
65535
65535
65535
65535
65535
65535
65535
65535
65535
65535
65535
65535
65535
65535
65535
65535
65535
65535
65535
65535
65535
65535
65535
65535
65535
65535
65535
65535
65535
65535
65535
65535
65535
65535
65535
65535
65535
65535
65535
65535
65535
65535
65535
65535
65535
65535
65535
65535
65535
65535
65535
65535
65535
65535
65535
65535
65535
65535
65535
65535
65535
65535
65535
65535
65535
65535
65535
65535
65535
65535
65535
65535
65535
65535
65535
65535
65535
65535
65535
65535
65535
65535
65535
65535
65535
65535
65535
65535
65535
65535
65535
65535
65535
65535
65535
65535
65535
65535
65535
65535
65535
65535
65535
65535
65535
65535
65535
65535
65535
65535
65535
65535
65535
65535
65535
65535
65535
65535
65535
65535
65535
65535
65535
65535
65535
65535
65535
65535
65535
65535
65535
65535
65535
65535
65535
65535
65535
65535
65535
65535
65535
65535
65535
65535
65535
65535
65535
65535
65535
65535
65535
65535
65535
65535
65535
65535
65535
65535
65535
65535
65535
65535
65535
65535
65535
65535
65535
65535
65535
65535
65535
65535
65535
65535
65535
65535
65535
65535
65535
65535
65535
65535
65535
65535
65535
65535
65535
65535
65535
65535
65535
65535
65535
65535
65535
65535
65535
65535
65535
65535
65535
65535
65535
65535
65535
65535
65535
65535
65535
65535
65535
65535
65535
65535
65535
65535
65535
65535
65535
65535
65535
65535
65535
65535
65535
65535
65535
65535
65535
65535
65535
65535
65535
65535
65535
65535
65535
65535
65535
65535
65535
65535
65535
65535
65535
65535
65535
65535
65535
65535
65535
65535
65535
65535
65535
65535
65535
65535
65535
65535
65535
65535
65535
65535
65535
65535
65535
65535
65535
65535
65535
65535
65535
65535
65535
65535
65535
65535
65535
65535
65535
65535
65535
65535
65535
65535
65535
65535
65535
65535
65535
65535
65535
65535
65535
65535
65535
65535
65535
65535
65535
65535
65535
65535
65535
65535
65535
65535
65535
65535
65535
65535
65535
65535
65535
65535
65535
65535
65535
65535
65535
65535
65535
65535
65535
65535
65535
65535
65535
65535
65535
65535
65535
65535
65535
65535
65535
65535
65535
65535
65535
65535
65535
65535
65535
65535
65535
65535
65535
65535
65535
65535
65535
65535
65535
65535
65535
65535
65535
65535
65535
65535
65535
65535
65535
65535
65535
65535
65535
65535
65535
65535
65535
65535
65535
65535
65535
65535
65535
65535
65535
65535
65535
65535
65535
65535
65535
65535
65535
65535
65535
65535
65535
65535
65535
65535
65535
65535
65535
65535
65535
65535
65535
65535
65535
65535
65535
65535
65535
65535
65535
65535
65535
65535
65535
65535
65535
65535
65535
65535
65535
65535
65535
65535
65535
65535
65535
65535
65535
65535
65535
65535
65535
65535
65535
65535
65535
65535
65535
65535
65535
65535
65535
65535
65535
65535
65535
65535
65535
65535
65535
65535
65535
65535
65535
65535
65535
65535
65535
65535
65535
65535
65535
65535
65535
65535
65535
65535
65535
65535
65535
65535
65535
65535
65535
65535
65535
65535
65535
65535
65535
65535
65535
65535
65535
65535
65535
65535
65535
65535
65535
65535
65535
65535
65535
65535
65535
65535
65535
65535
65535
65535
65535
65535
65535
65535
65535
65535
65535
65535
65535
65535
65535
65535
65535
65535
65535
65535
65535
65535
65535
65535
65535
65535
65535
65535
65535
65535
65535
65535
65535
65535
65535
65535
65535
65535
65535
65535
65535
65535
65535
65535
65535
65535
65535
65535
65535
65535
65535
65535
65535
65535
65535
65535
65535
65535
65535
65535
65535
65535
65535
65535
65535
65535
65535
65535
65535
65535
65535
65535
65535
65535
65535
65535
65535
65535
65535
65535
65535
65535
65535
65535
65535
65535
65535
65535
65535
65535
65535
65535
65535
65535
65535
65535
65535
65535
65535
65535
65535
65535
65535
65535
65535
65535
65535
65535
65535
65535
65535
65535
65535
65535
65535
65535
65535
65535
65535
65535
65535
65535
65535
65535
65535
65535
65535
65535
65535
65535
65535
65535
65535
65535
65535
65535
65535
65535
65535
65535
65535
65535
65535
65535
65535
65535
65535
65535
65535
65535
65535
65535
65535
65535
65535
65535
65535
65535
65535
65535
65535
65535
65535
65535
65535
65535
65535
65535
65535
65535
65535
65535
65535
65535
65535
65535
65535
65535
65535
65535
65535
65535
65535
65535
65535
65535
65535
65535
65535
65535
65535
65535
65535
65535
65535
65535
65535
65535
65535
65535
65535
65535
65535
65535
65535
65535
65535
65535
65535
65535
65535
65535
65535
65535
65535
65535
65535
65535
65535
65535
65535
65535
65535
65535
65535
65535
65535
65535
65535
65535
65535
65535
65535
65535
65535
65535
65535
65535
65535
65535
65535
65535
65535
65535
65535
65535
65535
65535
65535
65535
65535
65535
65535
65535
65535
65535
65535
65535
65535
65535
65535
65535
65535
65535
65535
65535
65535
65535
65535
65535
65535
65535
65535
65535
65535
65535
65535
65535
65535
65535
65535
65535
65535
65535
65535
65535
65535
65535
65535
65535
65535
65535
65535
65535
65535
65535
65535
65535
65535
65535
65535
65535
65535
65535
65535
65535
65535
65535
65535
65535
65535
65535
65535
65535
65535
65535
65535
65535
65535
65535
65535
65535
65535
65535
65535
65535
65535
65535
65535
65535
65535
65535
65535
65535
65535
65535
65535
65535
65535
65535
65535
65535
65535
65535
65535
65535
65535
65535
65535
65535
65535
65535
65535
65535
65535
65535
65535
65535
65535
65535
65535
65535
65535
65535
65535
65535
65535
65535
65535
65535
65535
65535
65535
65535
65535
65535
65535
65535
65535
65535
65535
65535
65535
65535
65535
65535
65535
65535
65535
65535
65535
65535
65535
65535
65535
65535
65535
65535
65535
65535
65535
65535
65535
65535
65535
65535
65535
65535
65535
65535
65535
65535
65535
65535
65535
65535
65535
65535
65535
65535
65535
65535
65535
65535
65535
65535
65535
65535
65535
65535
65535
65535
65535
65535
65535
65535
65535
65535
65535
65535
65535
65535
65535
65535
65535
65535
65535
65535
65535
65535
65535
65535
65535
65535
65535
65535
65535
65535
65535
65535
65535
65535
65535
65535
65535
65535
65535
65535
65535
65535
65535
65535
65535
65535
65535
65535
65535
65535
65535
65535
65535
65535
65535
65535
65535
65535
65535
65535
65535
65535
65535
65535
65535
65535
65535
65535
65535
65535
65535
65535
65535
65535
65535
65535
65535
65535
65535
65535
65535
65535
65535
65535
65535
65535
65535
65535
65535
65535
65535
65535
65535
65535
65535
65535
65535
65535
65535
65535
65535
65535
65535
65535
65535
65535
65535
65535
65535
65535
65535
65535
65535
65535
65535
65535
65535
65535
65535
65535
65535
65535
65535
65535
65535
65535
65535
65535
65535
65535
65535
65535
65535
65535
65535
65535
65535
65535
65535
65535
65535
65535
65535
65535
65535
65535
65535
65535
65535
65535
65535
65535
65535
65535
65535
65535
65535
65535
65535
65535
65535
65535
65535
65535
65535
65535
65535
65535
65535
65535
65535
65535
65535
65535
65535
65535
65535
65535
65535
65535
65535
65535
65535
65535
65535
65535
65535
65535
65535
65535
65535
65535
65535
65535
65535
65535
65535
65535
65535
65535
65535
65535
65535
65535
65535
65535
65535
65535
65535
65535
65535
65535
65535
65535
65535
65535
65535
65535
65535
65535
65535
65535
65535
65535
65535
65535
65535
65535
65535
65535
65535
65535
65535
65535
65535
65535
65535
65535
65535
65535
65535
65535
65535
65535
65535
65535
65535
65535
65535
65535
65535
65535
65535
65535
65535
65535
65535
65535
65535
65535
65535
65535
65535
65535
65535
65535
65535
65535
65535
65535
65535
65535
65535
65535
65535
65535
65535
65535
65535
65535
65535
65535
65535
65535
65535
65535
65535
65535
65535
65535
65535
65535
65535
65535
65535
65535
65535
65535
65535
65535
65535
65535
65535
65535
65535
65535
65535
65535
65535
65535
65535
65535
65535
65535
65535
65535
65535
65535
65535
65535
65535
65535
65535
65535
65535
65535
65535
65535
65535
65535
65535
65535
65535
65535
65535
65535
65535
65535
65535
65535
65535
65535
65535
65535
65535
65535
65535
65535
65535
65535
65535
65535
65535
65535
65535
65535
65535
65535
65535
65535
65535
65535
65535
65535
65535
65535
65535
65535
65535
65535
65535
65535
65535
65535
65535
65535
65535
65535
65535
65535
65535
65535
65535
65535
65535
65535
65535
65535
65535
65535
65535
65535
65535
65535
65535
65535
65535
65535
65535
65535
65535
65535
65535
65535
65535
65535
65535
65535
65535
65535
65535
65535
65535
65535
65535
65535
65535
65535
65535
65535
65535
65535
65535
65535
65535
65535
65535
65535
65535
65535
65535
65535
65535
65535
65535
65535
65535
65535
65535
65535
65535
65535
65535
65535
65535
65535
65535
65535
65535
65535
65535
65535
65535
65535
65535
65535
65535
65535
65535
65535
65535
65535
65535
65535
65535
65535
65535
65535
65535
65535
65535
65535
65535
65535
65535
65535
65535
65535
65535
65535
65535
65535
65535
65535
65535
65535
65535
65535
65535
65535
65535
65535
65535
65535
65535
65535
65535
65535
65535
65535
65535
65535
65535
65535
65535
65535
65535
65535
65535
65535
65535
65535
65535
65535
65535
65535
65535
65535
65535
65535
65535
65535
65535
65535
65535
65535
65535
65535
65535
65535
65535
65535
65535
65535
65535
65535
65535
65535
65535
65535
65535
65535
65535
65535
65535
65535
65535
65535
65535
65535
65535
65535
65535
65535
65535
65535
65535
65535
65535
65535
65535
65535
65535
65535
65535
65535
65535
65535
65535
65535
65535
65535
65535
65535
65535
65535
65535
65535
65535
65535
65535
65535
65535
65535
65535
65535
65535
65535
65535
65535
65535
65535
65535
65535
65535
65535
65535
65535
65535
65535
65535
65535
65535
65535
65535
65535
65535
65535
65535
65535
65535
65535
65535
65535
65535
65535
65535
65535
65535
65535
65535
65535
65535
65535
65535
65535
65535
65535
65535
65535
65535
65535
65535
65535
65535
65535
65535
65535
65535
65535
65535
65535
65535
65535
65535
65535
65535
65535
65535
65535
65535
65535
65535
65535
65535
65535
65535
65535
65535
65535
65535
65535
65535
65535
65535
65535
65535
65535
65535
65535
65535
65535
65535
65535
65535
65535
65535
65535
65535
65535
65535
65535
65535
65535
65535
65535
65535
65535
65535
65535
65535
65535
65535
65535
65535
65535
65535
65535
65535
65535
65535
65535
65535
65535
65535
65535
65535
65535
65535
65535
65535
65535
65535
65535
65535
65535
65535
65535
65535
65535
65535
65535
65535
65535
65535
65535
65535
65535
65535
65535
65535
65535
65535
65535
65535
65535
65535
65535
65535
65535
65535
65535
65535
65535
65535
65535
65535
65535
65535
65535
65535
65535
65535
65535
65535
65535
65535
65535
65535
65535
65535
65535
65535
65535
65535
65535
65535
65535
65535
65535
65535
65535
65535
65535
65535
65535
65535
65535
65535
65535
65535
65535
65535
65535
65535
65535
65535
65535
65535
65535
65535
65535
65535
65535
65535
65535
65535
65535
65535
65535
65535
65535
65535
65535
65535
65535
65535
65535
65535
65535
65535
65535
65535
65535
65535
65535
65535
65535
65535
65535
65535
65535
65535
65535
65535
65535
65535
65535
65535
65535
65535
65535
65535
65535
65535
65535
65535
65535
65535
65535
65535
65535
65535
65535
65535
65535
65535
65535
65535
65535
65535
65535
65535
65535
65535
65535
65535
65535
65535
65535
65535
65535
65535
65535
65535
65535
65535
65535
65535
65535
65535
65535
65535
65535
65535
65535
65535
65535
65535
65535
65535
65535
65535
65535
65535
65535
65535
65535
65535
65535
65535
65535
65535
65535
65535
65535
65535
65535
65535
65535
65535
65535
65535
65535
65535
65535
65535
65535
65535
65535
65535
65535
65535
65535
65535
65535
65535
65535
65535
65535
65535
65535
65535
65535
65535
65535
65535
65535
65535
65535
65535
65535
65535
65535
65535
65535
65535
65535
65535
65535
65535
65535
65535
65535
65535
65535
65535
65535
65535
65535
65535
65535
65535
65535
65535
65535
65535
65535
65535
65535
65535
65535
65535
65535
65535
65535
65535
65535
65535
65535
65535
65535
65535
65535
65535
65535
65535
65535
65535
65535
65535
65535
65535
65535
65535
65535
65535
65535
65535
65535
65535
65535
65535
65535
65535
65535
65535
65535
65535
65535
65535
65535
65535
65535
65535
65535
65535
65535
65535
65535
65535
65535
65535
65535
65535
65535
65535
65535
65535
65535
65535
65535
65535
65535
65535
65535
65535
65535
65535
65535
65535
65535
65535
65535
65535
65535
65535
65535
65535
65535
65535
65535
65535
65535
65535
65535
65535
65535
65535
65535
65535
65535
65535
65535
65535
65535
65535
65535
65535
65535
65535
65535
65535
65535
65535
65535
65535
65535
65535
65535
65535
65535
65535
65535
65535
65535
65535
65535
65535
65535
65535
65535
65535
65535
65535
65535
65535
65535
65535
65535
65535
65535
65535
65535
65535
65535
65535
65535
65535
65535
65535
65535
65535
65535
65535
65535
65535
65535
65535
65535
65535
65535
65535
65535
65535
65535
65535
65535
65535
65535
65535
65535
65535
65535
65535
65535
65535
65535
65535
65535
65535
65535
65535
65535
65535
65535
65535
65535
65535
65535
65535
65535
65535
65535
65535
65535
65535
65535
65535
65535
65535
65535
65535
65535
65535
65535
65535
65535
65535
65535
65535
65535
65535
65535
65535
65535
65535
65535
65535
65535
65535
65535
65535
65535
65535
65535
65535
65535
65535
65535
65535
65535
65535
65535
65535
65535
65535
65535
65535
65535
65535
65535
65535
65535
65535
65535
65535
65535
65535
65535
65535
65535
65535
65535
65535
65535
65535
65535
65535
65535
65535
65535
65535
65535
65535
65535
65535
65535
65535
65535
65535
65535
65535
65535
65535
65535
65535
65535
65535
65535
65535
65535
65535
65535
65535
65535
65535
65535
65535
65535
65535
65535
65535
65535
65535
65535
65535
65535
65535
65535
65535
65535
65535
65535
65535
65535
65535
65535
65535
65535
65535
65535
65535
65535
65535
65535
65535
65535
65535
65535
65535
65535
65535
65535
65535
65535
65535
65535
65535
65535
65535
65535
65535
65535
65535
65535
65535
65535
65535
65535
65535
65535
65535
65535
65535
65535
65535
65535
65535
65535
65535
65535
65535
65535
65535
65535
65535
65535
65535
65535
65535
65535
65535
65535
65535
65535
65535
65535
65535
65535
65535
65535
65535
65535
65535
65535
65535
65535
65535
65535
65535
65535
65535
65535
65535
65535
65535
65535
65535
65535
65535
65535
65535
65535
65535
65535
65535
65535
65535
65535
65535
65535
65535
65535
65535
65535
65535
65535
65535
65535
65535
65535
65535
65535
65535
65535
65535
65535
65535
65535
65535
65535
65535
65535
65535
65535
65535
65535
65535
65535
65535
65535
65535
65535
65535
65535
65535
65535
65535
65535
65535
65535
65535
65535
65535
65535
65535
65535
65535
65535
65535
65535
65535
65535
65535
65535
65535
65535
65535
65535
65535
65535
65535
65535
65535
65535
65535
65535
65535
65535
65535
65535
65535
65535
65535
65535
65535
65535
65535
65535
65535
65535
65535
65535
65535
65535
65535
65535
65535
65535
65535
65535
65535
65535
65535
65535
65535
65535
65535
65535
65535
65535
65535
65535
65535
65535
65535
65535
65535
65535
65535
65535
65535
65535
65535
65535
65535
65535
65535
65535
65535
65535
65535
65535
65535
65535
65535
65535
65535
65535
65535
65535
65535
65535
65535
65535
65535
65535
65535
65535
65535
65535
65535
65535
65535
65535
65535
65535
65535
65535
65535
65535
65535
65535
65535
65535
65535
65535
65535
65535
65535
65535
65535
65535
65535
65535
65535
65535
65535
65535
65535
65535
65535
65535
65535
65535
65535
65535
65535
65535
65535
65535
65535
65535
65535
65535
65535
65535
65535
65535
65535
65535
65535
65535
65535
65535
65535
65535
65535
65535
65535
65535
65535
65535
65535
65535
65535
65535
65535
65535
65535
65535
65535
65535
65535
65535
65535
65535
65535
65535
65535
65535
65535
65535
65535
65535
65535
65535
65535
65535
65535
65535
65535
65535
65535
65535
65535
65535
65535
65535
65535
65535
65535
65535
65535
65535
65535
65535
65535
65535
65535
65535
65535
65535
65535
65535
65535
65535
65535
65535
65535
65535
65535
65535
65535
65535
65535
65535
65535
65535
65535
65535
65535
65535
65535
65535
65535
65535
65535
65535
65535
65535
65535
65535
65535
65535
65535
65535
65535
65535
65535
65535
65535
65535
65535
65535
65535
65535
65535
65535
65535
65535
65535
65535
65535
65535
65535
65535
65535
65535
65535
65535
65535
65535
65535
65535
65535
65535
65535
65535
65535
65535
65535
65535
65535
65535
65535
65535
65535
65535
65535
65535
65535
65535
65535
65535
65535
65535
65535
65535
65535
65535
65535
65535
65535
65535
65535
65535
65535
65535
65535
65535
65535
65535
65535
65535
65535
65535
65535
65535
65535
65535
65535
65535
65535
65535
65535
65535
65535
65535
65535
65535
65535
65535
65535
65535
65535
65535
65535
65535
65535
65535
65535
65535
65535
65535
65535
65535
65535
65535
65535
65535
65535
65535
65535
65535
65535
65535
65535
65535
65535
65535
65535
65535
65535
65535
65535
65535
65535
65535
65535
65535
65535
65535
65535
65535
65535
65535
65535
65535
65535
65535
65535
65535
65535
65535
65535
65535
65535
65535
65535
65535
65535
65535
65535
65535
65535
65535
65535
65535
65535
65535
65535
65535
65535
65535
65535
65535
65535
65535
65535
65535
65535
65535
65535
65535
65535
65535
65535
65535
65535
65535
65535
65535
65535
65535
65535
65535
65535
65535
65535
65535
65535
65535
65535
65535
65535
65535
65535
65535
65535
65535
65535
65535
65535
65535
65535
65535
65535
65535
65535
65535
65535
65535
65535
65535
65535
65535
65535
65535
65535
65535
65535
65535
65535
65535
65535
65535
65535
65535
65535
65535
65535
65535
65535
65535
65535
65535
65535
65535
65535
65535
65535
65535
65535
65535
65535
65535
65535
65535
65535
65535
65535
65535
65535
65535
65535
65535
65535
65535
65535
65535
65535
65535
65535
65535
65535
65535
65535
65535
65535
65535
65535
65535
65535
65535
65535
65535
65535
65535
65535
65535
65535
65535
65535
65535
65535
65535
65535
65535
65535
65535
65535
65535
65535
65535
65535
65535
65535
65535
65535
65535
65535
65535
65535
65535
65535
65535
65535
65535
65535
65535
65535
65535
65535
65535
65535
65535
65535
65535
65535
65535
65535
65535
65535
65535
65535
65535
65535
65535
65535
65535
65535
65535
65535
65535
65535
65535
65535
65535
65535
65535
65535
65535
65535
65535
65535
65535
65535
65535
65535
65535
65535
65535
65535
65535
65535
65535
65535
65535
65535
65535
65535
65535
65535
65535
65535
65535
65535
65535
65535
65535
65535
65535
65535
65535
65535
65535
65535
65535
65535
65535
65535
65535
65535
65535
65535
65535
65535
65535
65535
65535
65535
65535
65535
65535
65535
65535
65535
65535
65535
65535
65535
65535
65535
65535
65535
65535
65535
65535
65535
65535
65535
65535
65535
65535
65535
65535
65535
65535
65535
65535
65535
65535
65535
65535
65535
65535
65535
65535
65535
65535
65535
65535
65535
65535
65535
65535
65535
65535
65535
65535
65535
65535
65535
65535
65535
65535
65535
65535
65535
65535
65535
65535
65535
65535
65535
65535
65535
65535
65535
65535
65535
65535
65535
65535
65535
65535
65535
65535
65535
65535
65535
65535
65535
65535
65535
65535
65535
65535
65535
65535
65535
65535
65535
65535
65535
65535
65535
65535
65535
65535
65535
65535
65535
65535
65535
65535
65535
65535
65535
65535
65535
65535
65535
65535
65535
65535
65535
65535
65535
65535
65535
65535
65535
65535
65535
65535
65535
65535
65535
65535
65535
65535
65535
65535
65535
65535
65535
65535
65535
65535
65535
65535
65535
65535
65535
65535
65535
65535
65535
65535
65535
65535
65535
65535
65535
65535
65535
65535
65535
65535
65535
65535
65535
65535
65535
65535
65535
65535
65535
65535
65535
65535
65535
65535
65535
65535
65535
65535
65535
65535
65535
65535
65535
65535
65535
65535
65535
65535
65535
65535
65535
65535
65535
65535
65535
65535
65535
65535
65535
65535
65535
65535
65535
65535
65535
65535
65535
65535
65535
65535
65535
65535
65535
65535
65535
65535
65535
65535
65535
65535
65535
65535
65535
65535
65535
65535
65535
65535
65535
65535
65535
65535
65535
65535
65535
65535
65535
65535
65535
65535
65535
65535
65535
65535
65535
65535
65535
65535
65535
65535
65535
65535
65535
65535
65535
65535
65535
65535
65535
65535
65535
65535
65535
65535
65535
65535
65535
65535
65535
65535
65535
65535
65535
65535
65535
65535
65535
65535
65535
65535
65535
65535
65535
65535
65535
65535
65535
65535
65535
65535
65535
65535
65535
65535
65535
65535
65535
65535
65535
65535
65535
65535
65535
65535
65535
65535
65535
65535
65535
65535
65535
65535
65535
65535
65535
65535
65535
65535
65535
65535
65535
65535
65535
65535
65535
65535
65535
65535
65535
65535
65535
65535
65535
65535
65535
65535
65535
65535
65535
65535
65535
65535
65535
65535
65535
65535
65535
65535
65535
65535
65535
65535
65535
65535
65535
65535
65535
65535
65535
65535
65535
65535
65535
65535
65535
65535
65535
65535
65535
65535
65535
65535
65535
65535
65535
65535
65535
65535
65535
65535
65535
65535
65535
65535
65535
65535
65535
65535
65535
65535
65535
65535
65535
65535
65535
65535
65535
65535
65535
65535
65535
65535
65535
65535
65535
65535
65535
65535
65535
65535
65535
65535
65535
65535
65535
65535
65535
65535
65535
65535
65535
65535
65535
65535
65535
65535
65535
65535
65535
65535
65535
65535
65535
65535
65535
65535
65535
65535
65535
65535
65535
65535
65535
65535
65535
65535
65535
65535
65535
65535
65535
65535
65535
65535
65535
65535
65535
65535
65535
65535
65535
65535
65535
65535
65535
65535
65535
65535
65535
65535
65535
65535
65535
65535
65535
65535
65535
65535
65535
65535
65535
65535
65535
65535
65535
65535
65535
65535
65535
65535
65535
65535
65535
65535
65535
65535
65535
65535
65535
65535
65535
65535
65535
65535
65535
65535
65535
65535
65535
65535
65535
65535
65535
65535
65535
65535
65535
65535
65535
65535
65535
65535
65535
65535
65535
65535
65535
65535
65535
65535
65535
65535
65535
65535
65535
65535
65535
65535
65535
65535
65535
65535
65535
65535
65535
65535
65535
65535
65535
65535
65535
65535
65535
65535
65535
65535
65535
65535
65535
65535
65535
65535
65535
65535
65535
65535
65535
65535
65535
65535
65535
65535
65535
65535
65535
65535
65535
65535
65535
65535
65535
65535
65535
65535
65535
65535
65535
65535
65535
65535
65535
65535
65535
65535
65535
65535
65535
65535
65535
65535
65535
65535
65535
65535
65535
65535
65535
65535
65535
65535
65535
65535
65535
65535
65535
65535
65535
65535
65535
65535
65535
65535
65535
65535
65535
65535
65535
65535
65535
65535
65535
65535
65535
65535
65535
65535
65535
65535
65535
65535
65535
65535
65535
65535
65535
65535
65535
65535
65535
65535
65535
65535
65535
65535
65535
65535
65535
65535
65535
65535
65535
65535
65535
65535
65535
65535
65535
65535
65535
65535
65535
65535
65535
65535
65535
65535
65535
65535
65535
65535
65535
65535
65535
65535
65535
65535
65535
65535
65535
65535
65535
65535
65535
65535
65535
65535
65535
65535
65535
65535
65535
65535
65535
65535
65535
65535
65535
65535
65535
65535
65535
65535
65535
65535
65535
65535
65535
65535
65535
65535
65535
65535
65535
65535
65535
65535
65535
65535
65535
65535
65535
65535
65535
65535
65535
65535
65535
65535
65535
65535
65535
65535
65535
65535
65535
65535
65535
65535
65535
65535
65535
65535
65535
65535
65535
65535
65535
65535
65535
65535
65535
65535
65535
65535
65535
65535
65535
65535
65535
65535
65535
65535
65535
65535
65535
65535
65535
65535
65535
65535
65535
65535
65535
65535
65535
65535
65535
65535
65535
65535
65535
65535
65535
65535
65535
65535
65535
65535
65535
65535
65535
65535
65535
65535
65535
65535
65535
65535
65535
65535
65535
65535
65535
65535
65535
65535
65535
65535
65535
65535
65535
65535
65535
65535
65535
65535
65535
65535
65535
65535
65535
65535
65535
65535
65535
65535
65535
65535
65535
65535
65535
65535
65535
65535
65535
65535
65535
65535
65535
65535
65535
65535
65535
65535
65535
65535
65535
65535
65535
65535
65535
65535
65535
65535
65535
65535
65535
65535
65535
65535
65535
65535
65535
65535
65535
65535
65535
65535
65535
65535
65535
65535
65535
65535
65535
65535
65535
65535
65535
65535
65535
65535
65535
65535
65535
65535
65535
65535
65535
65535
65535
65535
65535
65535
65535
65535
65535
65535
65535
65535
65535
65535
65535
65535
65535
65535
65535
65535
65535
65535
65535
65535
65535
65535
65535
65535
65535
65535
65535
65535
65535
65535
65535
65535
65535
65535
65535
65535
65535
65535
65535
65535
65535
65535
65535
65535
65535
65535
65535
65535
65535
65535
65535
65535
65535
65535
65535
65535
65535
65535
65535
65535
65535
65535
65535
65535
65535
65535
65535
65535
65535
65535
65535
65535
65535
65535
65535
65535
65535
65535
65535
65535
65535
65535
65535
65535
65535
65535
65535
65535
65535
65535
65535
65535
65535
65535
65535
65535
65535
65535
65535
65535
65535
65535
65535
65535
65535
65535
65535
65535
65535
65535
65535
65535
65535
65535
65535
65535
65535
65535
65535
65535
65535
65535
65535
65535
65535
65535
65535
65535
65535
65535
65535
65535
65535
65535
65535
65535
65535
65535
65535
65535
65535
65535
65535
65535
65535
65535
65535
65535
65535
65535
65535
65535
65535
65535
65535
65535
65535
65535
65535
65535
65535
65535
65535
65535
65535
65535
65535
65535
65535
65535
65535
65535
65535
65535
65535
65535
65535
65535
65535
65535
65535
65535
65535
65535
65535
65535
65535
65535
65535
65535
65535
65535
65535
65535
65535
65535
65535
65535
65535
65535
65535
65535
65535
65535
65535
65535
65535
65535
65535
65535
65535
65535
65535
65535
65535
65535
65535
65535
65535
65535
65535
65535
65535
65535
65535
65535
65535
65535
65535
65535
65535
65535
65535
65535
65535
65535
65535
65535
65535
65535
65535
65535
65535
65535
65535
65535
65535
65535
65535
65535
65535
65535
65535
65535
65535
65535
65535
65535
65535
65535
65535
65535
65535
65535
65535
65535
65535
65535
65535
65535
65535
65535
65535
65535
65535
65535
65535
65535
65535
65535
65535
65535
65535
65535
65535
65535
65535
65535
65535
65535
65535
65535
65535
65535
65535
65535
65535
65535
65535
65535
65535
65535
65535
65535
65535
65535
65535
65535
65535
65535
65535
65535
65535
65535
65535
65535
65535
65535
65535
65535
65535
65535
65535
65535
65535
65535
65535
65535
65535
65535
65535
65535
65535
65535
65535
65535
65535
65535
65535
65535
65535
65535
65535
65535
65535
65535
65535
65535
65535
65535
65535
65535
65535
65535
65535
65535
65535
65535
65535
65535
65535
65535
65535
65535
65535
65535
65535
65535
65535
65535
65535
65535
65535
65535
65535
65535
65535
65535
65535
65535
65535
65535
65535
65535
65535
65535
65535
65535
65535
65535
65535
65535
65535
65535
65535
65535
65535
65535
65535
65535
65535
65535
65535
65535
65535
65535
65535
65535
65535
65535
65535
65535
65535
65535
65535
65535
65535
65535
65535
65535
65535
65535
65535
65535
65535
65535
65535
65535
65535
65535
65535
65535
65535
65535
65535