27978
52848
2855
27724
58811
21253
2347
61412
42506
11166
51579
17129
4441
60397
29057
50817
38129
22332
15861
62491
34259
37114
24425
17954
11483
8121
64077
51388
44917
16685
888
19286
22141
31214
49612
8691
11546
51959
26582
38763
10277
44219
62617
31023
61856
11610
30008
13957
16558
38065
15797
27978
8818
33434
14274
51325
824
47201
18715
18208
58367
57859
54243
63061
3235
55829
58430
36162
38763
32038
15987
27914
5646
5138
13957
10341
12942
34195
64774
33180
35781
19730
6788
50055
37113
2410
8120
60460
6851
9452
52720
58430
39270
54306
56907
190
18334
2283
32862
1014
6724
62173
17890
45360
4186
59889
28041
49294
8120
41808
19286
40539
30705
14654
1458
19603
56399
46566
14718
45297
38318
31593
62172
24107
36034
57287
53671
53164
46185
48786
7612
59952
34321
55574
14400
48088
6914
65471
27406
45550
23028
47390
37303
64773
42251
57287
569
6279
39967
23662
1394
16430
34575
65154
23980
23472
16747
44218
40601
64963
39333
26390
56970
3361
61918
23853
38888
13258
3424
43583
43076
36351
48278
22647
6596
2980
42885
54812
50942
53543
43710
58746
23789
54368
53861
53353
46374
26961
29562
13257
6279
27532
51894
7611
25755
37683
49610
11544
51450
32290
34891
34384
15224
30260
26644
10593
3868
18904
33939
30323
4692
25946
28547
28039
27532
23915
1393
7103
56334
55827
11544
32797
54050
9768
37492
33876
2028
17063
28991
6722
9323
61917
64518
29562
50815
6532
9133
49038
64074
22900
56588
49863
14906
45739
4565
41362
47071
58999
24042
4628
4121
62932
9323
5707
30069
26453
22836
19220
12495
46183
1900
38697
31972
22138
12305
24232
20616
17000
13383
12876
3042
43201
36476
42186
47896
19410
15794
5960
27467
39395
35778
38379
6785
3169
27531
2154
48530
60457
19283
43645
40029
51956
23470
19854
38252
3549
15477
39838
30005
1265
22772
9830
12431
61916
45865
42249
57539
821
56524
21821
46436
64581
4755
48022
25754
34573
30956
14905
23978
64137
57412
22709
19093
59252
36983
58236
60838
4120
22265
59315
30829
8561
48720
54430
35270
18966
18458
61726
36349
17189
19790
56841
12558
8942
52209
51702
35651
7165
19346
53288
49671
36729
17570
26642
38569
41170
22011
27974
5706
42756
11162
54430
4183
62994
37364
43327
52146
57855
63565
31971
6594
6340
36919
17760
45484
41868
19600
15983
3041
64961
14714
42439
23279
1011
44279
22010
43517
2597
48973
26705
4437
25690
9639
56015
65088
8370
48529
23152
19536
376
52970
21376
20868
61027
44976
38251
440
59251
8751
45801
51511
29242
50749
37807
40408
39901
36284
57538
38378
6784
43834
46435
21058
39203
16934
50876
13064
56332
37173
36665
29940
4563
63374
53541
53033
43199
30257
48656
10844
51003
3865
34444
37299
27466
20741
1581
47958
56776
3421
52906
15094
49036
39202
4499
3992
28608
34317
24484
2215
57918
32287
34888
6403
52779
42945
11351
57727
23024
756
6466
31082
5451
64262
20233
4182
35015
312
56014
58616
64325
54492
41550
9955
9448
49607
8686
8433
7925
7417
63120
28417
43453
14967
26894
57727
29242
19408
15792
9067
61661
26958
17124
60392
59884
43833
27782
58615
58108
48274
3991
6592
52969
2469
51954
32794
16743
10018
47069
15474
43199
36474
48401
51002
25625
18900
55950
33682
5197
17377
38884
16616
19217
24927
33746
27021
32730
4245
53730
15918
56077
40026
45736
51446
54047
44213
53032
5640
8242
39075
60328
47385
46878
65022
45863
57790
51065
819
53412
21818
46434
55252
54745
29368
35078
9701
6084
18011
29939
51192
38250
62865
59249
64959
39582
42183
48147
16552
62929
59312
58805
42754
29812
4435
31905
9637
12238
43071
54998
54491
882
9700
62294
49352
20866
26576
1199
60010
62611
55886
55379
51762
32603
50747
40914
59312
37044
39645
4942
4434
63245
47195
34252
18201
36346
60708
57091
9954
12555
21373
5322
11032
13633
6908
3292
9002
14712
45291
41675
56711
53094
21246
8304
10905
22832
44086
21817
18201
30128
35838
57091
25497
18772
24482
61278
7670
35140
59502
40342
14712
32856
16805
28732
28225
62166
2340
51825
60644
60136
19216
34252
30635
33237
29620
38439
37931
49858
43134
27083
16995
63372
12871
27907
39834
64196
26131
41167
6210
2594
26956
20231
41484
31650
56012
61722
23656
54236
47511
53221
46496
2467
51952
60770
10270
50175
15219
20928
26638
41674
59818
49985
37043
55187
14013
19723
22324
56266
30635
8113
16931
25750
22134
24735
52205
42118
44719
53537
18581
64957
57978
10587
28731
37550
18390
24100
32919
54172
9889
6273
36852
30127
1388
13315
15916
27843
14647
60770
19596
62863
21689
39834
14203
60325
19151
34187
24100
1578
19722
62990
34251
24163
54742
51126
626
31205
46241
23719
51190
47320
46812
52268
14203
4369
13187
40658
2593
20737
23338
47700
37866
27779
30380
54742
7351
626
40531
43132
17501
44972
19341
43703
49413
29999
60579
10079
34440
52585
11411
45099
44337
3163
27525
45670
60705
7097
62545
43132
36153
54298
56899
56137
39833
39071
7223
62672
58802
33171
19975
56772
31141
2402
20546
26002
41038
56074
33552
45479
10522
44210
62101
24035
17057
44527
28222
27715
42751
10903
63243
12489
8872
17691
48270
35074
47001
12044
8174
29428
10014
21941
40086
29999
10585
38056
37294
14772
23337
50808
46938
36850
5002
29364
63052
46747
45986
26572
54043
28412
2782
64448
63686
59816
24606
39641
10902
10141
56263
58611
20545
13313
59435
55565
20609
63623
56644
12107
33360
10585
59816
40403
36533
57786
16612
307
52647
14328
13566
41037
46493
55058
26064
34883
37230
55121
29490
19403
18642
11663
51568
16611
62734
8871
23653
44907
53471
27841
42623
1195
433
43447
11345
10330
53344
49474
26952
1068
50299
55755
64320
41798
12804
58673
57912
60259
15723
36722
23526
25873
243
65017
51821
44843
62733
58863
51885
13565
15913
58673
54803
35136
65461
42685
57467
12931
49474
17626
60386
50298
11979
32979
47761
50362
36912
39259
940
28157
8743
42178
56960
43764
8553
29552
47443
18450
51884
4239
40782
11788
42114
22447
27903
17562
32344
9822
27712
11408
26190
56515
15087
51630
19782
40781
36911
64128
56896
34120
58228
22764
25111
11661
41987
41225
49790
55246
57593
34817
52708
55056
16736
43953
11851
26633
3857
49980
33675
39131
50805
51
33485
16926
28600
52708
42367
50678
31011
23778
54104
62668
46110
29298
53406
42811
10709
62795
21367
36149
4047
28155
17814
45031
494
21494
20479
16355
12485
61462
57339
46998
39765
10772
25554
58988
23778
50994
49979
55181
29297
31391
39955
23397
59940
62033
39257
53786
27901
64444
19907
50233
52580
51565
25680
62223
8107
19526
56069
64380
4300
28408
30756
57972
22762
15529
42746
54420
47187
64824
20287
44396
21620
55054
38495
46806
64443
7218
59304
61398
60637
46933
5251
23142
41033
36909
14133
3792
36972
20414
50739
21746
64506
16607
31389
33483
7598
6583
18003
32531
41096
5632
17051
34688
8804
51310
12991
58606
48518
56829
43380
8169
4045
53023
23776
50993
40651
61397
19715
2903
11214
59938
37162
4806
16226
2522
4616
6709
42999
63998
56765
21301
13815
25235
39763
38748
34624
8739
32848
16035
52578
1570
25425
49279
26249
56575
58922
4806
25551
24283
41919
9564
17875
63490
21808
54988
35068
65139
4552
47058
46043
63680
44013
64758
4425
3410
17938
16923
62792
24472
48327
28406
46043
19904
6455
27200
23076
12482
52133
51118
59429
14638
35384
40586
5122
19650
18635
58033
7025
52640
4741
44139
61776
39000
62854
33607
63679
6454
36526
1061
24916
17683
47755
5819
39000
15970
52259
47882
28214
5439
13750
3408
27263
13813
50102
36398
44709
52766
36208
32084
65265
51815
9879
21299
4487
28341
36652
19840
31259
52005
57207
9308
32909
59618
55494
44899
43630
8166
41346
40331
32845
22250
55430
63488
15588
58349
13558
34304
11274
63107
5628
20156
34684
36524
3915
21298
54225
108
58412
26056
40584
20663
32083
43503
29799
38110
37095
17174
59680
27325
44962
62599
24026
63423
59046
58031
13240
30623
26246
15651
5056
16222
61837
50988
24850
61139
28530
33478
38427
43629
11273
19584
33859
23264
62661
8291
16348
2645
60948
19013
36650
44707
5880
38807
18886
42740
19711
55746
48260
53462
49338
35634
31257
17553
16538
37284
14254
10130
36840
20027
56316
39758
44706
24786
48386
53335
17870
25927
28021
11209
3722
36649
7402
40582
17553
47624
15269
45340
15840
8353
1121
46736
64373
19329
8734
994
55935
38869
59361
64309
6831
14888
35633
12857
46038
41660
27957
64246
9876
14824
7338
6069
26561
10002
36965
29479
40899
27195
47941
55998
14316
31699
33539
22944
59233
64182
59804
24340
41723
21548
17171
43880
48829
13110
55617
10573
62405
48701
12983
30367
53967
2706
17234
9748
27131
19391
30557
23070
37599
30113
28844
61770
13871
31254
23768
63166
55680
32650
24910
1627
59676
42610
32015
30493
54347
34426
32903
53395
8351
53712
17994
32269
21420
41912
6194
42229
6511
11713
32205
37154
42356
10000
58724
23006
9302
48193
21800
23640
28589
46226
57392
21673
60817
44005
24084
47685
40198
51618
25226
36392
34869
14694
50983
65258
20468
62720
20785
57074
40262
4543
59231
23766
50729
5939
38866
6256
51617
50349
8413
47557
36962
32585
25098
30047
22561
39944
29349
24971
17485
31760
46034
4352
59294
17358
28270
48762
28587
30173
53520
45780
736
36771
32140
49523
63544
21608
57644
3273
1751
47112
8285
19451
61704
29348
12282
10759
37469
26874
9808
30299
19705
40196
16913
27825
7650
59483
14439
13170
58785
50791
5747
32456
28079
4795
6635
27127
60053
55676
48190
18689
57833
15897
58150
47301
30489
57198
46603
4668
40703
11202
3462
58150
41084
8474
38292
18117
32392
6254
2130
16404
62019
35627
33851
29220
8791
26428
3398
58086
31947
52439
10250
15199
48125
21733
29790
62717
5238
57070
43113
26047
55865
42161
47110
33406
57007
30615
10440
58910
32518
27886
1494
59544
27189
53898
46158
22874
15134
10503
65190
17038
27950
48441
12723
52121
47743
33786
16466
8726
4095
59036
26427
6759
49012
41526
21351
32263
43429
51486
40891
26934
38100
11708
4221
15133
48314
25284
48885
28710
24332
1303
49773
17163
40510
61002
3269
2001
22492
2318
54150
43555
54467
9423
58147
28646
30486
35434
15260
26172
40446
63793
62270
23444
3015
1746
59796
11643
50787
15069
51358
34546
51929
44443
55355
47615
58527
51041
58844
41524
15132
1428
53007
26615
50216
52055
41207
33720
1111
18494
63855
24775
4600
59288
11135
40953
2126
44378
43110
51167
18557
20397
12657
33149
57003
27503
41777
56052
7899
25282
17796
47614
46091
51039
21539
38922
28073
42348
9484
64426
38033
39620
59858
2379
44885
43362
48057
43426
64172
40888
45837
44568
24647
29595
56304
39238
41078
42664
63156
46344
26169
5994
14052
15891
5043
56621
64678
13163
52561
4154
18429
36066
22362
61506
60237
5867
4598
6438
8278
538
55479
25978
15129
7389
65439
26612
56430
20712
44313
24138
35050
64868
54019
58968
54590
34669
36255
537
36573
38159
52433
22932
37207
32829
22234
36509
53892
30609
16905
40506
7896
56366
51989
50720
15002
63725
53130
17412
31941
14875
35366
43170
45010
12400
63979
59601
61441
854
8911
48055
40568
4850
59791
46088
3899
21282
35556
30925
60743
9481
42408
37777
36254
59854
15064
54462
34541
8403
29148
18553
35936
9544
5167
3898
24136
25976
46722
60996
31495
11321
726
12145
26420
50020
39425
25722
55793
23438
62836
58458
32320
53065
1804
535
43041
32446
6308
1931
44437
5864
57696
3326
8275
7006
27498
10685
46974
11510
50908
49639
14175
19123
30543
10622
3136
21026
35555
28322
27053
22676
65182
35935
40884
45832
29274
5990
54714
56554
2437
63596
28131
36189
22485
18361
23563
3643
36823
63786
28575
61756
63849
43928
2247
10558
34412
20708
35237
52620
14047
34792
39741
16711
12587
24007
10303
34158
4911
25656
37076
64293
19502
9161
23690
47544
30985
26862
56933
37266
33142
38345
52873
26735
53698
49574
20581
28892
6116
36441
41643
49954
8273
786
37075
4720
15886
5545
44942
9478
33332
38534
50208
49193
16837
37583
5227
16647
88
64609
7384
18804
20897
10556
3324
42975
54649
19438
21532
23625
44371
46464
48304
37963
5607
38788
62642
14743
60612
34727
49256
45132
62769
30667
23434
22419
65179
4846
13157
30794
20452
7003
55980
17407
44370
52935
11253
25781
6114
14425
25845
18612
42467
63212
37328
54965
10174
65369
23688
25781
52744
36186
721
34156
30032
1039
62451
55218
44877
15630
11506
60484
21911
17787
41641
46844
23814
13473
18675
42783
29333
12521
20832
32252
53251
36439
54076
18865
8524
38850
3385
30348
41768
31427
39738
57375
28128
8461
26351
43988
8524
29270
40689
14551
38405
9412
8397
41831
59468
27112
35169
27683
48429
40943
39928
38659
46970
8650
54265
52997
33329
41640
37517
58262
7254
59341
11442
16644
31426
2179
1164
9221
26604
19372
18103
45066
37580
20767
44622
21592
29903
53757
49634
45256
19118
49189
23051
37579
54963
10172
55787
51663
37960
27365
57437
37516
2051
29014
31108
36310
53947
30918
39228
37960
49379
26350
12646
39609
4145
43542
39165
41258
12011
51409
25271
30473
972
58768
38847
44050
45889
13534
46460
35865
56611
8712
38530
33899
7760
28506
8585
47983
9410
64351
25270
24001
13406
9029
39101
34723
55469
10678
24953
39481
16198
49378
32566
62637
42716
53882
52613
63779
15626
26792
3763
43160
60544
21971
4905
31614
27236
53945
65365
14104
41067
18037
1225
49695
51534
22034
26728
62764
58386
29139
30725
57688
43477
10868
34722
61431
50582
24190
29139
30725
60289
49440
38592
30852
48235
59401
11248
50392
46014
29202
40368
7758
22033
14293
41256
36624
19812
62065
63905
53056
17338
37830
8329
53690
61494
19812
21652
13912
24824
38844
9344
48488
25204
51914
50391
14673
56672
11627
779
46394
13784
24950
4776
65426
10549
49693
26409
62444
14038
37638
61239
53499
17781
10041
5410
16575
65299
20001
9152
60731
62317
42142
37511
48677
16068
14545
62761
36369
53245
5092
9786
33387
53879
61682
10167
27296
31991
27360
4076
2554
41698
11943
38399
61745
19556
14925
44489
27423
47661
24378
41507
52419
19556
5345
16003
8263
34718
36304
56543
58129
12831
33069
47343
5154
37827
21015
19492
20824
53751
5344
35162
5408
22283
64282
34527
26534
28120
26343
31038
60602
62188
26216
30657
9975
29959
9531
11117
31355
17144
56034
26279
46517
13654
55653
53877
61680
63012
20823
15684
4582
43218
775
23868
18983
4518
2742
60284
36493
9593
17143
62250
1155
14922
28435
51528
59078
19997
46199
28626
14161
3312
20188
24629
22598
45691
56096
16761
37000
38586
21266
16381
30148
30972
16507
5405
44041
42265
15619
57618
52987
63645
24564
35476
5468
583
36364
9465
29449
40107
10099
17649
28307
29385
8703
62883
60853
18156
53684
60979
9210
38521
64469
37569
32684
18219
41312
8195
3056
57236
48988
62502
19805
52224
22216
7497
2612
22342
60979
40296
28940
8004
52604
28559
45181
61803
6672
23293
58567
3690
10732
49114
19106
26402
61676
73
38456
30208
12635
54126
58059
40486
26021
26845
12127
19423
10921
8637
19296
20374
64974
28748
32682
15108
15933
25830
17075
33696
37630
35600
58439
53046
32364
42515
46448
63070
51206
11364
18660
13521
45433
30714
31539
7494
24116
40484
7113
11047
8509
50000
22593
32997
58438
50190
29254
14282
8635
31474
44734
39341
2608
50317
1149
42640
53045
16311
10919
14598
43401
9777
22782
26462
8634
46763
63131
54376
2100
33757
40799
7175
26652
30585
40736
35343
61037
52282
55962
25192
22400
16754
35977
39149
17959
34074
12884
1020
61163
18213
3494
13391
29505
26968
2923
9457
50949
17324
24112
37118
18783
47586
41939
36293
40226
56595
57165
48157
33184
2414
6094
62875
57229
51836
15103
12819
47839
54373
8060
8377
12057
65222
43524
25443
47775
16751
57989
39908
15356
3238
31787
23032
36038
8377
24237
27663
65284
34515
25760
44982
41937
29820
2159
40034
40605
25125
9898
26013
29439
26647
61413
14593
18019
36734
49486
18463
55830
27662
46377
43078
58685
33625
43014
2411
46250
12118
2347
27280
27597
43204
18144
61475
8691
15226
40158
33751
27851
58747
15035
27787
27343
55384
20745
42315
7929
61094
33179
27025
64646
58492
24106
24170
5327
30260
39650
20553
7928
20172
41997
7611
17000
4629
19982
50878
441
22265
46691
15414
55636
61409
64581
33050
57729
23597
54240
63375
28736
15857
37427
15222
55698
64834
39774
23533
32669
53731
41106
9321
46435
2470
2279
17632
55253
44976
10082
44087
43389
58489
61407
42311
32287
9828
34507
9193
55633
23595
10969
25815
50494
40470
12048
64451
10906
882
53285
37044
5259
26068
41167
56012
27083
29240
41230
9699
43197
4941
47511
18581
20991
29620
35139
15535
36598
54298
47129
45924
48081
19151
24416
30190
63433
21815
8429
48143
47445
52457
2021
44844
40530
52013
63496
6588
27397
13757
47000
14708
38372
12805
8744
42242
9950
61845
7031
27840
35960
16103
21115
23272
56262
33295
22764
2906
26570
28220
5253
16736
12168
14072
6141
7791
50107
61590
13246
39765
10328
34245
45221
31327
54737
25300
32659
9693
57972
9629
11278
38051
32975
8994
48201
21111
53848
27265
56385
16606
12292
41920
24663
54037
64505
618
58478
19207
54544
5947
3980
36716
6771
23203
30562
3726
26882
65328
53782
45597
6326
41664
64566
46549
4169
27072
6706
26500
18062
34494
54541
39632
37412
38300
49022
36967
22566
32526
61392
2708
12668
31955
53842
35824
55111
12223
34619
31890
19836
33159
52699
27449
31192
28971
7591
29732
45656
20914
9113
40327
24910
3530
44577
28906
53903
54029
47939
4544
60881
36138
45845
30682
40135
24972
6446
3464
34170
59420
25352
3464
9300
46731
30807
58912
24843
27317
8538
8157
26682
29664
60878
60243
34739
30996
64810
5111
1621
48125
53200
24841
30677
45840
54785
47933
54024
28012
65189
4728
29217
63032
43745
11262
32135
49898
49264
48376
28835
37019
23188
44568
56115
8089
41903
31435
15003
32259
33972
4852
12782
52053
16208
1870
34923
29657
37587
14430
62773
61885
6373
1614
34160
13858
21788
22994
61757
19187
20392
24706
44563
48623
15887
41708
65181
22611
35744
49383
43864
51286
64419
11508
49763
4084
39231
39421
21467
18548
44116
25400
7445
32759
61181
33139
18040
11505
61687
1798
20386
26286
63526
10361
25841
401
6047
33961
21209
55087
14103
13786
35229
18860
5347
10993
16132
18415
39605
38526
12324
37130
2110
54640
43474
29960
12830
17715
34781
23869
41442
46073
53305
29704
37444
38713
12257
32178
43026
25389
28751
45055
18600
12889
29701
33571
49368
55331
36679
52222
30969
21642
40548
28874
4005
62815
56598
61800
8952
61292
4827
26334
6920
3304
15231
64716
60845
25381
24873
58053
54183
56530
55261
22397
61541
13641
31532
11611
47138
48216
8374
49611
4059
26391
14273
14590
33305
46310
40156
20806
21376
5388
20741
10717
48338
10843
45102
47512
21691
11413
42055
33617
60896
15154
17565
37358
32029
48967
6587
12931
32471
15468
7284
31772
32406
63365
13245
25553
21302
8232
53720
6201
52450
47692
12100
32211
24090
19331
10702
14762
6387
53461
13492
35442
1183
53205
22055
42736
19643
25035
23956
15898
10949
53645
20972
21986
23001
42160
30232
51739
63665
7455
6946
53322
24329
34479
1869
30671
50401
7196
60360
33460
61501
48621
60104
56297
61308
28761
4018
64478
38720
31613
40304
42778
207
21333
62696
62632
58952
30148
29322
24627
58504
18852
34902
53299
40864
40102
32615
12947
3176
52216
51263
59890
18017
61665
58174
64264
63882
50558
7987
4307
62038
10204
4747
14580
21367
44205
48137
47946
47500
63423
44135
65514
37471
24718
49586
14628
5808
51168
37780
36319
16016
58648
30097
38596
25653
39164
13341
6678
55273
38649
56728
37313
56534
8442
35784
28740
51767
9322
56520
48143
29489
12674
871
60694
31445
9300
47299
61824
18490
53126
30347
51469
39031
10097
46319
31216
46247
64831
27142
53339
22247
64684
35812
20327
10678
50323
54252
34961
52468
55131
42252
26137
65535
65535
65535
65535
65535
65535
65535
65535
65535
65535
65535
65535
65535
65535
65535
65535
65535
65535
65535
65535
65535
65535
65535
65535
65535
65535
65535
65535
65535
65535
65535
65535
65535
65535
65535
65535
65535
65535
65535
65535
65535
65535
65535
65535
65535
65535
65535
65535
65535
65535
65535
65535
65535
65535
65535
65535
65535
65535
65535
65535
65535
65535
65535
65535
65535
65535
65535
65535
65535
65535
65535
65535
65535
65535
65535
65535
65535
65535
65535
65535
65535
65535
65535
65535
65535
65535
65535
65535
65535
65535
65535
65535
65535
65535
65535
65535
65535
65535
65535
65535
65535
65535
65535
65535
65535
65535
65535
65535
65535
65535
65535
65535
65535
65535
65535
65535
65535
65535
65535
65535
65535
65535
65535
65535
65535
65535
65535
65535
65535
65535
65535
65535
65535
65535
65535
65535
65535
65535
65535
65535
65535
65535
65535
65535
65535
65535
65535
65535
65535
65535
65535
65535
65535
65535
65535
65535
65535
65535
65535
65535
65535
65535
65535
65535
65535
65535
65535
65535
65535
65535
65535
65535
65535
65535
65535
65535
65535
65535
65535
65535
65535
65535
65535
65535
65535
65535
65535
65535
65535
65535
65535
65535
65535
65535
65535
65535
65535
65535
65535
65535
65535
65535
65535
65535
65535
65535
65535
65535
65535
65535
65535
65535
65535
65535
65535
65535
65535
65535
65535
65535
65535
65535
65535
65535
65535
65535
65535
65535
65535
65535
65535
65535
65535
65535
65535
65535
65535
65535
65535
65535
65535
65535
65535
65535
65535
65535
65535
65535
65535
65535
65535
65535
65535
65535
65535
65535
65535
65535
65535
65535
65535
65535
65535
65535
65535
65535
65535
65535
65535
65535
65535
65535
65535
65535
65535
65535
65535
65535
65535
65535
65535
65535
65535
65535
65535
65535
65535
65535
65535
65535
65535
65535
65535
65535
65535
65535
65535
65535
65535
65535
65535
65535
65535
65535
65535
65535
65535
65535
65535
65535
65535
65535
65535
65535
65535
65535
65535
65535
65535
65535
65535
65535
65535
65535
65535
65535
65535
65535
65535
65535
65535
65535
65535
65535
65535
65535
65535
65535
65535
65535
65535
65535
65535
65535
65535
65535
65535
65535
65535
65535
65535
65535
65535
65535
65535
65535
65535
65535
65535
65535
65535
65535
65535
65535
65535
65535
65535
65535
65535
65535
65535
65535
65535
65535
65535
65535
65535
65535
65535
65535
65535
65535
65535
65535
65535
65535
65535
65535
65535
65535
65535
65535
65535
65535
65535
65535
65535
65535
65535
65535
65535
65535
65535
65535
65535
65535
65535
65535
65535
65535
65535
65535
65535
65535
65535
65535
65535
65535
65535
65535
65535
65535
65535
65535
65535
65535
65535
65535
65535
65535
65535
65535
65535
65535
65535
65535
65535
65535
65535
65535
65535
65535
65535
65535
65535
65535
65535
65535
65535
65535
65535
65535
65535
65535
65535
65535
65535
65535
65535
65535
65535
65535
65535
65535
65535
65535
65535
65535
65535
65535
65535
65535
65535
65535
65535
65535
65535
65535
65535
65535
65535
65535
65535
65535
65535
65535
65535
65535
65535
65535
65535
65535
65535
65535
65535
65535
65535
65535
65535
65535
65535
65535
65535
65535
65535
65535
65535
65535
65535
65535
65535
65535
65535
65535
65535
65535
65535
65535
65535
65535
65535
65535
65535
65535
65535
65535
65535
65535
65535
65535
65535
65535
65535
65535
65535
65535
65535
65535
65535
65535
65535
65535
65535
65535
65535
65535
65535
65535
65535
65535
65535
65535
65535
65535
65535
65535
65535
65535
65535
65535
65535
65535
65535
65535
65535
65535
65535
65535
65535
65535
65535
65535
65535
65535
65535
65535
65535
65535
65535
65535
65535
65535
65535
65535
65535
65535
65535
65535
65535
65535
65535
65535
65535
65535
65535
65535
65535
65535
65535
65535
65535
65535
65535
65535
65535
65535
65535
65535
65535
65535
65535
65535
65535
65535
65535
65535
65535
65535
65535
65535
65535
65535
65535
65535
65535
65535
65535
65535
65535
65535
65535
65535
65535
65535
65535
65535
65535
65535
65535
65535
65535
65535
65535
65535
65535
65535
65535
65535
65535
65535
65535
65535
65535
65535
65535
65535
65535
65535
65535
65535
65535
65535
65535
65535
65535
65535
65535
65535
65535
65535
65535
65535
65535
65535
65535
65535
65535
65535
65535
65535
65535
65535
65535
65535
65535
65535
65535
65535
65535
65535
65535
65535
65535
65535
65535
65535
65535
65535
65535
65535
65535
65535
65535
65535
65535
65535
65535
65535
65535
65535
65535
65535
65535
65535
65535
65535
65535
65535
65535
65535
65535
65535
65535
65535
65535
65535
65535
65535
65535
65535
65535
65535
65535
65535
65535
65535
65535
65535
65535
65535
65535
65535
65535
65535
65535
65535
65535
65535
65535
65535
65535
65535
65535
65535
65535
65535
65535
65535
65535
65535
65535
65535
65535
65535
65535
65535
65535
65535
65535
65535
65535
65535
65535
65535
65535
65535
65535
65535
65535
65535
65535
65535
65535
65535
65535
65535
65535
65535
65535
65535
65535
65535
65535
65535
65535
65535
65535
65535
65535
65535
65535
65535
65535
65535
65535
65535
65535
65535
65535
65535
65535
65535
65535
65535
65535
65535
65535
65535
65535
65535
65535
65535
65535
65535
65535
65535
65535
65535
65535
65535
65535
65535
65535
65535
65535
65535
65535
65535
65535
65535
65535
65535
65535
65535
65535
65535
65535
65535
65535
65535
65535
65535
65535
65535
65535
65535
65535
65535
65535
65535
65535
65535
65535
65535
65535
65535
65535
65535
65535
65535
65535
65535
65535
65535
65535
65535
65535
65535
65535
65535
65535
65535
65535
65535
65535
65535
65535
65535
65535
65535
65535
65535
65535
65535
65535
65535
65535
65535
65535
65535
65535
65535
65535
65535
65535
65535
65535
65535
65535
65535
65535
65535
65535
65535
65535
65535
65535
65535
65535
65535
65535
65535
65535
65535
65535
65535
65535
65535
65535
65535
65535
65535
65535
65535
65535
65535
65535
65535
65535
65535
65535
65535
65535
65535
65535
65535
65535
65535
65535
65535
65535
65535
65535
65535
65535
65535
65535
65535
65535
65535
65535
65535
65535
65535
65535
65535
65535
65535
65535
65535
65535
65535
65535
65535
65535
65535
65535
65535
65535
65535
65535
65535
65535
65535
65535
65535
65535
65535
65535
65535
65535
65535
65535
65535
65535
65535
65535
65535
65535
65535
65535
65535
65535
65535
65535
65535
65535
65535
65535
65535
65535
65535
65535
65535
65535
65535
65535
65535
65535
65535
65535
65535
65535
65535
65535
65535
65535
65535
65535
65535
65535
65535
65535
65535
65535
65535
65535
65535
65535
65535
65535
65535
65535
65535
65535
65535
65535
65535
65535
65535
65535
65535
65535
65535
65535
65535
65535
65535
65535
65535
65535
65535
65535
65535
65535
65535
65535
65535
65535
65535
65535
65535
65535
65535
65535
65535
65535
65535
65535
65535
65535
65535
65535
65535
65535
65535
65535
65535
65535
65535
65535
65535
65535
65535
65535
65535
65535
65535
65535
65535
65535
65535
65535
65535
65535
65535
65535
65535
65535
65535
65535
65535
65535
65535
65535
65535
65535
65535
65535
65535
65535
65535
65535
65535
65535
65535
65535
65535
65535
65535
65535
65535
65535
65535
65535
65535
65535
65535
65535
65535
65535
65535
65535
65535
65535
65535
65535
65535
65535
65535
65535
65535
65535
65535
65535
65535
65535
65535
65535
65535
65535
65535
65535
65535
65535
65535
65535
65535
65535
65535
65535
65535
65535
65535
65535
65535
65535
65535
65535
65535
65535
65535
65535
65535
65535
65535
65535
65535
65535
65535
65535
65535
65535
65535
65535
65535
65535
65535
65535
65535
65535
65535
65535
65535
65535
65535
65535
65535
65535
65535
65535
65535
65535
65535
65535
65535
65535
65535
65535
65535
65535
65535
65535
65535
65535
65535
65535
65535
65535
65535
65535
65535
65535
65535
65535
65535
65535
65535
65535
65535
65535
65535
65535
65535
65535
65535
65535
65535
65535
65535
65535
65535
65535
65535
65535
65535
65535
65535
65535
65535
65535
65535
65535
65535
65535
65535
65535
65535
65535
65535
65535
65535
65535
65535
65535
65535
65535
65535
65535
65535
65535
65535
65535
65535
65535
65535
65535
65535
65535
65535
65535
65535
65535
65535
65535
65535
65535
65535
65535
65535
65535
65535
65535
65535
65535
65535
65535
65535
65535
65535
65535
65535
65535
65535
65535
65535
65535
65535
65535
65535
65535
65535
65535
65535
65535
65535
65535
65535
65535
65535
65535
65535
65535
65535
65535
65535
65535
65535
65535
65535
65535
65535
65535
65535
65535
65535
65535
65535
65535
65535
65535
65535
65535
65535
65535
65535
65535
65535
65535
65535
65535
65535
65535
65535
65535
65535
65535
65535
65535
65535
65535
65535
65535
65535
65535
65535
65535
65535
65535
65535
65535
65535
65535
65535
65535
65535
65535
65535
65535
65535
65535
65535
65535
65535
65535
65535
65535
65535
65535
65535
65535
65535
65535
65535
65535
65535
65535
65535
65535
65535
65535
65535
65535
65535
65535
65535
65535
65535
65535
65535
65535
65535
65535
65535
65535
65535
65535
65535
65535
65535
65535
65535
65535
65535
65535
65535
65535
65535
65535
65535
65535
65535
65535
65535
65535
65535
65535
65535
65535
65535
65535
65535
65535
65535
65535
65535
65535
65535
65535
65535
65535
65535
65535
65535
65535
65535
65535
65535
65535
65535
65535
65535
65535
65535
65535
65535
65535
65535
65535
65535
65535
65535
65535
65535
65535
65535
65535
65535
65535
65535
65535
65535
65535
65535
65535
65535
65535
65535
65535
65535
65535
65535
65535
65535
65535
65535
65535
65535
65535
65535
65535
65535
65535
65535
65535
65535
65535
65535
65535
65535
65535
65535
65535
65535
65535
65535
65535
65535
65535
65535
65535
65535
65535
65535
65535
65535
65535
65535
65535
65535
65535
65535
65535
65535
65535
65535
65535
65535
65535
65535
65535
65535
65535
65535
65535
65535
65535
65535
65535
65535
65535
65535
65535
65535
65535
65535
65535
65535
65535
65535
65535
65535
65535
65535
65535
65535
65535
65535
65535
65535
65535
65535
65535
65535
65535
65535
65535
65535
65535
65535
65535
65535
65535
65535
65535
65535
65535
65535
65535
65535
65535
65535
65535
65535
65535
65535
65535
65535
65535
65535
65535
65535
65535
65535
65535
65535
65535
65535
65535
65535
65535
65535
65535
65535
65535
65535
65535
65535
65535
65535
65535
65535
65535
65535
65535
65535
65535
65535
65535
65535
65535
65535
65535
65535
65535
65535
65535
65535
65535
65535
65535
65535
65535
65535
65535
65535
65535
65535
65535
65535
65535
65535
65535
65535
65535
65535
65535
65535
65535
65535
65535
65535
65535
65535
65535
65535
65535
65535
65535
65535
65535
65535
65535
65535
65535
65535
65535
65535
65535
65535
65535
65535
65535
65535
65535
65535
65535
65535
65535
65535
65535
65535
65535
65535
65535
65535
65535
65535
65535
65535
65535
65535
65535
65535
65535
65535
65535
65535
65535
65535
65535
65535
65535
65535
65535
65535
65535
65535
65535
65535
65535
65535
65535
65535
65535
65535
65535
65535
65535
65535
65535
65535
65535
65535
65535
65535
65535
65535
65535
65535
65535
65535
65535
65535
65535
65535
65535
65535
65535
65535
65535
65535
65535
65535
65535
65535
65535
65535
65535
65535
65535
65535
65535
65535
65535
65535
65535
65535
65535
65535
65535
65535
65535
65535
65535
65535
65535
65535
65535
65535
65535
65535
65535
65535
65535
65535
65535
65535
65535
65535
65535
65535
65535
65535
65535
65535
65535
65535
65535
65535
65535
65535
65535
65535
65535
65535
65535
65535
65535
65535
65535
65535
65535
65535
65535
65535
65535
65535
65535
65535
65535
65535
65535
65535
65535
65535
65535
65535
65535
65535
65535
65535
65535
65535
65535
65535
65535
65535
65535
65535
65535
65535
65535
65535
65535
65535
65535
65535
65535
65535
65535
65535
65535
65535
65535
65535
65535
65535
65535
65535
65535
65535
65535
65535
65535
65535
65535
65535
65535
65535
65535
65535
65535
65535
65535
65535
65535
65535
65535
65535
65535
65535
65535
65535
65535
65535
65535
65535
65535
65535
65535
65535
65535
65535
65535
65535
65535
65535
65535
65535
65535
65535
65535
65535
65535
65535
65535
65535
65535
65535
65535
65535
65535
65535
65535
65535
65535
65535
65535
65535
65535
65535
65535
65535
65535
65535
65535
65535
65535
65535
65535
65535
65535
65535
65535
65535
65535
65535
65535
65535
65535
65535
65535
65535
65535
65535
65535
65535
65535
65535
65535
65535
65535
65535
65535
65535
65535
65535
65535
65535
65535
65535
65535
65535
65535
65535
65535
65535
65535
65535
65535
65535
65535
65535
65535
65535
65535
65535
65535
65535
65535
65535
65535
65535
65535
65535
65535
65535
65535
65535
65535
65535
65535
65535
65535
65535
65535
65535
65535
65535
65535
65535
65535
65535
65535
65535
65535
65535
65535
65535
65535
65535
65535
65535
65535
65535
65535
65535
65535
65535
65535
65535
65535
65535
65535
65535
65535
65535
65535
65535
65535
65535
65535
65535
65535
65535
65535
65535
65535
65535
65535
65535
65535
65535
65535
65535
65535
65535
65535
65535
65535
65535
65535
65535
65535
65535
65535
65535
65535
65535
65535
65535
65535
65535
65535
65535
65535
65535
65535
65535
65535
65535
65535
65535
65535
65535
65535
65535
65535
65535
65535
65535
65535
65535
65535
65535
65535
65535
65535
65535
65535
65535
65535
65535
65535
65535
65535
65535
65535
65535
65535
65535
65535
65535
65535
65535
65535
65535
65535
65535
65535
65535
65535
65535
65535
65535
65535
65535
65535
65535
65535
65535
65535
65535
65535
65535
65535
65535
65535
65535
65535
65535
65535
65535
65535
65535
65535
65535
65535
65535
65535
65535
65535
65535
65535
65535
65535
65535
65535
65535
65535
65535
65535
65535
65535
65535
65535
65535
65535
65535
65535
65535
65535
65535
65535
65535
65535
65535
65535
65535
65535
65535
65535
65535
65535
65535
65535
65535
65535
65535
65535
65535
65535
65535
65535
65535
65535
65535
65535
65535
65535
65535
65535
65535
65535
65535
65535
65535
65535
65535
65535
65535
65535
65535
65535
65535
65535
65535
65535
65535
65535
65535
65535
65535
65535
65535
65535
65535
65535
65535
65535
65535
65535
65535
65535
65535
65535
65535
65535
65535
65535
65535
65535
65535
65535
65535
65535
65535
65535
65535
65535
65535
65535
65535
65535
65535
65535
65535
65535
65535
65535
65535
65535
65535
65535
65535
65535
65535
65535
65535
65535
65535
65535
65535
65535
65535
65535
65535
65535
65535
65535
65535
65535
65535
65535
65535
65535
65535
65535
65535
65535
65535
65535
65535
65535
65535
65535
65535
65535
65535
65535
65535
65535
65535
65535
65535
65535
65535
65535
65535
65535
65535
65535
65535
65535
65535
65535
65535
65535
65535
65535
65535
65535
65535
65535
65535
65535
65535
65535
65535
65535
65535
65535
65535
65535
65535
65535
65535
65535
65535
65535
65535
65535
65535
65535
65535
65535
65535
65535
65535
65535
65535
65535
65535
65535
65535
65535
65535
65535
65535
65535
65535
65535
65535
65535
65535
65535
65535
65535
65535
65535
65535
65535
65535
65535
65535
65535
65535
65535
65535
65535
65535
65535
65535
65535
65535
65535
65535
65535
65535
65535
65535
65535
65535
65535
65535
65535
65535
65535
65535
65535
65535
65535
65535
65535
65535
65535
65535
65535
65535
65535
65535
65535
65535
65535
65535
65535
65535
65535
65535
65535
65535
65535
65535
65535
65535
65535
65535
65535
65535
65535
65535
65535
65535
65535
65535
65535
65535
65535
65535
65535
65535
65535
65535
65535
65535
65535
65535
65535
65535
65535
65535
65535
65535
65535
65535
65535
65535
65535
65535
65535
65535
65535
65535
65535
65535
65535
65535
65535
65535
65535
65535
65535
65535
65535
65535
65535
65535
65535
65535
65535
65535
65535
65535
65535
65535
65535
65535
65535
65535
65535
65535
65535
65535
65535
65535
65535
65535
65535
65535
65535
65535
65535
65535
65535
65535
65535
65535
65535
65535
65535
65535
65535
65535
65535
65535
65535
65535
65535
65535
65535
65535
65535
65535
65535
65535
65535
65535
65535
65535
65535
65535
65535
65535
65535
65535
65535
65535
65535
65535
65535
65535
65535
65535
65535
65535
65535
65535
65535
65535
65535
65535
65535
65535
65535
65535
65535
65535
65535
65535
65535
65535
65535
65535
65535
65535
65535
65535
65535
65535
65535
65535
65535
65535
65535
65535
65535
65535
65535
65535
65535
65535
65535
65535
65535
65535
65535
65535
65535
65535
65535
65535
65535
65535
65535
65535
65535
65535
65535
65535
65535
65535
65535
65535
65535
65535
65535
65535
65535
65535
65535
65535
65535
65535
65535
65535
65535
65535
65535
65535
65535
65535
65535
65535
65535
65535
65535
65535
65535
65535
65535
65535
65535
65535
65535
65535
65535
65535
65535
65535
65535
65535
65535
65535
65535
65535
65535
65535
65535
65535
65535
65535
65535
65535
65535
65535
65535
65535
65535
65535
65535
65535
65535
65535
65535
65535
65535
65535
65535
65535
65535
65535
65535
65535
65535
65535
65535
65535
65535
65535
65535
65535
65535
65535
65535
65535
65535
65535
65535
65535
65535
65535
65535
65535
65535
65535
65535
65535
65535
65535
65535
65535
65535
65535
65535
65535
65535
65535
65535
65535
65535
65535
65535
65535
65535
65535
65535
65535
65535
65535
65535
65535
65535
65535
65535
65535
65535
65535
65535
65535
65535
65535
65535
65535
65535
65535
65535
65535
65535
65535
65535
65535
65535
65535
65535
65535
65535
65535
65535
65535
65535
65535
65535
65535
65535
65535
65535
65535
65535
65535
65535
65535
65535
65535
65535
65535
65535
65535
65535
65535
65535
65535
65535
65535
65535
65535
65535
65535
65535
65535
65535
65535
65535
65535
65535
65535
65535
65535
65535
65535
65535
65535
65535
65535
65535
65535
65535
65535
65535
65535
65535
65535
65535
65535
65535
65535
65535
65535
65535
65535
65535
65535
65535
65535
65535
65535
65535
65535
65535
65535
65535
65535
65535
65535
65535
65535
65535
65535
65535
65535
65535
65535
65535
65535
65535
65535
65535
65535
65535
65535
65535
65535
65535
65535
65535
65535
65535
65535
65535
65535
65535
65535
65535
65535
65535
65535
65535
65535
65535
65535
65535
65535
65535
65535
65535
65535
65535
65535
65535
65535
65535
65535
65535
65535
65535
65535
65535
65535
65535
65535
65535
65535
65535
65535
65535
65535
65535
65535
65535
65535
65535
65535
65535
65535
65535
65535
65535
65535
65535
65535
65535
65535
65535
65535
65535
65535
65535
65535
65535
65535
65535
65535
65535
65535
65535
65535
65535
65535
65535
65535
65535
65535
65535
65535
65535
65535
65535
65535
65535
65535
65535
65535
65535
65535
65535
65535
65535
65535
65535
65535
65535
65535
65535
65535
65535
65535
65535
65535
65535
65535
65535
65535
65535
65535
65535
65535
65535
65535
65535
65535
65535
65535
65535
65535
65535
65535
65535
65535
65535
65535
65535
65535
65535
65535
65535
65535
65535
65535
65535
65535
65535
65535
65535
65535
65535
65535
65535
65535
65535
65535
65535
65535
65535
65535
65535
65535
65535
65535
65535
65535
65535
65535
65535
65535
65535
65535
65535
65535
65535
65535
65535
65535
65535
65535
65535
65535
65535
65535
65535
65535
65535
65535
65535
65535
65535
65535
65535
65535
65535
65535
65535
65535
65535
65535
65535
65535
65535
65535
65535
65535
65535
65535
65535
65535
65535
65535
65535
65535
65535
65535
65535
65535
65535
65535
65535
65535
65535
65535
65535
65535
65535
65535
65535
65535
65535
65535
65535
65535
65535
65535
65535
65535
65535
65535
65535
65535
65535
65535
65535
65535
65535
65535
65535
65535
65535
65535
65535
65535
65535
65535
65535
65535
65535
65535
65535
65535
65535
65535
65535
65535
65535
65535
65535
65535
65535
65535
65535
65535
65535
65535
65535
65535
65535
65535
65535
65535
65535
65535
65535
65535
65535
65535
65535
65535
65535
65535
65535
65535
65535
65535
65535
65535
65535
65535
65535
65535
65535
65535
65535
65535
65535
65535
65535
65535
65535
65535
65535
65535
65535
65535
65535
65535
65535
65535
65535
65535
65535
65535
65535
65535
65535
65535
65535
65535
65535
65535
65535
65535
65535
65535
65535
65535
65535
65535
65535
65535
65535
65535
65535
65535
65535
65535
65535
65535
65535
65535
65535
65535
65535
65535
65535
65535
65535
65535
65535
65535
65535
65535
65535
65535
65535
65535
65535
65535
65535
65535
65535
65535
65535
65535
65535
65535
65535
65535
65535
65535
65535
65535
65535
65535
65535
65535
65535
65535
65535
65535
65535
65535
65535
65535
65535
65535
65535
65535
65535
65535
65535
65535
65535
65535
65535
65535
65535
65535
65535
65535
65535
65535
65535
65535
65535
65535
65535
65535
65535
65535
65535
65535
65535
65535
65535
65535
65535
65535
65535
65535
65535
65535
65535
65535
65535
65535
65535
65535
65535
65535
65535
65535
65535
65535
65535
65535
65535
65535
65535
65535
65535
65535
65535
65535
65535
65535
65535
65535
65535
65535
65535
65535
65535
65535
65535
65535
65535
65535
65535
65535
65535
65535
65535
65535
65535
65535
65535
65535
65535
65535
65535
65535
65535
65535
65535
65535
65535
65535
65535
65535
65535
65535
65535
65535
65535
65535
65535
65535
65535
65535
65535
65535
65535
65535
65535
65535
65535
65535
65535
65535
65535
65535
65535
65535
65535
65535
65535
65535
65535
65535
65535
65535
65535
65535
65535
65535
65535
65535
65535
65535
65535
65535
65535
65535
65535
65535
65535
65535
65535
65535
65535
65535
65535
65535
65535
65535
65535
65535
65535
65535
65535
65535
65535
65535
65535
65535
65535
65535
65535
65535
65535
65535
65535
65535
65535
65535
65535
65535
65535
65535
65535
65535
65535
65535
65535
65535
65535
65535
65535
65535
65535
65535
65535
65535
65535
65535
65535
65535
65535
65535
65535
65535
65535
65535
65535
65535
65535
65535
65535
65535
65535
65535
65535
65535
65535
65535
65535
65535
65535
65535
65535
65535
65535
65535
65535
65535
65535
65535
65535
65535
65535
65535
65535
65535
65535
65535
65535
65535
65535
65535
65535
65535
65535
65535
65535
65535
65535
65535
65535
65535
65535
65535
65535
65535
65535
65535
65535
65535
65535
65535
65535
65535
65535
65535
65535
65535
65535
65535
65535
65535
65535
65535
65535
65535
65535
65535
65535
65535
65535
65535
65535
65535
65535
65535
65535
65535
65535
65535
65535
65535
65535
65535
65535
65535
65535
65535
65535
65535
65535
65535
65535
65535
65535
65535
65535
65535
65535
65535
65535
65535
65535
65535
65535
65535
65535
65535
65535
65535
65535
65535
65535
65535
65535
65535
65535
65535
65535
65535
65535
65535
65535
65535
65535
65535
65535
65535
65535
65535
65535
65535
65535
65535
65535
65535
65535
65535
65535
65535
65535
65535
65535
65535
65535
65535
65535
65535
65535
65535
65535
65535
65535
65535
65535
65535
65535
65535
65535
65535
65535
65535
65535
65535
65535
65535
65535
65535
65535
65535
65535
65535
65535
65535
65535
65535
65535
65535
65535
65535
65535
65535
65535
65535
65535
65535
65535
65535
65535
65535
65535
65535
65535
65535
65535
65535
65535
65535
65535
65535
65535
65535
65535
65535
65535
65535
65535
65535
65535
65535
65535
65535
65535
65535
65535
65535
65535
65535
65535
65535
65535
65535
65535
65535
65535
65535
65535
65535
65535
65535
65535
65535
65535
65535
65535
65535
65535
65535
65535
65535
65535
65535
65535
65535
65535
65535
65535
65535
65535
65535
65535
65535
65535
65535
65535
65535
65535
65535
65535
65535
65535
65535
65535
65535
65535
65535
65535
65535
65535
65535
65535
65535
65535
65535
65535
65535
65535
65535
65535
65535
65535
65535
65535
65535
65535
65535
65535
65535
65535
65535
65535
65535
65535
65535
65535
65535
65535
65535
65535
65535
65535
65535
65535
65535
65535
65535
65535
65535
65535
65535
65535
65535
65535
65535
65535
65535
65535
65535
65535
65535
65535
65535
65535
65535
65535
65535
65535
65535
65535
65535
65535
65535
65535
65535
65535
65535
65535
65535
65535
65535
65535
65535
65535
65535
65535
65535
65535
65535
65535
65535
65535
65535
65535
65535
65535
65535
65535
65535
65535
65535
65535
65535
65535
65535
65535
65535
65535
65535
65535
65535
65535
65535
65535
65535
65535
65535
65535
65535
65535
65535
65535
65535
65535
65535
65535
65535
65535
65535
65535
65535
65535
65535
65535
65535
65535
65535
65535
65535
65535
65535
65535
65535
65535
65535
65535
65535
65535
65535
65535
65535
65535
65535
65535
65535
65535
65535
65535
65535
65535
65535
65535
65535
65535
65535
65535
65535
65535
65535
65535
65535
65535
65535
65535
65535
65535
65535
65535
65535
65535
65535
65535
65535
65535
65535
65535
65535
65535
65535
65535
65535
65535
65535
65535
65535
65535
65535
65535
65535
65535
65535
65535
65535
65535
65535
65535
65535
65535
65535
65535
65535
65535
65535
65535
65535
65535
65535
65535
65535
65535
65535
65535
65535
65535
65535
65535
65535
65535
65535
65535
65535
65535
65535
65535
65535
65535
65535
65535
65535
65535
65535
65535
65535
65535
65535
65535
65535
65535
65535
65535
65535
65535
65535
65535
65535
65535
65535
65535
65535
65535
65535
65535
65535
65535
65535
65535
65535
65535
65535
65535
65535
65535
65535
65535
65535
65535
65535
65535
65535
65535
65535
65535
65535
65535
65535
65535
65535
65535
65535
65535
65535
65535
65535
65535
65535
65535
65535
65535
65535
65535
65535
65535
65535
65535
65535
65535
65535
65535
65535
65535
65535
65535
65535
65535
65535
65535
65535
65535
65535
65535
65535
65535
65535
65535
65535
65535
65535
65535
65535
65535
65535
65535
65535
65535
65535
65535
65535
65535
65535
65535
65535
65535
65535
65535
65535
65535
65535
65535
65535
65535
65535
65535
65535
65535
65535
65535
65535
65535
65535
65535
65535
65535
65535
65535
65535
65535
65535
65535
65535
65535
65535
65535
65535
65535
65535
65535
65535
65535
65535
65535
65535
65535
65535
65535
65535
65535
65535
65535
65535
65535
65535
65535
65535
65535
65535
65535
65535
65535
65535
65535
65535
65535
65535
65535
65535
65535
65535
65535
65535
65535
65535
65535
65535
65535
65535
65535
65535
65535
65535
65535
65535
65535
65535
65535
65535
65535
65535
65535
65535
65535
65535
65535
65535
65535
65535
65535
65535
65535
65535
65535
65535
65535
65535
65535
65535
65535
65535
65535
65535
65535
65535
65535
65535
65535
65535
65535
65535
65535
65535
65535
65535
65535
65535
65535
65535
65535
65535
65535
65535
65535
65535
65535
65535
65535
65535
65535
65535
65535
65535
65535
65535
65535
65535
65535
65535
65535
65535
65535
65535
65535
65535
65535
65535
65535
65535
65535
65535
65535
65535
65535
65535
65535
65535
65535
65535
65535
65535
65535
65535
65535
65535
65535
65535
65535
65535
65535
65535
65535
65535
65535
65535
65535
65535
65535
65535
65535
65535
65535
65535
65535
65535
65535
65535
65535
65535
65535
65535
65535
65535
65535
65535
65535
65535
65535
65535
65535
65535
65535
65535
65535
65535
65535
65535
65535
65535
65535
65535
65535
65535
65535
65535
65535
65535
65535
65535
65535
65535
65535
65535
65535
65535
65535
65535
65535
65535
65535
65535
65535
65535
65535
65535
65535
65535
65535
65535
65535
65535
65535
65535
65535
65535
65535
65535
65535
65535
65535
65535
65535
65535
65535
65535
65535
65535
65535
65535
65535
65535
65535
65535
65535
65535
65535
65535
65535
65535
65535
65535
65535
65535
65535
65535
65535
65535
65535
65535
65535
65535
65535
65535
65535
65535
65535
65535
65535
65535
65535
65535
65535
65535
65535
65535
65535
65535
65535
65535
65535
65535
65535
65535
65535
65535
65535
65535
65535
65535
65535
65535
65535
65535
65535
65535
65535
65535
65535
65535
65535
65535
65535
65535
65535
65535
65535
65535
65535
65535
65535
65535
65535
65535
65535
65535
65535
65535
65535
65535
65535
65535
65535
65535
65535
65535
65535
65535
65535
65535
65535
65535
65535
65535
65535
65535
65535
65535
65535
65535
65535
65535
65535
65535
65535
65535
65535
65535
65535
65535
65535
65535
65535
65535
65535
65535
65535
65535
65535
65535
65535
65535
65535
65535
65535
65535
65535
65535
65535
65535
65535
65535
65535
65535
65535
65535
65535
65535
65535
65535
65535
65535
65535
65535
65535
65535
65535
65535
65535
65535
65535
65535
65535
65535
65535
65535
65535
65535
65535
65535
65535
65535
65535
65535
65535
65535
65535
65535
65535
65535
65535
65535
65535
65535
65535
65535
65535
65535
65535
65535
65535
65535
65535
65535
65535
65535
65535
65535
65535
65535
65535
65535
65535
65535
65535
65535
65535
65535
65535
65535
65535
65535
65535
65535
65535
65535
65535
65535
65535
65535
65535
65535
65535
65535
65535
65535
65535
65535
65535
65535
65535
65535
65535
65535
65535
65535
65535
65535
65535
65535
65535
65535
65535
65535
65535
65535
65535
65535
65535
65535
65535
65535
65535
65535
65535
65535
65535
65535
65535
65535
65535
65535
65535
65535
65535
65535
65535
65535
65535
65535
65535
65535
65535
65535
65535
65535
65535
65535
65535
65535
65535
65535
65535
65535
65535
65535
65535
65535
65535
65535
65535
65535
65535
65535
65535
65535
65535
65535
65535
65535
65535
65535
65535
65535
65535
65535
65535
65535
65535
65535
65535
65535
65535
65535
65535
65535
65535
65535
65535
65535
65535
65535
65535
65535
65535
65535
65535
65535
65535
65535
65535
65535
65535
65535
65535
65535
65535
65535
65535
65535
65535
65535
65535
65535
65535
65535
65535
65535
65535
65535
65535
65535
65535
65535
65535
65535
65535
65535
65535
65535
65535
65535
65535
65535
65535
65535
65535
65535
65535
65535
65535
65535
65535
65535
65535
65535
65535
65535
65535
65535
65535
65535
65535
65535
65535
65535
65535
65535
65535
65535
65535
65535
65535
65535
65535
65535
65535
65535
65535
65535
65535
65535
65535
65535
65535
65535
65535
65535
65535
65535
65535
65535
65535
65535
65535
65535
65535
65535
65535
65535
65535
65535
65535
65535
65535
65535
65535
65535
65535
65535
65535
65535
65535
65535
65535
65535
65535
65535
65535
65535
65535
65535
65535
65535
65535
65535
65535
65535
65535
65535
65535
65535
65535
65535
65535
65535
65535
65535
65535
65535
65535
65535
65535
65535
65535
65535
65535
65535
65535
65535
65535
65535
65535
65535
65535
65535
65535
65535
65535
65535
65535
65535
65535
65535
65535
65535
65535
65535
65535
65535
65535
65535
65535
65535
65535
65535
65535
65535
65535
65535
65535
65535
65535
65535
65535
65535
65535
65535
65535
65535
65535
65535
65535
65535
65535
65535
65535
65535
65535
65535
65535
65535
65535
65535
65535
65535
65535
65535
65535
65535
65535
65535
65535
65535
65535
65535
65535
65535
65535
65535
65535
65535
65535
65535
65535
65535
65535
65535
65535
65535
65535
65535
65535
65535
65535
65535
65535
65535
65535
65535
65535
65535
65535
65535
65535
65535
65535
65535
65535
65535
65535
65535
65535
65535
65535
65535
65535
65535
65535
65535
65535
65535
65535
65535
65535
65535
65535
65535
65535
65535
65535
65535
65535
65535
65535
65535
65535
65535
65535
65535
65535
65535
65535
65535
65535
65535
65535
65535
65535
65535
65535
65535
65535
65535
65535
65535
65535
65535
65535
65535
65535
65535
65535
65535
65535
65535
65535
65535
65535
65535
65535
65535
65535
65535
65535
65535
65535
65535
65535
65535
65535
65535
65535
65535
65535
65535
65535
65535
65535
65535
65535
65535
65535
65535
65535
65535
65535
65535
65535
65535
65535
65535
65535
65535
65535
65535
65535
65535
65535
65535
65535
65535
65535
65535
65535
65535
65535
65535
65535
65535
65535
65535
65535
65535
65535
65535
65535
65535
65535
65535
65535
65535
65535
65535
65535
65535
65535
65535