24869
52848
9072
33942
65029
21254
64775
52087
17638
11167
60906
10913
60652
35529
16623
57036
59891
25442
12754
50058
46696
15355
2667
5522
49044
51899
17450
23414
16943
7363
57102
9965
6602
131
18530
33820
42892
64399
57928
51457
19863
56914
31537
62371
33885
2291
17581
1531
23038
770
47146
21770
43277
5466
39408
14031
26212
63263
56538
6038
27292
20568
13843
50894
53495
43662
36937
42648
35923
47851
16257
9532
55909
55402
20445
13721
10105
50011
33960
27235
20511
10678
3953
337
40497
39989
30156
42084
26033
6874
18801
36946
48874
35932
35425
6940
49954
24577
17853
57758
10367
47165
27752
58331
4723
63281
47230
15383
21093
48564
63600
59984
34354
55608
17543
23253
53832
31564
5934
55166
35753
41463
15833
9109
21036
26746
32456
19261
31189
18247
64370
44957
13109
43689
52508
11334
41914
22501
9305
55429
32907
57269
16096
56001
33480
57842
13560
22379
34306
24219
23712
48075
50676
43952
37227
58481
42430
1256
13184
18894
15278
52075
23336
53916
308
21561
21054
36090
48018
63054
18772
8939
27084
35902
38504
59758
62359
49164
11099
7483
16302
12686
49483
48976
60903
22838
22331
21570
33498
20302
57099
22143
46505
2223
11042
47839
41114
3049
21194
48665
7492
60086
56216
52601
2354
64275
32680
47717
326
52920
49304
11239
54253
13080
50130
58949
14667
29703
10544
53558
12385
58761
14479
20189
51022
16066
15
39921
45631
42016
50834
28313
21588
8646
23683
16958
25777
25270
34089
8458
20386
63400
59785
9285
42973
1800
57502
785
34474
37075
30351
54713
16648
25467
34286
36887
33271
26547
63597
37967
28134
21156
26866
60554
53830
15765
37272
46091
51801
41968
35243
6758
37338
58845
64555
17164
63541
25476
9425
30932
5556
51932
35882
63606
28650
21926
33853
24020
14187
47875
34933
56187
55680
52064
17361
51303
22818
16093
53144
58854
17680
10956
32209
19267
28086
40014
58412
20601
26311
57144
3790
21935
58985
58478
36210
35703
25870
37797
15529
33928
27203
48710
41986
53914
37863
59370
30631
39450
14073
4240
47508
40784
12298
61784
39516
42117
47827
59755
65465
43197
17821
57980
48147
38313
25372
18647
5451
8053
10908
10401
38126
53415
6278
55763
21061
20553
29372
63314
34829
21887
24488
33561
5076
26583
1206
60018
192
40351
42953
20685
60844
13707
28743
9584
59069
18149
14533
42258
63765
3939
53424
37374
27541
61482
20562
7620
50889
16186
135
27860
55584
20882
7940
57425
7179
56411
24817
24310
64469
51527
57491
10100
28498
9339
55716
2107
57810
47977
44361
15876
56035
52419
20825
23427
10485
44427
31485
30977
49376
51724
38782
13405
12898
65492
43224
8522
36246
4652
10362
53630
15819
24638
46145
51855
45131
13537
50587
37645
15377
46211
39486
23436
57377
10240
9733
9226
49385
51987
26610
10559
50719
16016
46849
30799
58523
11132
32639
57255
3900
9611
62205
49263
54973
13799
857
6568
37401
21350
45966
33024
20082
13358
62843
56119
43177
55358
48633
38800
7206
62909
3083
52568
52061
60880
10634
41467
44069
31127
65069
30366
17424
16917
25736
6577
62279
30685
5309
11272
4548
7149
50417
40584
30751
27135
11084
38809
7215
6708
9309
61903
52070
45346
19969
47440
43824
21556
5506
58100
38940
29107
6839
62542
30948
24223
1955
60767
47825
3543
18832
40340
33615
8238
20420
54361
53854
34695
43514
8811
64514
36029
10652
819
9638
9130
52398
30130
23406
48022
6848
59189
8689
1964
63884
950
53544
6153
61856
33370
4885
7487
47646
44030
15545
8820
27219
11168
16878
63255
59639
12248
64842
5016
57610
47777
62814
46763
27604
8444
26843
20118
63386
44227
9524
2800
64720
61104
45053
10097
56474
59075
39916
23865
23358
16634
6801
24945
5786
55272
36112
51149
22663
22156
62315
64917
64410
60794
968
34910
25077
18352
30280
8012
20193
29012
62954
6237
18418
30345
54708
63527
47476
31425
58896
45955
39230
41831
19564
28382
34093
49129
51730
1231
16267
6434
18361
36506
57760
41709
38093
282
59093
17920
1869
23123
25724
22108
34036
24203
39239
13609
16210
28138
49391
42667
20399
54087
44254
18877
5935
2320
23573
19957
16342
3400
59102
17929
11204
35820
44639
44132
65385
5560
51936
13871
22690
9495
65197
14698
45277
41662
9814
40394
64756
11148
13749
44582
62727
62220
5503
20539
16923
19525
22126
27837
21112
33040
20098
44460
53279
12105
39576
39069
7221
56707
56200
2591
55185
1577
51062
563
3164
27526
26766
16932
60200
59693
15411
61534
61027
54302
56904
40600
24295
54875
16810
13194
22013
27723
27216
29818
32419
59890
53166
24427
64332
10724
63318
59702
12311
27347
17261
47840
3558
34138
39848
48667
29254
50507
3116
30587
39406
29320
47464
12508
27544
58124
7624
10226
139
40045
61298
23233
10038
49944
21205
8263
23299
50770
56480
9089
64792
29836
51089
590
65365
2430
17467
26285
44430
59467
2750
20895
45257
22735
56424
27685
58264
4656
41453
28511
46656
52366
23627
44881
37903
40504
11765
45454
13606
6628
30990
14686
39048
54085
22237
52817
61382
10629
28774
12470
61701
29854
47745
59673
9173
45970
14122
38231
6383
43181
61325
60818
993
3340
5942
64500
13746
6768
56254
39950
1885
4486
56827
18762
11783
42363
44965
41095
3030
2523
20668
10581
56704
37291
36784
4937
60386
6524
21560
11473
42053
19531
18771
58676
29937
48082
28669
52778
24039
1518
47641
9576
55699
42503
47960
47199
18460
14591
35845
888
6345
12055
23729
29186
50186
9012
54882
32360
28491
37056
14534
4447
31665
34013
5274
20310
32238
28368
5847
48861
38774
22470
46579
48927
45057
31862
27992
42775
42014
10167
43855
61746
4776
60225
15943
52740
36435
23240
16262
55914
33392
35740
9856
12204
26987
38661
31683
56045
23944
35618
31749
21662
24010
23249
62901
31053
45836
13735
16083
15322
5235
57322
25475
6062
11518
16975
31758
62337
2258
7714
28715
30809
20722
47939
295
8860
32969
53969
12542
17998
51433
56890
9245
2267
42173
3854
2840
17622
19970
44079
65333
42558
22891
31456
49348
36152
7413
44210
12109
29747
50493
46624
52081
54175
12748
30639
23661
47770
125
27342
64139
951
59509
55640
42191
3872
27981
14532
23097
56532
15105
57865
4003
43656
8446
29446
31794
37250
14475
60598
31606
24374
42265
22599
40490
30403
29643
16447
52991
24252
42143
6933
43477
48933
57499
44049
46144
38912
19246
65369
48811
38471
40565
27116
60551
56428
61631
38855
59602
46153
64044
44378
59160
55291
23190
16212
18559
20654
47871
40640
8538
51299
25162
5495
14061
16155
21612
20597
57141
59235
64438
44772
18888
8801
39127
53910
49787
61207
7345
6331
8679
7664
47316
8998
39324
47636
15534
20738
41738
9636
39962
20296
13064
55825
58173
1202
6405
36731
54623
44282
40413
20747
35529
34515
30392
54247
12566
23987
10537
3559
33632
13965
44291
46386
57806
41248
37125
58125
41568
18792
36430
54322
34655
17844
41953
6743
33706
64033
47475
49569
39229
41323
12331
48874
47860
12143
29780
31875
12208
51860
41774
18998
17984
32513
56368
11832
35688
9804
36768
23065
43811
45906
38674
6573
24210
35631
9493
27131
10320
21740
30052
41472
28023
36335
13306
49850
17749
51183
31517
33611
45032
40909
11662
23083
31141
11475
32475
62547
42881
54301
6403
30258
63186
5961
51831
44346
40222
32737
59701
36672
63636
56404
52281
10600
62687
24115
1340
3434
27290
13840
62819
43152
39029
34653
2298
32370
46899
17653
10422
28059
17719
29139
34342
5350
47857
18865
27176
4148
15568
42532
44373
2692
4532
3518
40062
42156
41142
11895
20207
62714
14816
35816
50092
48824
29157
43686
11078
38042
30557
7781
22311
65071
51622
25485
43123
63869
15971
30246
28978
15529
26950
63493
34247
51885
878
65400
11284
34886
49415
51509
31843
43009
57538
28292
48785
50880
30960
11039
56655
5395
10598
6475
45620
47461
15359
1657
19295
30715
51461
34904
24310
1281
31353
48738
53687
36876
63839
3253
29963
35166
2811
29775
44304
39928
13790
18993
33522
29399
59218
55095
60298
12400
14494
1045
65313
32705
50089
21097
4539
56372
5112
10061
15264
60880
37598
1881
41279
24468
26309
171
27135
41411
43251
29549
9629
61462
3984
52709
33042
19340
43195
57724
37550
20739
29051
27783
20044
34319
17508
41109
33878
32610
53356
36545
35531
24937
55009
41560
37183
48350
452
11872
51271
34460
36554
32177
27801
64091
53497
51975
10294
56164
20700
780
39925
57563
22099
36375
50650
24513
54586
9796
61629
54144
31115
4724
56558
39746
19573
5870
41906
31312
14501
44320
52631
45146
9683
36647
10509
40582
42422
31828
2329
26184
50039
49025
53974
62286
39257
22446
18069
23019
65526
14265
62990
36853
48019
24991
61280
60013
18078
41680
46883
36289
53673
61731
48028
56086
51710
44225
46065
41435
33950
23356
25197
2168
47784
49625
63646
59270
36241
16321
52611
42017
40749
14612
47539
36945
41895
53061
8018
40946
52113
50845
24707
7896
41077
2251
57193
33911
26172
18433
20274
59419
51680
56630
49144
25608
61898
23326
3406
20790
22631
65138
54544
53276
33356
31835
5444
32154
59118
54741
372
8430
10271
5641
13699
6214
36286
60141
58873
10722
59193
1715
28425
58497
38324
43273
48223
31411
27035
25767
12064
32557
46832
17586
775
65043
57304
37131
17211
34595
61305
25588
18103
16835
62451
54965
47480
39995
4278
65437
4850
44249
5423
32133
18431
45141
18750
26808
59482
33091
19135
14505
50541
36585
868
36904
10513
12354
57716
12673
51818
16101
14833
41543
55565
63623
21689
51508
28479
52081
53921
49545
41806
65407
1459
46821
20430
37814
21003
22590
39974
41815
65416
63895
200
61359
3881
11939
35541
34273
57874
15940
61556
47600
64984
23049
59086
54456
43862
51666
56616
36442
6942
39870
47928
55986
51609
9675
11262
22683
5871
4350
31060
1560
28270
27003
6829
33539
10257
46293
63677
12417
42236
31388
30120
16418
49345
63621
6143
57723
46875
8049
50556
17948
57347
34064
63883
59253
45550
59826
2348
50819
30645
44921
46762
1719
22211
14473
62944
17900
28814
64850
60220
15177
57430
59271
42460
34721
5221
3700
8649
19816
21657
35932
43990
26925
9860
39679
47737
62013
38731
18811
39303
478
46094
4159
37087
63797
3464
33283
13109
24276
29226
24849
54414
53146
36081
44140
49089
63111
11850
23017
55945
20228
15598
11221
16170
21120
38504
24548
63693
15287
41998
62491
23411
19035
42383
60020
42955
60340
18659
48731
22340
24181
53746
24247
22725
46327
63711
49755
38907
62509
64096
50393
64415
28698
30539
7510
65307
4467
31177
4786
50148
61062
41142
8533
63222
15070
20019
59418
64114
12853
55107
22752
15013
1311
3151
29862
37920
49086
4043
2775
16797
55942
45348
12740
45414
25240
30190
28668
49161
4118
65277
17126
18966
26771
41046
11547
13387
18337
23286
28236
32932
34772
17707
896
5845
29193
21455
29513
50006
45629
16129
49310
51151
34086
39036
49949
57753
53123
58073
53950
43356
35870
25276
51987
31813
30545
35495
62458
48502
62778
51930
34865
14945
44764
46351
1308
18439
7845
19011
58156
59997
11592
35447
27708
4426
31390
4998
12803
36405
6905
33615
41673
27971
35775
46942
64580
57094
36921
45232
21950
11103
38066
5458
47965
34009
17198
12821
64401
3814
27416
44800
31097
10924
62503
23424
395
52229
38272
30787
29519
40686
11186
28570
42846
44687
5861
29463
53064
29782
37840
49007
60173
8659
57384
40573
64174
56943
61892
60624
18943
48762
610
33792
57393
3024
32843
44010
20981
16604
27771
48264
15656
55308
47822
55881
4874
19149
61656
26193
53157
36092
13063
14904
29179
6151
48658
60078
5709
13767
3173
33246
19543
5840
48348
28428
61609
1022
34203
23609
53682
52414
41820
139
11560
7437
43726
55147
29009
59082
32945
19242
58640
48046
21909
1989
22482
43228
54649
25149
8338
41265
46468
14113
16208
8976
57954
13165
18368
23571
16339
17926
29347
53202
58658
4289
49905
58217
35188
21485
57775
37855
17935
32718
34559
58414
50929
9248
8233
10328
46871
20734
50806
37357
54995
22894
18771
48843
38503
46815
55126
41677
3105
23851
51069
62
61475
10468
40794
30454
35657
59512
39592
32107
9331
51839
56788
18216
39216
3752
49368
29702
22470
52543
54637
44297
15051
38906
63014
55783
10993
6870
5856
14168
44494
31045
26922
13472
62451
5226
32190
52937
39488
35365
49894
42408
50720
46597
33148
44568
21793
30105
29091
25221
52438
35627
34613
46033
41910
22244
11903
48447
47432
65070
60947
6832
8926
32781
28658
15209
17303
38050
2586
48456
62985
18195
39195
25746
18515
64384
56899
12109
1769
53856
12428
4943
32161
49798
61219
10212
9198
17509
54053
27915
20684
4126
21764
20749
44604
18467
14344
44670
34330
48859
44736
62373
20946
4388
59584
27229
20251
56541
5534
16701
31484
49121
57433
28440
39861
1289
12963
8586
13536
43862
27050
38471
12587
49130
41645
37268
11131
47421
24646
1617
9929
55545
13864
34610
5618
51234
227
49205
32647
12981
61959
48256
44133
15141
54793
16221
46293
38808
6200
64250
28787
8867
14070
9947
58671
54295
37483
48904
1006
9317
42498
19470
5767
32731
59695
18014
51195
46818
20681
44536
46377
48218
47203
36863
45175
62812
40037
4574
34393
52030
63451
43531
60915
13017
39981
57618
12829
61553
26090
21967
14482
29011
27743
42018
18736
55026
50649
43164
7700
37773
5418
54143
65310
17158
53448
14876
7390
18557
7963
19130
61637
47934
40449
32710
53457
5558
44957
37472
8226
63168
24595
4675
3408
49023
41538
18509
17241
430
61590
32090
9061
45351
9634
11221
44149
39772
48084
34381
20678
3867
2599
57541
37621
14339
47520
30455
26078
46571
26398
49999
8318
50572
49050
31986
21392
38776
27928
51530
56226
57813
25458
64603
22668
18038
4082
46336
60358
34220
39170
22105
48815
53764
27627
7453
9294
26678
12976
30360
860
64875
38737
9237
14187
34680
61390
53651
43057
50862
27579
10768
12102
32341
15276
14008
22066
29871
50363
14646
38248
39835
41422
55444
22836
52908
26517
6090
63887
18844
39083
18910
51837
15867
20816
13077
2230
47592
21201
1027
18412
54448
40492
42079
3253
23746
464
17594
19181
11442
28827
42595
50653
46023
53827
46089
16335
2379
25981
21350
44952
40575
57706
24844
54409
24656
13808
40265
1186
12099
38809
3092
32657
6013
13817
18513
54296
33869
32347
15282
51065
8877
38189
5580
44472
11863
50755
18146
63255
30647
29379
40292
54314
49430
63199
17902
583
45692
3758
20888
53562
33389
53374
48744
15882
10998
24767
48115
15253
63470
30608
63282
49072
9739
11327
53580
30044
53392
23639
18755
17234
2770
44517
8293
22315
11213
27837
7156
36721
47381
58041
56265
32730
43136
28926
39585
40665
35782
55767
32231
23985
15993
51776
43530
63769
61994
44422
42393
34400
32372
15053
57053
17974
655
42402
59279
19946
30352
16142
26548
9230
32578
2824
32136
5745
3970
24209
25543
48637
12413
10638
30624
41283
58414
34624
26632
9060
47444
8111
46749
29177
58235
12685
35525
43076
47519
14403
59258
63447
45875
9904
51651
9463
32304
27166
40427
1094
27297
37703
35675
2559
38088
51603
21596
35111
29720
18365
25663
1366
5555
53519
42417
15519
7020
26498
8672
62854
45281
49217
9630
10456
27080
49667
57218
30066
21820
60204
5075
12372
3872
23604
52663
19547
64402
62373
63453
61171
21331
25266
26093
45571
27745
50586
11000
21406
47102
16841
52370
43871
60241
35944
36770
9618
57329
8163
33859
16286
57779
11975
15911
22954
33107
12172
9890
26260
42883
28166
38319
1841
30392
52979
47588
48415
15046
59647
13590
20633
24569
525
17149
2178
3005
9795
51034
51607
64868
28137
47615
13993
36326
31189
63356
54602
42740
21553
6835
51184
33104
9061
12743
47765
20106
10845
51831
20810
52723
21955
41434
10920
36616
59457
7182
35733
33450
15625
41321
50966
14235
52619
34539
9989
26105
4664
2382
6063
50665
20151
58028
30622
12290
53529
38305
23334
11726
34313
34886
63690
36031
11481
30706
37496
19417
63765
64084
42643
2295
55716
46963
63079
45000
32884
8334
24450
59218
473
7263
32452
64111
5365
61641
65323
21867
19077
6962
10390
51375
64383
55376
5956
53159
44153
50943
23030
32676
20560
20879
24054
30337
36620
58193
30026
17404
1672
45767
58014
26992
23696
11327
14501
36581
14886
27386
5438
11974
49344
11852
52330
14838
11795
33875
46376
52659
5333
17580
39660
26784
42393
64473
61684
21083
14677
49192
14809
61758
5614
33911
20781
58405
5369
39377
61203
57907
39574
61400
29872
26575
54619
10656
38446
6664
27984
27796
30970
15239
11942
8392
20639
4907
23118
28894
13162
37844
40765
18816
59294
27766
24469
52006
32912
35833
29174
56965
22581
37937
31531
62177
58626
30207
63961
48229
51150
50455
34216
15123
54587
44819
41523
41335
56437
15329
24213
20663
1316
41287
28157
30825
11477
1456
32101
34515
8950
48668
41756
15938
31040
14801
51664
32316
59600
49325
57956
797
3211
2516
20980
60698
18829
27206
20040
15983
43012
17194
51202
16057
45942
51211
31610
40241
29966
44814
37648
40062
10881
56817
46542
20470
53717
30754
36022
41545
6147
48720
53988
59511
48982
10222
21201
26470
62825
49188
32189
43675
61125
19256
33851
48192
34555
11338
31897
27586
51507
59630
11544
22523
18212
32553
3119
4772
41128
45889
22419
20963
855
52247
41465
52444
35191
52134
63112
49222
31715
64201
24934
16500
2610
29132
46075
10170
55090
50526
14367
50216
58086
56376
58029
31450
39320
49539
56902
58047
6345
7237
27542
41123
57812
49631
63465
27053
31307
7330
23765
18694
32528
46108
31710
1515
61726
13133
13771
51968
47149
26281
58260
15630
56935
54718
8473
12220
41344
57526
54802
30571
49608
25377
25762
54125
4771
11627
15374
215
44375
1239
8095
21168
65328
177
47445
41613
60396
57673
32681
23486
58067
45763
39677
49642
37592
62846
53905
44710
23334
35900
54684
36163
36041
11302
17905
11565
39674
39552
5234
36199
14569
42172
20289
32855
1645
16813
25510
15301
39541
61433
19883
26232
3842
34552
9307
21620
21244
39520
36035
63891
63008
49944
30155
42214
22679
9361
49145
26754
28726
24988
36794
39526
26209
40615
24443
54139
62836
21540
36200
44897
15782
11283
10146
33626
63322
46642
13912
31427
26675
34357
14315
41156
26824
3419
1522
59197
10669
40366
19816
12462
23000
30428
25929
58227
25497
51578
24811
51145
9088
38278
4533
36577
40897
47819
5001
65024
43460
35092
35796
36247
43168
3206
63228
32592
1702
29877
39400
5402
27613
31172
2884
12407
31510
43888
34251
21506
36993
64408
17213
1613
32644
62913
9502
53220
56272
61926
4645
10806
59727
36895
36332
19717
62168
27408
8192
57368
28065
64298
60118
64758
20419
19348
11299
21648
48555
9166
32203
27009
19721
43520
54123
61617
34408
47613
17803
40587
38248
48344
30715
50137
62581
56119
15969
25304
50182
41372
10548
17282
42414
48640
51251
4122
6733
47155
43801
46919
8610
63814
7106
41057
34595
27372
57708
25615
43516
13518
31165
52681
26045
46547
26383
15037
60408
36628
62586
47625
42243
27027
43406
6430
56244
46232
39835
62178
27804
25023
59040
24919
12559
46068
2114
32769
35445
21310
26841
59590
23947
23007
43321
47331
48739
50401
48701
2211
37054
10230
14240
20598
26955
33313
20765
1746
3981
49737
55334
26482
59803
57661
831
55152
34358
48521
18654
461
31754
36337
24362
52546
12339
58414
3998
588
31373
14007
37561
57753
57451
28158
47842
23752
46545
59758
25834
63664
28725
34961
18421
42548
3740
14925
10820
4179
14603
12339
62162
22086
32003
1000
37627
153
57526
21132
25151
59749
22087
30295
63879
35036
18120
26074
58136
9120
58820
17861
59569
30031
50231
2041
59292
34196
59854
56011
64096
8740
18159
42867
45815
34806
5146
31442
7238
24780
6033
4923
58756
11842
6675
38559
42211
54174
27312
54566
63993
14356
50748
25538
40235
13504
11136
8513
59565
65067
58641
7172
25174
65191
9157
9080
39902
51818
8604
65440
41959
60035
55337
49624
4578
46322
40994
17334
19622
51477
35244
11781
17121
37564
45891
34618
26265
4782
54104
48615
25620
6813
53420
9434
43231
62629
22080
10908
61280
22139
4702
41005
10954
21260
28588
4520
6466
7971
34533
24543
43339
61160
48439
21163
57685
30176
65272
51194
20173
50245
49992
59318
62426
65535
65535
65535
65535
65535
65535
65535
65535
65535
65535
65535
65535
65535
65535
65535
65535
65535
65535
65535
65535
65535
65535
65535
65535
65535
65535
65535
65535
65535
65535
65535
65535
65535
65535
65535
65535
65535
65535
65535
65535
65535
65535
65535
65535
65535
65535
65535
65535
65535
65535
65535
65535
65535
65535
65535
65535
65535
65535
65535
65535
65535
65535
65535
65535
65535
65535
65535
65535
65535
65535
65535
65535
65535
65535
65535
65535
65535
65535
65535
65535
65535
65535
65535
65535
65535
65535
65535
65535
65535
65535
65535
65535
65535
65535
65535
65535
65535
65535
65535
65535
65535
65535
65535
65535
65535
65535
65535
65535
65535
65535
65535
65535
65535
65535
65535
65535
65535
65535
65535
65535
65535
65535
65535
65535
65535
65535
65535
65535
65535
65535
65535
65535
65535
65535
65535
65535
65535
65535
65535
65535
65535
65535
65535
65535
65535
65535
65535
65535
65535
65535
65535
65535
65535
65535
65535
65535
65535
65535
65535
65535
65535
65535
65535
65535
65535
65535
65535
65535
65535
65535
65535
65535
65535
65535
65535
65535
65535
65535
65535
65535
65535
65535
65535
65535
65535
65535
65535
65535
65535
65535
65535
65535
65535
65535
65535
65535
65535
65535
65535
65535
65535
65535
65535
65535
65535
65535
65535
65535
65535
65535
65535
65535
65535
65535
65535
65535
65535
65535
65535
65535
65535
65535
65535
65535
65535
65535
65535
65535
65535
65535
65535
65535
65535
65535
65535
65535
65535
65535
65535
65535
65535
65535
65535
65535
65535
65535
65535
65535
65535
65535
65535
65535
65535
65535
65535
65535
65535
65535
65535
65535
65535
65535
65535
65535
65535
65535
65535
65535
65535
65535
65535
65535
65535
65535
65535
65535
65535
65535
65535
65535
65535
65535
65535
65535
65535
65535
65535
65535
65535
65535
65535
65535
65535
65535
65535
65535
65535
65535
65535
65535
65535
65535
65535
65535
65535
65535
65535
65535
65535
65535
65535
65535
65535
65535
65535
65535
65535
65535
65535
65535
65535
65535
65535
65535
65535
65535
65535
65535
65535
65535
65535
65535
65535
65535
65535
65535
65535
65535
65535
65535
65535
65535
65535
65535
65535
65535
65535
65535
65535
65535
65535
65535
65535
65535
65535
65535
65535
65535
65535
65535
65535
65535
65535
65535
65535
65535
65535
65535
65535
65535
65535
65535
65535
65535
65535
65535
65535
65535
65535
65535
65535
65535
65535
65535
65535
65535
65535
65535
65535
65535
65535
65535
65535
65535
65535
65535
65535
65535
65535
65535
65535
65535
65535
65535
65535
65535
65535
65535
65535
65535
65535
65535
65535
65535
65535
65535
65535
65535
65535
65535
65535
65535
65535
65535
65535
65535
65535
65535
65535
65535
65535
65535
65535
65535
65535
65535
65535
65535
65535
65535
65535
65535
65535
65535
65535
65535
65535
65535
65535
65535
65535
65535
65535
65535
65535
65535
65535
65535
65535
65535
65535
65535
65535
65535
65535
65535
65535
65535
65535
65535
65535
65535
65535
65535
65535
65535
65535
65535
65535
65535
65535
65535
65535
65535
65535
65535
65535
65535
65535
65535
65535
65535
65535
65535
65535
65535
65535
65535
65535
65535
65535
65535
65535
65535
65535
65535
65535
65535
65535
65535
65535
65535
65535
65535
65535
65535
65535
65535
65535
65535
65535
65535
65535
65535
65535
65535
65535
65535
65535
65535
65535
65535
65535
65535
65535
65535
65535
65535
65535
65535
65535
65535
65535
65535
65535
65535
65535
65535
65535
65535
65535
65535
65535
65535
65535
65535
65535
65535
65535
65535
65535
65535
65535
65535
65535
65535
65535
65535
65535
65535
65535
65535
65535
65535
65535
65535
65535
65535
65535
65535
65535
65535
65535
65535
65535
65535
65535
65535
65535
65535
65535
65535
65535
65535
65535
65535
65535
65535
65535
65535
65535
65535
65535
65535
65535
65535
65535
65535
65535
65535
65535
65535
65535
65535
65535
65535
65535
65535
65535
65535
65535
65535
65535
65535
65535
65535
65535
65535
65535
65535
65535
65535
65535
65535
65535
65535
65535
65535
65535
65535
65535
65535
65535
65535
65535
65535
65535
65535
65535
65535
65535
65535
65535
65535
65535
65535
65535
65535
65535
65535
65535
65535
65535
65535
65535
65535
65535
65535
65535
65535
65535
65535
65535
65535
65535
65535
65535
65535
65535
65535
65535
65535
65535
65535
65535
65535
65535
65535
65535
65535
65535
65535
65535
65535
65535
65535
65535
65535
65535
65535
65535
65535
65535
65535
65535
65535
65535
65535
65535
65535
65535
65535
65535
65535
65535
65535
65535
65535
65535
65535
65535
65535
65535
65535
65535
65535
65535
65535
65535
65535
65535
65535
65535
65535
65535
65535
65535
65535
65535
65535
65535
65535
65535
65535
65535
65535
65535
65535
65535
65535
65535
65535
65535
65535
65535
65535
65535
65535
65535
65535
65535
65535
65535
65535
65535
65535
65535
65535
65535
65535
65535
65535
65535
65535
65535
65535
65535
65535
65535
65535
65535
65535
65535
65535
65535
65535
65535
65535
65535
65535
65535
65535
65535
65535
65535
65535
65535
65535
65535
65535
65535
65535
65535
65535
65535
65535
65535
65535
65535
65535
65535
65535
65535
65535
65535
65535
65535
65535
65535
65535
65535
65535
65535
65535
65535
65535
65535
65535
65535
65535
65535
65535
65535
65535
65535
65535
65535
65535
65535
65535
65535
65535
65535
65535
65535
65535
65535
65535
65535
65535
65535
65535
65535
65535
65535
65535
65535
65535
65535
65535
65535
65535
65535
65535
65535
65535
65535
65535
65535
65535
65535
65535
65535
65535
65535
65535
65535
65535
65535
65535
65535
65535
65535
65535
65535
65535
65535
65535
65535
65535
65535
65535
65535
65535
65535
65535
65535
65535
65535
65535
65535
65535
65535
65535
65535
65535
65535
65535
65535
65535
65535
65535
65535
65535
65535
65535
65535
65535
65535
65535
65535
65535
65535
65535
65535
65535
65535
65535
65535
65535
65535
65535
65535
65535
65535
65535
65535
65535
65535
65535
65535
65535
65535
65535
65535
65535
65535
65535
65535
65535
65535
65535
65535
65535
65535
65535
65535
65535
65535
65535
65535
65535
65535
65535
65535
65535
65535
65535
65535
65535
65535
65535
65535
65535
65535
65535
65535
65535
65535
65535
65535
65535
65535
65535
65535
65535
65535
65535
65535
65535
65535
65535
65535
65535
65535
65535
65535
65535
65535
65535
65535
65535
65535
65535
65535
65535
65535
65535
65535
65535
65535
65535
65535
65535
65535
65535
65535
65535
65535
65535
65535
65535
65535
65535
65535
65535
65535
65535
65535
65535
65535
65535
65535
65535
65535
65535
65535
65535
65535
65535
65535
65535
65535
65535
65535
65535
65535
65535
65535
65535
65535
65535
65535
65535
65535
65535
65535
65535
65535
65535
65535
65535
65535
65535
65535
65535
65535
65535
65535
65535
65535
65535
65535
65535
65535
65535
65535
65535
65535
65535
65535
65535
65535
65535
65535
65535
65535
65535
65535
65535
65535
65535
65535
65535
65535
65535
65535
65535
65535
65535
65535
65535
65535
65535
65535
65535
65535
65535
65535
65535
65535
65535
65535
65535
65535
65535
65535
65535
65535
65535
65535
65535
65535
65535
65535
65535
65535
65535
65535
65535
65535
65535
65535
65535
65535
65535
65535
65535
65535
65535
65535
65535
65535
65535
65535
65535
65535
65535
65535
65535
65535
65535
65535
65535
65535
65535
65535
65535
65535
65535
65535
65535
65535
65535
65535
65535
65535
65535
65535
65535
65535
65535
65535
65535
65535
65535
65535
65535
65535
65535
65535
65535
65535
65535
65535
65535
65535
65535
65535
65535
65535
65535
65535
65535
65535
65535
65535
65535
65535
65535
65535
65535
65535
65535
65535
65535
65535
65535
65535
65535
65535
65535
65535
65535
65535
65535
65535
65535
65535
65535
65535
65535
65535
65535
65535
65535
65535
65535
65535
65535
65535
65535
65535
65535
65535
65535
65535
65535
65535
65535
65535
65535
65535
65535
65535
65535
65535
65535
65535
65535
65535
65535
65535
65535
65535
65535
65535
65535
65535
65535
65535
65535
65535
65535
65535
65535
65535
65535
65535
65535
65535
65535
65535
65535
65535
65535
65535
65535
65535
65535
65535
65535
65535
65535
65535
65535
65535
65535
65535
65535
65535
65535
65535
65535
65535
65535
65535
65535
65535
65535
65535
65535
65535
65535
65535
65535
65535
65535
65535
65535
65535
65535
65535
65535
65535
65535
65535
65535
65535
65535
65535
65535
65535
65535
65535
65535
65535
65535
65535
65535
65535
65535
65535
65535
65535
65535
65535
65535
65535
65535
65535
65535
65535
65535
65535
65535
65535
65535
65535
65535
65535
65535
65535
65535
65535
65535
65535
65535
65535
65535
65535
65535
65535
65535
65535
65535
65535
65535
65535
65535
65535
65535
65535
65535
65535
65535
65535
65535
65535
65535
65535
65535
65535
65535
65535
65535
65535
65535
65535
65535
65535
65535
65535
65535
65535
65535
65535
65535
65535
65535
65535
65535
65535
65535
65535
65535
65535
65535
65535
65535
65535
65535
65535
65535
65535
65535
65535
65535
65535
65535
65535
65535
65535
65535
65535
65535
65535
65535
65535
65535
65535
65535
65535
65535
65535
65535
65535
65535
65535
65535
65535
65535
65535
65535
65535
65535
65535
65535
65535
65535
65535
65535
65535
65535
65535
65535
65535
65535
65535
65535
65535
65535
65535
65535
65535
65535
65535
65535
65535
65535
65535
65535
65535
65535
65535
65535
65535
65535
65535
65535
65535
65535
65535
65535
65535
65535
65535
65535
65535
65535
65535
65535
65535
65535
65535
65535
65535
65535
65535
65535
65535
65535
65535
65535
65535
65535
65535
65535
65535
65535
65535
65535
65535
65535
65535
65535
65535
65535
65535
65535
65535
65535
65535
65535
65535
65535
65535
65535
65535
65535
65535
65535
65535
65535
65535
65535
65535
65535
65535
65535
65535
65535
65535
65535
65535
65535
65535
65535
65535
65535
65535
65535
65535
65535
65535
65535
65535
65535
65535
65535
65535
65535
65535
65535
65535
65535
65535
65535
65535
65535
65535
65535
65535
65535
65535
65535
65535
65535
65535
65535
65535
65535
65535
65535
65535
65535
65535
65535
65535
65535
65535
65535
65535
65535
65535
65535
65535
65535
65535
65535
65535
65535
65535
65535
65535
65535
65535
65535
65535
65535
65535
65535
65535
65535
65535
65535
65535
65535
65535
65535
65535
65535
65535
65535
65535
65535
65535
65535
65535
65535
65535
65535
65535
65535
65535
65535
65535
65535
65535
65535
65535
65535
65535
65535
65535
65535
65535
65535
65535
65535
65535
65535
65535
65535
65535
65535
65535
65535
65535
65535
65535
65535
65535
65535
65535
65535
65535
65535
65535
65535
65535
65535
65535
65535
65535
65535
65535
65535
65535
65535
65535
65535
65535
65535
65535
65535
65535
65535
65535
65535
65535
65535
65535
65535
65535
65535
65535
65535
65535
65535
65535
65535
65535
65535
65535
65535
65535
65535
65535
65535
65535
65535
65535
65535
65535
65535
65535
65535
65535
65535
65535
65535
65535
65535
65535
65535
65535
65535
65535
65535
65535
65535
65535
65535
65535
65535
65535
65535
65535
65535
65535
65535
65535
65535
65535
65535
65535
65535
65535
65535
65535
65535
65535
65535
65535
65535
65535
65535
65535
65535
65535
65535
65535
65535
65535
65535
65535
65535
65535
65535
65535
65535
65535
65535
65535
65535
65535
65535
65535
65535
65535
65535
65535
65535
65535
65535
65535
65535
65535
65535
65535
65535
65535
65535
65535
65535
65535
65535
65535
65535
65535
65535
65535
65535
65535
65535
65535
65535
65535
65535
65535
65535
65535
65535
65535
65535
65535
65535
65535
65535
65535
65535
65535
65535
65535
65535
65535
65535
65535
65535
65535
65535
65535
65535
65535
65535
65535
65535
65535
65535
65535
65535
65535
65535
65535
65535
65535
65535
65535
65535
65535
65535
65535
65535
65535
65535
65535
65535
65535
65535
65535
65535
65535
65535
65535
65535
65535
65535
65535
65535
65535
65535
65535
65535
65535
65535
65535
65535
65535
65535
65535
65535
65535
65535
65535
65535
65535
65535
65535
65535
65535
65535
65535
65535
65535
65535
65535
65535
65535
65535
65535
65535
65535
65535
65535
65535
65535
65535
65535
65535
65535
65535
65535
65535
65535
65535
65535
65535
65535
65535
65535
65535
65535
65535
65535
65535
65535
65535
65535
65535
65535
65535
65535
65535
65535
65535
65535
65535
65535
65535
65535
65535
65535
65535
65535
65535
65535
65535
65535
65535
65535
65535
65535
65535
65535
65535
65535
65535
65535
65535
65535
65535
65535
65535
65535
65535
65535
65535
65535
65535
65535
65535
65535
65535
65535
65535
65535
65535
65535
65535
65535
65535
65535
65535
65535
65535
65535
65535
65535
65535
65535
65535
65535
65535
65535
65535
65535
65535
65535
65535
65535
65535
65535
65535
65535
65535
65535
65535
65535
65535
65535
65535
65535
65535
65535
65535
65535
65535
65535
65535
65535
65535
65535
65535
65535
65535
65535
65535
65535
65535
65535
65535
65535
65535
65535
65535
65535
65535
65535
65535
65535
65535
65535
65535
65535
65535
65535
65535
65535
65535
65535
65535
65535
65535
65535
65535
65535
65535
65535
65535
65535
65535
65535
65535
65535
65535
65535
65535
65535
65535
65535
65535
65535
65535
65535
65535
65535
65535
65535
65535
65535
65535
65535
65535
65535
65535
65535
65535
65535
65535
65535
65535
65535
65535
65535
65535
65535
65535
65535
65535
65535
65535
65535
65535
65535
65535
65535
65535
65535
65535
65535
65535
65535
65535
65535
65535
65535
65535
65535
65535
65535
65535
65535
65535
65535
65535
65535
65535
65535
65535
65535
65535
65535
65535
65535
65535
65535
65535
65535
65535
65535
65535
65535
65535
65535
65535
65535
65535
65535
65535
65535
65535
65535
65535
65535
65535
65535
65535
65535
65535
65535
65535
65535
65535
65535
65535
65535
65535
65535
65535
65535
65535
65535
65535
65535
65535
65535
65535
65535
65535
65535
65535
65535
65535
65535
65535
65535
65535
65535
65535
65535
65535
65535
65535
65535
65535
65535
65535
65535
65535
65535
65535
65535
65535
65535
65535
65535
65535
65535
65535
65535
65535
65535
65535
65535
65535
65535
65535
65535
65535
65535
65535
65535
65535
65535
65535
65535
65535
65535
65535
65535
65535
65535
65535
65535
65535
65535
65535
65535
65535
65535
65535
65535
65535
65535
65535
65535
65535
65535
65535
65535
65535
65535
65535
65535
65535
65535
65535
65535
65535
65535
65535
65535
65535
65535
65535
65535
65535
65535
65535
65535
65535
65535
65535
65535
65535
65535
65535
65535
65535
65535
65535
65535
65535
65535
65535
65535
65535
65535
65535
65535
65535
65535
65535
65535
65535
65535
65535
65535
65535
65535
65535
65535
65535
65535
65535
65535
65535
65535
65535
65535
65535
65535
65535
65535
65535
65535
65535
65535
65535
65535
65535
65535
65535
65535
65535
65535
65535
65535
65535
65535
65535
65535
65535
65535
65535
65535
65535
65535
65535
65535
65535
65535
65535
65535
65535
65535
65535
65535
65535
65535
65535
65535
65535
65535
65535
65535
65535
65535
65535
65535
65535
65535
65535
65535
65535
65535
65535
65535
65535
65535
65535
65535
65535
65535
65535
65535
65535
65535
65535
65535
65535
65535
65535
65535
65535
65535
65535
65535
65535
65535
65535
65535
65535
65535
65535
65535
65535
65535
65535
65535
65535
65535
65535
65535
65535
65535
65535
65535
65535
65535
65535
65535
65535
65535
65535
65535
65535
65535
65535
65535
65535
65535
65535
65535
65535
65535
65535
65535
65535
65535
65535
65535
65535
65535
65535
65535
65535
65535
65535
65535
65535
65535
65535
65535
65535
65535
65535
65535
65535
65535
65535
65535
65535
65535
65535
65535
65535
65535
65535
65535
65535
65535
65535
65535
65535
65535
65535
65535
65535
65535
65535
65535
65535
65535
65535
65535
65535
65535
65535
65535
65535
65535
65535
65535
65535
65535
65535
65535
65535
65535
65535
65535
65535
65535
65535
65535
65535
65535
65535
65535
65535
65535
65535
65535
65535
65535
65535
65535
65535
65535
65535
65535
65535
65535
65535
65535
65535
65535
65535
65535
65535
65535
65535
65535
65535
65535
65535
65535
65535
65535
65535
65535
65535
65535
65535
65535
65535
65535
65535
65535
65535
65535
65535
65535
65535
65535
65535
65535
65535
65535
65535
65535
65535
65535
65535
65535
65535
65535
65535
65535
65535
65535
65535
65535
65535
65535
65535
65535
65535
65535
65535
65535
65535
65535
65535
65535
65535
65535
65535
65535
65535
65535
65535
65535
65535
65535
65535
65535
65535
65535
65535
65535
65535
65535
65535
65535
65535
65535
65535
65535
65535
65535
65535
65535
65535
65535
65535
65535
65535
65535
65535
65535
65535
65535
65535
65535
65535
65535
65535
65535
65535
65535
65535
65535
65535
65535
65535
65535
65535
65535
65535
65535
65535
65535
65535
65535
65535
65535
65535
65535
65535
65535
65535
65535
65535
65535
65535
65535
65535
65535
65535
65535
65535
65535
65535
65535
65535
65535
65535
65535
65535
65535
65535
65535
65535
65535
65535
65535
65535
65535
65535
65535
65535
65535
65535
65535
65535
65535
65535
65535
65535
65535
65535
65535
65535
65535
65535
65535
65535
65535
65535
65535
65535
65535
65535
65535
65535
65535
65535
65535
65535
65535
65535
65535
65535
65535
65535
65535
65535
65535
65535
65535
65535
65535
65535
65535
65535
65535
65535
65535
65535
65535
65535
65535
65535
65535
65535
65535
65535
65535
65535
65535
65535
65535
65535
65535
65535
65535
65535
65535
65535
65535
65535
65535
65535
65535
65535
65535
65535
65535
65535
65535
65535
65535
65535
65535
65535
65535
65535
65535
65535
65535
65535
65535
65535
65535
65535
65535
65535
65535
65535
65535
65535
65535
65535
65535
65535
65535
65535
65535
65535
65535
65535
65535
65535
65535
65535
65535
65535
65535
65535
65535
65535
65535
65535
65535
65535
65535
65535
65535
65535
65535
65535
65535
65535
65535
65535
65535
65535
65535
65535
65535
65535
65535
65535
65535
65535
65535
65535
65535
65535
65535
65535
65535
65535
65535
65535
65535
65535
65535
65535
65535
65535
65535
65535
65535
65535
65535
65535
65535
65535
65535
65535
65535
65535
65535
65535
65535
65535
65535
65535
65535
65535
65535
65535
65535
65535
65535
65535
65535
65535
65535
65535
65535
65535
65535
65535
65535
65535
65535
65535
65535
65535
65535
65535
65535
65535
65535
65535
65535
65535
65535
65535
65535
65535
65535
65535
65535
65535
65535
65535
65535
65535
65535
65535
65535
65535
65535
65535
65535
65535
65535
65535
65535
65535
65535
65535
65535
65535
65535
65535
65535
65535
65535
65535
65535
65535
65535
65535
65535
65535
65535
65535
65535
65535
65535
65535
65535
65535
65535
65535
65535
65535
65535
65535
65535
65535
65535
65535
65535
65535
65535
65535
65535
65535
65535
65535
65535
65535
65535
65535
65535
65535
65535
65535
65535
65535
65535
65535
65535
65535
65535
65535
65535
65535
65535
65535
65535
65535
65535
65535
65535
65535
65535
65535
65535
65535
65535
65535
65535
65535
65535
65535
65535
65535
65535
65535
65535
65535
65535
65535
65535
65535
65535
65535
65535
65535
65535
65535
65535
65535
65535
65535
65535
65535
65535
65535
65535
65535
65535
65535
65535
65535
65535
65535
65535
65535
65535
65535
65535
65535
65535
65535
65535
65535
65535
65535
65535
65535
65535
65535
65535
65535
65535
65535
65535
65535
65535
65535
65535
65535
65535
65535
65535
65535
65535
65535
65535
65535
65535
65535
65535
65535
65535
65535
65535
65535
65535
65535
65535
65535
65535
65535
65535
65535
65535
65535
65535
65535
65535
65535
65535
65535
65535
65535
65535
65535
65535
65535
65535
65535
65535
65535
65535
65535
65535
65535
65535
65535
65535
65535
65535
65535
65535
65535
65535
65535
65535
65535
65535
65535
65535
65535
65535
65535
65535
65535
65535
65535
65535
65535
65535
65535
65535
65535
65535
65535
65535
65535
65535
65535
65535
65535
65535
65535
65535
65535
65535
65535
65535
65535
65535
65535
65535
65535
65535
65535
65535
65535
65535
65535
65535
65535
65535
65535
65535
65535
65535
65535
65535
65535
65535
65535
65535
65535
65535
65535
65535
65535
65535
65535
65535
65535
65535
65535
65535
65535
65535
65535
65535
65535
65535
65535
65535
65535
65535
65535
65535
65535
65535
65535
65535
65535
65535
65535
65535
65535
65535
65535
65535
65535
65535
65535
65535
65535
65535
65535
65535
65535
65535
65535
65535
65535
65535
65535
65535
65535
65535
65535
65535
65535
65535
65535
65535
65535
65535
65535
65535
65535
65535
65535
65535
65535
65535
65535
65535
65535
65535
65535
65535
65535
65535
65535
65535
65535
65535
65535
65535
65535
65535
65535
65535
65535
65535
65535
65535
65535
65535
65535
65535
65535
65535
65535
65535
65535
65535
65535
65535
65535
65535
65535
65535
65535
65535
65535
65535
65535
65535
65535
65535
65535
65535
65535
65535
65535
65535
65535
65535
65535
65535
65535
65535
65535
65535
65535
65535
65535
65535
65535
65535
65535
65535
65535
65535
65535
65535
65535
65535
65535
65535
65535
65535
65535
65535
65535
65535
65535
65535
65535
65535
65535
65535
65535
65535
65535
65535
65535
65535
65535
65535
65535
65535
65535
65535
65535
65535
65535
65535
65535
65535
65535
65535
65535
65535
65535
65535
65535
65535
65535
65535
65535
65535
65535
65535
65535
65535
65535
65535
65535
65535
65535
65535
65535
65535
65535
65535
65535
65535
65535
65535
65535
65535
65535
65535
65535
65535
65535
65535
65535
65535
65535
65535
65535
65535
65535
65535
65535
65535
65535
65535
65535
65535
65535
65535
65535
65535
65535
65535
65535
65535
65535
65535
65535
65535
65535
65535
65535
65535
65535
65535
65535
65535
65535
65535
65535
65535
65535
65535
65535
65535
65535
65535
65535
65535
65535
65535
65535
65535
65535
65535
65535
65535
65535
65535
65535
65535
65535
65535
65535
65535
65535
65535
65535
65535
65535
65535
65535
65535
65535
65535
65535
65535
65535
65535
65535
65535
65535
65535
65535
65535
65535
65535
65535
65535
65535
65535
65535
65535
65535
65535
65535
65535
65535
65535
65535
65535
65535
65535
65535
65535
65535
65535
65535
65535
65535
65535
65535
65535
65535
65535
65535
65535
65535
65535
65535
65535
65535
65535
65535
65535
65535
65535
65535
65535
65535
65535
65535
65535
65535
65535
65535
65535
65535
65535
65535
65535
65535
65535
65535
65535
65535
65535
65535
65535
65535
65535
65535
65535
65535
65535
65535
65535
65535
65535
65535
65535
65535
65535
65535
65535
65535
65535
65535
65535
65535
65535
65535
65535
65535
65535
65535
65535
65535
65535
65535
65535
65535
65535
65535
65535
65535
65535
65535
65535
65535
65535
65535
65535
65535
65535
65535
65535
65535
65535
65535
65535
65535
65535
65535
65535
65535
65535
65535
65535
65535
65535
65535
65535
65535
65535
65535
65535
65535
65535
65535
65535
65535
65535
65535
65535
65535
65535
65535
65535
65535
65535
65535
65535
65535
65535
65535
65535
65535
65535
65535
65535
65535
65535
65535
65535
65535
65535
65535
65535
65535
65535
65535
65535
65535
65535
65535
65535
65535
65535
65535
65535
65535
65535
65535
65535
65535
65535
65535
65535
65535
65535
65535
65535
65535
65535
65535
65535
65535
65535
65535
65535
65535
65535
65535
65535
65535
65535
65535
65535
65535
65535
65535
65535
65535
65535
65535
65535
65535
65535
65535
65535
65535
65535
65535
65535
65535
65535
65535
65535
65535
65535
65535
65535
65535
65535
65535
65535
65535
65535
65535
65535
65535
65535
65535
65535
65535
65535
65535
65535
65535
65535
65535
65535
65535
65535
65535
65535
65535
65535
65535
65535
65535
65535
65535
65535
65535
65535
65535
65535
65535
65535
65535
65535
65535
65535
65535
65535
65535
65535
65535
65535
65535
65535
65535
65535
65535
65535
65535
65535
65535
65535
65535
65535
65535
65535
65535
65535
65535
65535
65535
65535
65535
65535
65535
65535
65535
65535
65535
65535
65535
65535
65535
65535
65535
65535
65535
65535
65535
65535
65535
65535
65535
65535
65535
65535
65535
65535
65535
65535
65535
65535
65535
65535
65535
65535
65535
65535
65535
65535
65535
65535
65535
65535
65535
65535
65535
65535
65535
65535
65535
65535
65535
65535
65535
65535
65535
65535
65535
65535
65535
65535
65535
65535
65535
65535
65535
65535
65535
65535
65535
65535
65535
65535
65535
65535
65535
65535
65535
65535
65535
65535
65535
65535
65535
65535
65535
65535
65535
65535
65535
65535
65535
65535
65535
65535
65535
65535
65535
65535
65535
65535
65535
65535
65535
65535
65535
65535
65535
65535
65535
65535
65535
65535
65535
65535
65535
65535
65535
65535
65535
65535
65535
65535
65535
65535
65535
65535
65535
65535
65535
65535
65535
65535
65535
65535
65535
65535
65535
65535
65535
65535
65535
65535
65535
65535
65535
65535
65535
65535
65535
65535
65535
65535
65535
65535
65535
65535
65535
65535
65535
65535
65535
65535
65535
65535
65535
65535
65535
65535
65535
65535
65535
65535
65535
65535
65535
65535
65535
65535
65535
65535
65535
65535
65535
65535
65535
65535
65535
65535
65535
65535
65535
65535
65535
65535
65535
65535
65535
65535
65535
65535
65535
65535
65535
65535
65535
65535
65535
65535
65535
65535
65535
65535
65535
65535
65535
65535
65535
65535
65535
65535
65535
65535
65535
65535
65535
65535
65535
65535
65535
65535
65535
65535
65535
65535
65535
65535
65535
65535
65535
65535
65535
65535
65535
65535
65535
65535
65535
65535
65535
65535
65535
65535
65535
65535
65535
65535
65535
65535
65535
65535
65535
65535
65535
65535
65535
65535
65535
65535
65535
65535
65535
65535
65535
65535
65535
65535
65535
65535
65535
65535
65535
65535
65535
65535
65535
65535
65535
65535
65535
65535
65535
65535
65535
65535
65535
65535
65535
65535
65535
65535
65535
65535
65535
65535
65535
65535
65535
65535
65535
65535
65535
65535
65535
65535
65535
65535
65535
65535
65535
65535
65535
65535
65535
65535
65535
65535
65535
65535
65535
65535
65535
65535
65535
65535
65535
65535
65535
65535
65535
65535
65535
65535
65535
65535
65535
65535
65535
65535
65535
65535
65535
65535
65535
65535
65535
65535
65535
65535
65535
65535
65535
65535
65535
65535
65535
65535
65535
65535
65535
65535
65535
65535
65535
65535
65535
65535
65535
65535
65535
65535
65535
65535
65535
65535
65535
65535
65535
65535
65535
65535
65535
65535
65535
65535
65535
65535
65535
65535
65535
65535
65535
65535
65535
65535
65535
65535
65535
65535
65535
65535
65535
65535
65535
65535
65535
65535
65535
65535
65535
65535
65535
65535
65535
65535
65535
65535
65535
65535
65535
65535
65535
65535
65535
65535
65535
65535
65535
65535
65535
65535
65535
65535
65535
65535
65535
65535
65535
65535
65535
65535
65535
65535
65535
65535
65535
65535
65535
65535
65535
65535
65535
65535
65535
65535
65535
65535
65535
65535
65535
65535
65535
65535
65535
65535
65535
65535
65535
65535
65535
65535
65535
65535
65535
65535
65535
65535
65535
65535
65535
65535
65535
65535
65535
65535
65535
65535
65535
65535
65535
65535
65535
65535
65535
65535
65535
65535
65535
65535
65535
65535
65535
65535
65535
65535
65535
65535
65535
65535
65535
65535
65535
65535
65535
65535
65535
65535
65535
65535
65535
65535
65535
65535
65535
65535
65535
65535
65535
65535
65535
65535
65535
65535
65535
65535
65535
65535
65535
65535
65535
65535
65535
65535
65535
65535
65535
65535
65535
65535
65535
65535
65535
65535
65535
65535
65535
65535
65535
65535
65535
65535
65535
65535
65535
65535
65535
65535
65535
65535
65535
65535
65535
65535
65535
65535
65535
65535
65535
65535
65535
65535
65535
65535
65535
65535
65535
65535
65535
65535
65535
65535
65535
65535
65535
65535
65535
65535
65535
65535
65535
65535
65535
65535
65535
65535
65535
65535
65535
65535
65535
65535
65535
65535
65535
65535
65535
65535
65535
65535
65535
65535
65535
65535
65535
65535
65535
65535
65535
65535
65535
65535
65535
65535
65535
65535
65535
65535
65535
65535
65535
65535
65535
65535
65535
65535
65535
65535
65535
65535
65535
65535
65535
65535
65535
65535
65535
65535
65535
65535
65535
65535
65535
65535
65535
65535
65535
65535
65535
65535
65535
65535
65535
65535
65535
65535
65535
65535
65535
65535
65535
65535
65535
65535
65535
65535
65535
65535
65535
65535
65535
65535
65535
65535
65535
65535
65535
65535
65535
65535
65535
65535
65535
65535
65535
65535
65535
65535
65535
65535
65535
65535
65535
65535
65535
65535
65535
65535
65535
65535
65535
65535
65535
65535
65535
65535
65535
65535
65535
65535
65535
65535
65535
65535
65535
65535
65535
65535
65535
65535
65535
65535
65535
65535
65535
65535
65535
65535
65535
65535
65535
65535
65535
65535
65535
65535
65535
65535
65535
65535
65535
65535
65535
65535
65535
65535
65535
65535
65535
65535
65535
65535
65535
65535
65535
65535
65535
65535
65535
65535
65535
65535
65535
65535
65535
65535
65535
65535
65535
65535
65535
65535
65535
65535
65535
65535
65535
65535
65535
65535
65535
65535
65535
65535
65535
65535
65535
65535
65535
65535
65535
65535
65535
65535
65535
65535
65535
65535
65535
65535
65535
65535
65535
65535
65535
65535
65535
65535
65535
65535
65535
65535
65535
65535
65535
65535
65535
65535
65535
65535
65535
65535
65535
65535
65535
65535
65535
65535
65535
65535
65535
65535
65535
65535
65535
65535
65535
65535
65535
65535
65535
65535
65535
65535
65535
65535
65535
65535
65535
65535
65535
65535
65535
65535
65535
65535
65535
65535
65535
65535
65535
65535
65535
65535
65535
65535
65535
65535
65535
65535
65535
65535
65535
65535
65535
65535
65535
65535
65535
65535
65535
65535
65535
65535
65535
65535
65535
65535
65535
65535
65535
65535
65535
65535
65535
65535
65535
65535
65535
65535
65535
65535
65535
65535
65535
65535
65535
65535
65535
65535
65535
65535
65535
65535
65535
65535
65535
65535
65535
65535
65535
65535
65535
65535
65535
65535
65535
65535
65535
65535
65535
65535
65535
65535
65535
65535
65535
65535
65535
65535
65535
65535
65535
65535
65535
65535
65535
65535
65535
65535
65535
65535
65535
65535
65535
65535
65535
65535
65535
65535
65535
65535
65535
65535
65535
65535
65535
65535
65535
65535
65535
65535
65535
65535
65535
65535
65535
65535
65535
65535
65535
65535
65535
65535
65535
65535
65535
65535
65535
65535
65535
65535
65535
65535
65535
65535
65535
65535
65535
65535
65535
65535
65535
65535
65535
65535
65535
65535
65535
65535
65535
65535
65535
65535
65535
65535
65535
65535
65535
65535
65535
65535
65535
65535
65535
65535
65535
65535
65535
65535
65535
65535
65535
65535
65535
65535
65535
65535
65535
65535
65535
65535
65535
65535
65535
65535
65535
65535
65535
65535
65535
65535
65535
65535
65535
65535
65535
65535
65535
65535
65535
65535
65535
65535
65535
65535
65535
65535
65535
65535
65535
65535
65535
65535
65535
65535
65535
65535
65535
65535
65535
65535
65535
65535
65535
65535
65535
65535
65535
65535
65535
65535
65535
65535
65535
65535
65535
65535
65535
65535
65535
65535
65535
65535
65535
65535
65535
65535
65535
65535
65535
65535
65535
65535
65535
65535
65535
65535
65535
65535
65535
65535
65535
65535
65535
65535
65535
65535
65535
65535
65535
65535
65535
65535
65535
65535
65535
65535
65535
65535
65535
65535
65535
65535
65535
65535
65535
65535
65535
65535
65535
65535
65535
65535
65535
65535
65535
65535
65535
65535
65535
65535
65535
65535
65535
65535
65535
65535
65535
65535
65535
65535
65535
65535
65535
65535
65535
65535
65535
65535
65535
65535
65535
65535