0
0
1
1
1
2
2
3
4
5
5
6
6
7
8
8
9
10
11
11
12
13
14
15
15
16
17
18
19
20
20
22
23
24
25
26
27
28
29
30
32
33
35
36
38
40
41
43
44
46
47
49
50
52
53
55
56
57
59
62
64
66
68
69
71
73
75
77
79
81
83
85
86
88
91
93
95
97
99
101
103
105
107
109
110
112
114
116
118
120
122
124
126
128
130
132
134
136
138
140
143
145
148
150
153
155
157
160
162
164
166
168
171
173
176
178
180
182
185
187
190
192
195
197
199
201
203
206
208
210
212
215
218
220
222
225
227
230
233
235
238
240
243
245
248
250
253
255
257
260
262
264
266
268
270
272
274
277
279
281
283
285
288
290
293
295
297
299
301
303
306
308
310
312
314
316
318
321
324
326
328
330
332
334
336
339
341
344
346
349
351
354
356
359
361
363
365
368
370
372
375
376
379
381
383
384
386
388
391
392
394
397
399
402
403
405
408
410
412
414
417
418
421
423
424
427
429
431
433
435
437
440
442
444
446
448
450
452
454
457
459
461
463
466
468
471
472
475
477
479
481
483
486
488
490
492
494
496
497
500
502
505
507
509
511
514
515
517
519
521
523
525
527
528
530
533
534
537
539
540
542
543
545
546
549
551
553
555
557
559
561
563
565
567
569
570
572
574
575
577
580
582
584
586
588
590
591
593
595
596
598
600
601
603
605
607
609
611
613
614
616
617
619
621
623
624
627
629
631
633
634
636
638
639
641
643
645
647
649
651
653
654
656
658
660
662
665
667
668
670
671
672
674
675
677
679
681
682
684
686
688
689
691
692
694
695
698
699
701
703
704
706
708
710
711
713
715
716
717
720
721
723
725
726
728
730
731
733
735
736
737
739
741
742
744
746
748
750
751
753
754
757
758
760
761
764
765
767
769
771
772
774
776
778
780
781
783
785
786
789
791
793
795
796
798
800
801
803
805
806
808
810
811
813
815
817
818
820
822
823
825
827
828
830
832
834
835
837
839
841
842
844
845
847
848
851
852
853
855
857
858
860
862
865
867
869
870
872
873
875
877
879
880
882
884
885
887
889
891
892
895
896
898
900
902
903
905
907
908
910
912
914
916
918
919
921
923
924
926
928
929
931
933
935
937
938
940
942
944
945
947
949
951
953
955
957
959
960
962
964
966
967
969
971
973
974
976
979
980
981
983
985
986
987
989
991
993
995
996
998
1000
1002
1004
1006
1007
1009
1011
1012
1015
1017
1020
1022
1023
1026
1027
1030
1031
1033
1035
1037
1038
1040
1042
1044
1045
1047
1049
1050
1052
1055
1056
1059
1060
1062
1064
1066
1068
1070
1071
1073
1074
1076
1078
1080
1081
1083
1085
1088
1089
1091
1093
1095
1097
1099
1101
1103
1105
1106
1108
1110
1112
1114
1115
1117
1119
1121
1124
1125
1127
1129
1131
1133
1134
1136
1137
1140
1141
1143
1145
1147
1149
1151
1153
1155
1157
1159
1161
1163
1165
1167
1169
1172
1174
1176
1178
1180
1182
1184
1186
1188
1189
1192
1194
1196
1198
1200
1202
1204
1206
1209
1211
1213
1215
1217
1219
1221
1223
1225
1227
1229
1231
1233
1235
1237
1238
1241
1243
1244
1246
1248
1250
1253
1254
1257
1259
1262
1263
1266
1268
1270
1273
1275
1277
1280
1282
1283
1285
1287
1290
1292
1294
1296
1298
1300
1302
1304
1306
1308
1310
1313
1315
1317
1320
1321
1323
1326
1327
1330
1331
1334
1336
1338
1341
1343
1344
1346
1349
1351
1353
1355
1357
1360
1363
1365
1368
1370
1372
1374
1376
1378
1380
1382
1384
1387
1389
1392
1393
1395
1398
1400
1403
1405
1408
1410
1412
1414
1417
1419
1422
1424
1426
1429
1431
1434
1436
1438
1441
1443
1446
1448
1450
1453
1456
1458
1461
1463
1465
1467
1469
1472
1473
1476
1478
1481
1483
1486
1488
1490
1492
1494
1497
1499
1501
1504
1506
1509
1511
1514
1516
1518
1520
1522
1525
1527
1530
1532
1535
1537
1540
1543
1545
1548
1550
1552
1555
1557
1560
1564
1566
1569
1571
1574
1577
1579
1582
1584
1587
1590
1593
1595
1597
1599
1602
1605
1607
1609
1613
1616
1617
1620
1623
1625
1627
1630
1633
1635
1637
1640
1643
1645
1647
1650
1652
1655
1657
1660
1662
1666
1668
1671
1673
1676
1679
1681
1684
1686
1689
1692
1695
1698
1700
1703
1705
1708
1711
1714
1717
1720
1722
1725
1728
1730
1733
1736
1739
1742
1745
1748
1751
1754
1757
1760
1763
1766
1769
1771
1773
1776
1779
1781
1784
1787
1790
1793
1796
1799
1802
1805
1808
1811
1813
1816
1820
1822
1825
1827
1830
1833
1836
1839
1842
1845
1849
1852
1855
1858
1861
1863
1867
1870
1873
1876
1879
1882
1885
1888
1891
1895
1898
1901
1904
1907
1910
1913
1916
1919
1922
1924
1928
1931
1934
1938
1941
1944
1948
1951
1954
1957
1961
1964
1967
1970
1974
1977
1979
1983
1987
1990
1993
1996
1998
2002
2006
2009
2012
2015
2018
2020
2024
2028
2032
2035
2038
2042
2046
2049
2052
2055
2059
2062
2064
2068
2070
2073
2077
2081
2084
2088
2091
2094
2098
2101
2105
2108
2112
2115
2118
2121
2125
2127
2131
2135
2138
2142
2145
2148
2151
2154
2157
2160
2163
2167
2170
2173
2176
2180
2184
2188
2192
2194
2198
2202
2206
2210
2213
2217
2221
2225
2229
2233
2236
2240
2243
2246
2250
2253
2256
2260
2263
2267
2271
2274
2279
2283
2286
2290
2293
2297
2300
2304
2308
2312
2316
2319
2322
2325
2329
2333
2337
2341
2344
2348
2351
2355
2358
2362
2366
2370
2373
2377
2380
2384
2388
2391
2394
2398
2402
2405
2408
2412
2415
2419
2422
2426
2430
2434
2439
2443
2447
2450
2454
2458
2461
2465
2469
2473
2477
2480
2484
2488
2492
2495
2499
2504
2507
2511
2515
2518
2522
2526
2530
2534
2538
2541
2545
2551
2555
2559
2563
2566
2569
2573
2577
2581
2585
2589
2593
2597
2601
2606
2610
2614
2618
2622
2626
2630
2635
2639
2644
2648
2652
2656
2660
2664
2669
2672
2676
2679
2683
2687
2691
2695
2700
2704
2709
2713
2716
2720
2724
2728
2733
2737
2742
2747
2750
2755
2759
2764
2768
2773
2777
2781
2785
2790
2793
2798
2802
2806
2810
2814
2817
2821
2825
2830
2835
2839
2843
2848
2852
2856
2860
2864
2868
2872
2876
2880
2884
2889
2893
2897
2902
2907
2912
2916
2919
2923
2927
2932
2936
2940
2945
2948
2953
2958
2962
2966
2972
2976
2981
2985
2989
2992
2996
3001
3005
3009
3014
3019
3024
3028
3032
3035
3040
3044
3049
3052
3057
3062
3066
3070
3074
3079
3083
3088
3093
3097
3102
3107
3111
3117
3121
3125
3130
3135
3139
3144
3148
3152
3156
3160
3165
3170
3174
3179
3184
3189
3193
3199
3204
3208
3213
3217
3221
3226
3231
3235
3239
3243
3248
3252
3256
3261
3265
3269
3273
3279
3284
3288
3292
3296
3302
3307
3311
3315
3321
3327
3331
3336
3341
3346
3350
3355
3360
3365
3370
3374
3380
3384
3388
3393
3397
3401
3407
3412
3416
3421
3427
3432
3437
3442
3446
3451
3455
3460
3464
3469
3473
3477
3482
3487
3492
3496
3500
3505
3509
3514
3519
3523
3528
3534
3539
3542
3547
3552
3557
3561
3566
3571
3576
3581
3585
3590
3594
3599
3604
3610
3614
3619
3625
3630
3635
3640
3645
3650
3654
3659
3664
3668
3673
3677
3682
3687
3693
3697
3701
3705
3710
3714
3719
3724
3729
3734
3738
3744
3748
3753
3758
3763
3767
3772
3778
3783
3787
3792
3797
3802
3807
3812
3817
3822
3827
3833
3838
3843
3848
3853
3857
3862
3868
3873
3878
3883
3887
3892
3897
3902
3907
3912
3917
3922
3928
3933
3938
3943
3948
3953
3957
3963
3967
3973
3979
3985
3990
3995
4001
4006
4011
4018
4022
4027
4032
4037
4042
4046
4051
4056
4061
4067
4073
4078
4082
4087
4093
4098
4103
4109
4114
4119
4123
4127
4132
4138
4143
4149
4154
4158
4164
4169
4174
4179
4184
4189
4194
4199
4204
4209
4214
4218
4224
4230
4235
4240
4245
4251
4256
4261
4265
4270
4275
4280
4286
4290
4296
4300
4306
4311
4316
4321
4327
4332
4338
4344
4350
4356
4361
4367
4373
4378
4384
4389
4394
4400
4405
4411
4416
4421
4427
4432
4438
4443
4448
4453
4458
4463
4469
4474
4481
4486
4492
4497
4502
4508
4513
4518
4523
4529
4535
4539
4545
4550
4555
4560
4565
4571
4575
4581
4586
4592
4597
4603
4608
4614
4619
4625
4631
4636
4641
4646
4651
4657
4663
4667
4672
4678
4683
4689
4694
4699
4705
4710
4716
4721
4726
4732
4737
4743
4748
4753
4758
4763
4769
4774
4780
4786
4790
4796
4800
4806
4811
4817
4822
4827
4833
4838
4844
4849
4854
4860
4865
4871
4876
4882
4888
4893
4899
4905
4910
4915
4920
4926
4932
4938
4943
4948
4953
4958
4963
4969
4975
4980
4985
4990
4996
5001
5006
5012
5016
5022
5027
5032
5037
5042
5048
5053
5058
5063
5069
5074
5080
5085
5090
5096
5102
5107
5112
5118
5124
5129
5134
5139
5144
5150
5155
5162
5167
5172
5179
5184
5190
5194
5200
5205
5210
5214
5220
5225
5231
5237
5243
5248
5253
5259
5265
5270
5276
5281
5287
5293
5298
5303
5308
5315
5320
5326
5331
5337
5342
5348
5353
5359
5364
5368
5374
5380
5385
5390
5396
5401
5406
5411
5416
5421
5427
5432
5438
5443
5448
5454
5460
5466
5471
5477
5482
5488
5492
5498
5503
5509
5514
5520
5525
5530
5535
5540
5546
5551
5557
5562
5567
5573
5579
5584
5589
5594
5600
5604
5609
5615
5620
5626
5632
5638
5643
5647
5652
5657
5662
5667
5673
5678
5683
5687
5693
5698
5704
5710
5715
5720
5726
5732
5738
5743
5748
5753
5758
5765
5769
5775
5781
5785
5791
5797
5802
5808
5813
5818
5823
5829
5834
5838
5843
5849
5853
5859
5865
5869
5875
5879
5885
5890
5895
5900
5906
5911
5916
5921
5927
5932
5939
5944
5948
5954
5959
5964
5969
5975
5980
5985
5990
5996
6001
6006
6012
6017
6022
6027
6034
6038
6043
6048
6052
6057
6062
6067
6072
6078
6082
6087
6093
6098
6103
6108
6113
6118
6123
6129
6132
6137
6142
6147
6152
6156
6161
6165
6171
6176
6181
6186
6191
6195
6199
6205
6210
6215
6219
6224
6229
6233
6238
6242
6248
6252
6257
6261
6266
6271
6276
6280
6284
6288
6292
6297
6301
6306
6311
6315
6320
6325
6330
6335
6339
6343
6349
6354
6359
6363
6368
6372
6376
6379
6384
6388
6392
6396
6402
6406
6410
6413
6419
6423
6427
6432
6437
6441
6446
6451
6454
6459
6463
6468
6473
6477
6481
6484
6489
6493
6497
6501
6505
6509
6513
6517
6521
6525
6529
6534
6538
6541
6546
6549
6554
6557
6561
6565
6569
6574
6579
6583
6587
6592
6597
6600
6605
6609
6613
6617
6621
6625
6629
6634
6638
6641
6645
6650
6654
6658
6662
6665
6669
6673
6677
6680
6685
6689
6693
6697
6701
6705
6710
6714
6718
6722
6726
6730
6734
6738
6741
6744
6749
6753
6757
6761
6765
6769
6772
6776
6780
6784
6789
6793
6797
6801
6805
6809
6813
6818
6821
6825
6830
6833
6837
6841
6844
6849
6854
6858
6861
6865
6870
6873
6877
6881
6886
6890
6894
6897
6902
6906
6910
6914
6918
6922
6927
6931
6934
6938
6942
6946
6950
6954
6958
6961
6966
6969
6973
6978
6983
6986
6990
6994
6998
7002
7007
7010
7015
7020
7023
7028
7032
7036
7039
7044
7049
7054
7058
7062
7067
7071
7075
7080
7084
7088
7092
7097
7100
7104
7108
7111
7116
7120
7124
7127
7132
7136
7141
7147
7151
7156
7161
7165
7169
7173
7178
7183
7187
7192
7196
7200
7205
7210
7214
7218
7223
7227
7232
7237
7241
7246
7251
7255
7259
7263
7267
7271
7276
7281
7285
7289
7294
7299
7304
7308
7312
7317
7321
7326
7330
7335
7339
7344
7349
7355
7359
7364
7369
7374
7378
7383
7387
7392
7398
7402
7407
7412
7417
7422
7427
7431
7436
7441
7447
7451
7456
7460
7465
7470
7474
7479
7484
7489
7493
7498
7503
7508
7513
7517
7523
7528
7532
7538
7544
7549
7554
7558
7563
7568
7573
7578
7582
7587
7593
7597
7603
7608
7613
7619
7624
7629
7634
7640
7646
7651
7656
7662
7667
7673
7679
7684
7689
7695
7701
7707
7712
7718
7723
7728
7734
7739
7744
7749
7755
7760
7765
7770
7775
7781
7786
7791
7797
7802
7807
7812
7818
7823
7829
7835
7840
7847
7853
7859
7864
7869
7875
7880
7886
7891
7897
7903
7909
7915
7919
7925
7932
7937
7943
7949
7955
7960
7967
7972
7978
7984
7989
7995
8001
8006
8011
8017
8023
8029
8034
8040
8046
8052
8058
8063
8070
8075
8081
8087
8093
8100
8106
8111
8117
8122
8127
8133
8140
8146
8153
8159
8165
8172
8178
8183
8189
8195
8202
8208
8214
8220
8227
8233
8239
8245
8252
8259
8265
8271
8277
8283
8289
8295
8301
8306
8312
8318
8325
8332
8339
8346
8352
8358
8364
8370
8376
8383
8389
8396
8403
8410
8416
8423
8429
8436
8442
8449
8457
8463
8468
8475
8481
8488
8495
8501
8509
8516
8524
8530
8537
8545
8553
8559
8566
8573
8580
8587
8595
8602
8609
8617
8624
8631
8638
8646
8653
8659
8667
8673
8680
8688
8696
8703
8711
8718
8724
8731
8738
8745
8752
8760
8768
8775
8783
8790
8796
8803
8810
8816
8823
8829
8836
8843
8851
8858
8865
8872
8878
8886
8893
8901
8909
8917
8924
8932
8940
8948
8956
8963
8970
8978
8985
8993
9001
9008
9015
9022
9030
9038
9047
9055
9062
9070
9078
9086
9093
9101
9109
9117
9126
9134
9142
9152
9160
9167
9174
9182
9191
9200
9209
9216
9224
9233
9242
9251
9259
9268
9275
9284
9292
9300
9309
9317
9326
9334
9342
9350
9357
9365
9373
9382
9392
9401
9410
9419
9428
9436
9445
9453
9462
9471
9478
9487
9496
9506
9515
9524
9532
9542
9551
9559
9567
9576
9585
9594
9603
9612
9621
9630
9638
9647
9656
9665
9675
9684
9693
9702
9711
9719
9729
9738
9747
9756
9764
9774
9783
9793
9802
9812
9821
9831
9840
9850
9860
9868
9876
9886
9896
9906
9915
9924
9934
9943
9953
9962
9973
9985
9995
10007
10016
10027
10036
10046
10055
10063
10073
10083
10092
10101
10110
10121
10131
10139
10149
10160
10170
10181
10190
10200
10208
10218
10228
10238
10249
10258
10269
10279
10288
10297
10307
10316
10327
10338
10348
10358
10368
10377
10388
10399
10411
10421
10431
10441
10451
10462
10473
10483
10493
10504
10514
10525
10535
10546
10557
10567
10579
10590
10601
10612
10622
10632
10643
10654
10664
10675
10685
10697
10708
10719
10730
10742
10754
10766
10779
10792
10805
10818
10828
10841
10853
10866
10878
10890
10901
10913
10925
10938
10949
10961
10974
10986
10999
11011
11022
11034
11046
11061
11074
11085
11099
11111
11122
11133
11146
11159
11170
11183
11194
11207
11218
11233
11244
11257
11270
11282
11295
11306
11318
11332
11345
11357
11371
11384
11399
11413
11426
11438
11451
11464
11478
11491
11504
11518
11532
11545
11558
11571
11584
11596
11610
11623
11637
11651
11664
11678
11691
11704
11717
11730
11744
11758
11772
11786
11799
11812
11827
11842
11856
11872
11886
11899
11912
11926
11941
11955
11969
11984
11998
12013
12027
12042
12057
12071
12086
12101
12116
12131
12147
12161
12176
12190
12205
12220
12236
12251
12268
12283
12298
12311
12326
12344
12360
12376
12392
12408
12424
12437
12453
12470
12486
12502
12517
12533
12548
12564
12579
12596
12611
12627
12644
12660
12677
12693
12708
12725
12741
12757
12772
12789
12807
12825
12841
12857
12874
12892
12908
12925
12943
12959
12976
12993
13011
13028
13045
13061
13078
13096
13114
13131
13148
13166
13184
13200
13218
13237
13255
13273
13291
13309
13327
13346
13365
13383
13401
13421
13440
13460
13481
13499
13517
13536
13555
13574
13592
13612
13630
13648
13667
13685
13704
13722
13743
13763
13783
13803
13824
13842
13862
13882
13902
13921
13942
13962
13983
14004
14024
14043
14063
14083
14104
14124
14144
14166
14187
14206
14227
14248
14269
14290
14311
14334
14356
14376
14398
14421
14443
14466
14488
14511
14534
14557
14579
14601
14624
14646
14669
14691
14713
14735
14759
14781
14804
14828
14851
14876
14900
14923
14947
14971
14993
15016
15039
15062
15086
15109
15133
15157
15181
15206
15230
15253
15278
15302
15327
15352
15377
15401
15427
15452
15476
15501
15527
15554
15582
15609
15633
15662
15686
15713
15739
15765
15790
15816
15842
15868
15893
15921
15948
15977
16003
16031
16059
16086
16113
16142
16169
16196
16222
16250
16279
16306
16336
16363
16391
16419
16446
16475
16505
16534
16564
16594
16623
16654
16683
16714
16745
16775
16804
16836
16867
16899
16929
16961
16991
17023
17052
17084
17116
17146
17178
17209
17241
17273
17304
17335
17367
17402
17435
17467
17501
17535
17568
17604
17637
17671
17706
17740
17775
17808
17843
17879
17915
17951
17987
18022
18057
18095
18131
18166
18203
18241
18279
18316
18355
18394
18431
18468
18508
18547
18583
18620
18659
18701
18738
18778
18819
18858
18899
18940
18979
19018
19057
19099
19140
19181
19224
19264
19305
19349
19394
19435
19480
19524
19569
19610
19651
19695
19739
19785
19831
19875
19920
19966
20012
20057
20103
20152
20202
20250
20299
20348
20395
20443
20490
20538
20587
20638
20689
20740
20789
20839
20888
20941
20993
21045
21095
21145
21198
21250
21303
21355
21412
21465
21515
21571
21625
21680
21737
21791
21848
21905
21964
22022
22082
22140
22200
22261
22325
22387
22446
22508
22568
22630
22691
22752
22816
22879
22942
23005
23073
23137
23204
23271
23336
23403
23473
23541
23608
23676
23749
23820
23889
23959
24032
24105
24178
24252
24327
24404
24481
24557
24634
24711
24793
24870
24950
25032
25111
25192
25276
25361
25441
25525
25610
25695
25783
25875
25962
26049
26142
26233
26325
26412
26503
26597
26692
26786
26881
26978
27074
27175
27273
27375
27476
27580
27683
27785
27897
28003
28110
28220
28329
28437
28547
28660
28771
28888
29007
29126
29247
29371
29498
29623
29749
29877
30005
30136
30268
30403
30540
30682
30823
30964
31105
31247
31395
31539
31689
31841
31998
32157
32317
32477
32643
32809
32975
33144
33320
33492
33668
33848
34033
34225
34418
34612
34810
35014
35213
35421
35629
35841
36063
36287
36515
36745
36976
37216
37464
37710
37962
38222
38481
38751
39021
39304
39588
39881
40184
40485
40806
41131
41460
41797
42135
42487
42850
43221
43598
43993
44392
44800
45222
45655
46104
46566
47043
47535
48047
48579
49119
49683
50261
50851
51461
52099
52756
53440
54146
54889
55653
56458
57300
58166
59070
59994
60932
61857
62730
63514
64167
64683
65048
65284
65417
65487
65518
65530
65534
65535
65535
65535
65535
65535
65535
65535
65535
65535
65535
65535
65535
65535
65535
65535
65535
65535
65535
65535
65535
65535
65535
65535
65535
65535
65535
65535
65535
65535
65535
65535
65535
65535
65535
65535
65535
65535
65535
65535
65535
65535
65535
65535
65535
65535
65535
65535
65535
65535
65535
65535
65535
65535
65535
65535
65535
65535
65535
65535
65535
65535
65535
65535
65535
65535
65535
65535
65535
65535
65535
65535
65535
65535
65535
65535
65535
65535
65535
65535
65535
65535
65535
65535
65535
65535
65535
65535
65535
65535
65535
65535
65535
65535
65535
65535
65535
65535
65535
65535
65535
65535
65535
65535
65535
65535
65535
65535
65535
65535
65535
65535
65535
65535
65535
65535
65535
65535
65535
65535
65535
65535
65535
65535
65535
65535
65535
65535
65535
65535
65535
65535
65535
65535
65535
65535
65535
65535
65535
65535
65535
65535
65535
65535
65535
65535
65535
65535
65535
65535
65535
65535
65535
65535
65535
65535
65535
65535
65535
65535
65535
65535
65535
65535
65535
65535
65535
65535
65535
65535
65535
65535
65535
65535
65535
65535
65535
65535
65535
65535
65535
65535
65535
65535
65535
65535
65535
65535
65535
65535
65535
65535
65535
65535
65535
65535
65535
65535
65535
65535
65535
65535
65535
65535
65535
65535
65535
65535
65535
65535
65535
65535
65535
65535
65535
65535
65535
65535
65535
65535
65535
65535
65535
65535
65535
65535
65535
65535
65535
65535
65535
65535
65535
65535
65535
65535
65535
65535
65535
65535
65535
65535
65535
65535
65535
65535
65535
65535
65535
65535
65535
65535
65535
65535
65535
65535
65535
65535
65535
65535
65535
65535
65535
65535
65535
65535
65535
65535
65535
65535
65535
65535
65535
65535
65535
65535
65535
65535
65535
65535
65535
65535
65535
65535
65535
65535
65535
65535
65535
65535
65535
65535
65535
65535
65535
65535
65535
65535
65535
65535
65535
65535
65535
65535
65535
65535
65535
65535
65535
65535
65535
65535
65535
65535
65535
65535
65535
65535
65535
65535
65535
65535
65535
65535
65535
65535
65535
65535
65535
65535
65535
65535
65535
65535
65535
65535
65535
65535
65535
65535
65535
65535
65535
65535
65535
65535
65535
65535
65535
65535
65535
65535
65535
65535
65535
65535
65535
65535
65535
65535
65535
65535
65535
65535
65535
65535
65535
65535
65535
65535
65535
65535
65535
65535
65535
65535
65535
65535
65535
65535
65535
65535
65535
65535
65535
65535
65535
65535
65535
65535
65535
65535
65535
65535
65535
65535
65535
65535
65535
65535
65535
65535
65535
65535
65535
65535
65535
65535
65535
65535
65535
65535
65535
65535
65535
65535
65535
65535
65535
65535
65535
65535
65535
65535
65535
65535
65535
65535
65535
65535
65535
65535
65535
65535
65535
65535
65535
65535
65535
65535
65535
65535
65535
65535
65535
65535
65535
65535
65535
65535
65535
65535
65535
65535
65535
65535
65535
65535
65535
65535
65535
65535
65535
65535
65535
65535
65535
65535
65535
65535
65535
65535
65535
65535
65535
65535
65535
65535
65535
65535
65535
65535
65535
65535
65535
65535
65535
65535
65535
65535
65535
65535
65535
65535
65535
65535
65535
65535
65535
65535
65535
65535
65535
65535
65535
65535
65535
65535
65535
65535
65535
65535
65535
65535
65535
65535
65535
65535
65535
65535
65535
65535
65535
65535
65535
65535
65535
65535
65535
65535
65535
65535
65535
65535
65535
65535
65535
65535
65535
65535
65535
65535
65535
65535
65535
65535
65535
65535
65535
65535
65535
65535
65535
65535
65535
65535
65535
65535
65535
65535
65535
65535
65535
65535
65535
65535
65535
65535
65535
65535
65535
65535
65535
65535
65535
65535
65535
65535
65535
65535
65535
65535
65535
65535
65535
65535
65535
65535
65535
65535
65535
65535
65535
65535
65535
65535
65535
65535
65535
65535
65535
65535
65535
65535
65535
65535
65535
65535
65535
65535
65535
65535
65535
65535
65535
65535
65535
65535
65535
65535
65535
65535
65535
65535
65535
65535
65535
65535
65535
65535
65535
65535
65535
65535
65535
65535
65535
65535
65535
65535
65535
65535
65535
65535
65535
65535
65535
65535
65535
65535
65535
65535
65535
65535
65535
65535
65535
65535
65535
65535
65535
65535
65535
65535
65535
65535
65535
65535
65535
65535
65535
65535
65535
65535
65535
65535
65535
65535
65535
65535
65535
65535
65535
65535
65535
65535
65535
65535
65535
65535
65535
65535
65535
65535
65535
65535
65535
65535
65535
65535
65535
65535
65535
65535
65535
65535
65535
65535
65535
65535
65535
65535
65535
65535
65535
65535
65535
65535
65535
65535
65535
65535
65535
65535
65535
65535
65535
65535
65535
65535
65535
65535
65535
65535
65535
65535
65535
65535
65535
65535
65535
65535
65535
65535
65535
65535
65535
65535
65535
65535
65535
65535
65535
65535
65535
65535
65535
65535
65535
65535
65535
65535
65535
65535
65535
65535
65535
65535
65535
65535
65535
65535
65535
65535
65535
65535
65535
65535
65535
65535
65535
65535
65535
65535
65535
65535
65535
65535
65535
65535
65535
65535
65535
65535
65535
65535
65535
65535
65535
65535
65535
65535
65535
65535
65535
65535
65535
65535
65535
65535
65535
65535
65535
65535
65535
65535
65535
65535
65535
65535
65535
65535
65535
65535
65535
65535
65535
65535
65535
65535
65535
65535
65535
65535
65535
65535
65535
65535
65535
65535
65535
65535
65535
65535
65535
65535
65535
65535
65535
65535
65535
65535
65535
65535
65535
65535
65535
65535
65535
65535
65535
65535
65535
65535
65535
65535
65535
65535
65535
65535
65535
65535
65535
65535
65535
65535
65535
65535
65535
65535
65535
65535
65535
65535
65535
65535
65535
65535
65535
65535
65535
65535
65535
65535
65535
65535
65535
65535
65535
65535
65535
65535
65535
65535
65535
65535
65535
65535
65535
65535
65535
65535
65535
65535
65535
65535
65535
65535
65535
65535
65535
65535
65535
65535
65535
65535
65535
65535
65535
65535
65535
65535
65535
65535
65535
65535
65535
65535
65535
65535
65535
65535
65535
65535
65535
65535
65535
65535
65535
65535
65535
65535
65535
65535
65535
65535
65535
65535
65535
65535
65535
65535
65535
65535
65535
65535
65535
65535
65535
65535
65535
65535
65535
65535
65535
65535
65535
65535
65535
65535
65535
65535
65535
65535
65535
65535
65535
65535
65535
65535
65535
65535
65535
65535
65535
65535
65535
65535
65535
65535
65535
65535
65535
65535
65535
65535
65535
65535
65535
65535
65535
65535
65535
65535
65535
65535
65535
65535
65535
65535
65535
65535
65535
65535
65535
65535
65535
65535
65535
65535
65535
65535
65535
65535
65535
65535
65535
65535
65535
65535
65535
65535
65535
65535
65535
65535
65535
65535
65535
65535
65535
65535
65535
65535
65535
65535
65535
65535
65535
65535
65535
65535
65535
65535
65535
65535
65535
65535
65535
65535
65535
65535
65535
65535
65535
65535
65535
65535
65535
65535
65535
65535
65535
65535
65535
65535
65535
65535
65535
65535
65535
65535
65535
65535
65535
65535
65535
65535
65535
65535
65535
65535
65535
65535
65535
65535
65535
65535
65535
65535
65535
65535
65535
65535
65535
65535
65535
65535
65535
65535
65535
65535
65535
65535
65535
65535
65535
65535
65535
65535
65535
65535
65535
65535
65535
65535
65535
65535
65535
65535
65535
65535
65535
65535
65535
65535
65535
65535
65535
65535
65535
65535
65535
65535
65535
65535
65535
65535
65535
65535
65535
65535
65535
65535
65535
65535
65535
65535
65535
65535
65535
65535
65535
65535
65535
65535
65535
65535
65535
65535
65535
65535
65535
65535
65535
65535
65535
65535
65535
65535
65535
65535
65535
65535
65535
65535
65535
65535
65535
65535
65535
65535
65535
65535
65535
65535
65535
65535
65535
65535
65535
65535
65535
65535
65535
65535
65535
65535
65535
65535
65535
65535
65535
65535
65535
65535
65535
65535
65535
65535
65535
65535
65535
65535
65535
65535
65535
65535
65535
65535
65535
65535
65535
65535
65535
65535
65535
65535
65535
65535
65535
65535
65535
65535
65535
65535
65535
65535
65535
65535
65535
65535
65535
65535
65535
65535
65535
65535
65535
65535
65535
65535
65535
65535
65535
65535
65535
65535
65535
65535
65535
65535
65535
65535
65535
65535
65535
65535
65535
65535
65535
65535
65535
65535
65535
65535
65535
65535
65535
65535
65535
65535
65535
65535
65535
65535
65535
65535
65535
65535
65535
65535
65535
65535
65535
65535
65535
65535
65535
65535
65535
65535
65535
65535
65535
65535
65535
65535
65535
65535
65535
65535
65535
65535
65535
65535
65535
65535
65535
65535
65535
65535
65535
65535
65535
65535
65535
65535
65535
65535
65535
65535
65535
65535
65535
65535
65535
65535
65535
65535
65535
65535
65535
65535
65535
65535
65535
65535
65535
65535
65535
65535
65535
65535
65535
65535
65535
65535
65535
65535
65535
65535
65535
65535
65535
65535
65535
65535
65535
65535
65535
65535
65535
65535
65535
65535
65535
65535
65535
65535
65535
65535
65535
65535
65535
65535
65535
65535
65535
65535
65535
65535
65535
65535
65535
65535
65535
65535
65535
65535
65535
65535
65535
65535
65535
65535
65535
65535
65535
65535
65535
65535
65535
65535
65535
65535
65535
65535
65535
65535
65535
65535
65535
65535
65535
65535
65535
65535
65535
65535
65535
65535
65535
65535
65535
65535
65535
65535
65535
65535
65535
65535
65535
65535
65535
65535
65535
65535
65535
65535
65535
65535
65535
65535
65535
65535
65535
65535
65535
65535
65535
65535
65535
65535
65535
65535
65535
65535
65535
65535
65535
65535
65535
65535
65535
65535
65535
65535
65535
65535
65535
65535
65535
65535
65535
65535
65535
65535
65535
65535
65535
65535
65535
65535
65535
65535
65535
65535
65535
65535
65535
65535
65535
65535
65535
65535
65535
65535
65535
65535
65535
65535
65535
65535
65535
65535
65535
65535
65535
65535
65535
65535
65535
65535
65535
65535
65535
65535
65535
65535
65535
65535
65535
65535
65535
65535
65535
65535
65535
65535
65535
65535
65535
65535
65535
65535
65535
65535
65535
65535
65535
65535
65535
65535
65535
65535
65535
65535
65535
65535
65535
65535
65535
65535
65535
65535
65535
65535
65535
65535
65535
65535
65535
65535
65535
65535
65535
65535
65535
65535
65535
65535
65535
65535
65535
65535
65535
65535
65535
65535
65535
65535
65535
65535
65535
65535
65535
65535
65535
65535
65535
65535
65535
65535
65535
65535
65535
65535
65535
65535
65535
65535
65535
65535
65535
65535
65535
65535
65535
65535
65535
65535
65535
65535
65535
65535
65535
65535
65535
65535
65535
65535
65535
65535
65535
65535
65535
65535
65535
65535
65535
65535
65535
65535
65535
65535
65535
65535
65535
65535
65535
65535
65535
65535
65535
65535
65535
65535
65535
65535
65535
65535
65535
65535
65535
65535
65535
65535
65535
65535
65535
65535
65535
65535
65535
65535
65535
65535
65535
65535
65535
65535
65535
65535
65535
65535
65535
65535
65535
65535
65535
65535
65535
65535
65535
65535
65535
65535
65535
65535
65535
65535
65535
65535
65535
65535
65535
65535
65535
65535
65535
65535
65535
65535
65535
65535
65535
65535
65535
65535
65535
65535
65535
65535
65535
65535
65535
65535
65535
65535
65535
65535
65535
65535
65535
65535
65535
65535
65535
65535
65535
65535
65535
65535
65535
65535
65535
65535
65535
65535
65535
65535
65535
65535
65535
65535
65535
65535
65535
65535
65535
65535
65535
65535
65535
65535
65535
65535
65535
65535
65535
65535
65535
65535
65535
65535
65535
65535
65535
65535
65535
65535
65535
65535
65535
65535
65535
65535
65535
65535
65535
65535
65535
65535
65535
65535
65535
65535
65535
65535
65535
65535
65535
65535
65535
65535
65535
65535
65535
65535
65535
65535
65535
65535
65535
65535
65535
65535
65535
65535
65535
65535
65535
65535
65535
65535
65535
65535
65535
65535
65535
65535
65535
65535
65535
65535
65535
65535
65535
65535
65535
65535
65535
65535
65535
65535
65535
65535
65535
65535
65535
65535
65535
65535
65535
65535
65535
65535
65535
65535
65535
65535
65535
65535
65535
65535
65535
65535
65535
65535
65535
65535
65535
65535
65535
65535
65535
65535
65535
65535
65535
65535
65535
65535
65535
65535
65535
65535
65535
65535
65535
65535
65535
65535
65535
65535
65535
65535
65535
65535
65535
65535
65535
65535
65535
65535
65535
65535
65535
65535
65535
65535
65535
65535
65535
65535
65535
65535
65535
65535
65535
65535
65535
65535
65535
65535
65535
65535
65535
65535
65535
65535
65535
65535
65535
65535
65535
65535
65535
65535
65535
65535
65535
65535
65535
65535
65535
65535
65535
65535
65535
65535
65535
65535
65535
65535
65535
65535
65535
65535
65535
65535
65535
65535
65535
65535
65535
65535
65535
65535
65535
65535
65535
65535
65535
65535
65535
65535
65535
65535
65535
65535
65535
65535
65535
65535
65535
65535
65535
65535
65535
65535
65535
65535
65535
65535
65535
65535
65535
65535
65535
65535
65535
65535
65535
65535
65535
65535
65535
65535
65535
65535
65535
65535
65535
65535
65535
65535
65535
65535
65535
65535
65535
65535
65535
65535
65535
65535
65535
65535
65535
65535
65535
65535
65535
65535
65535
65535
65535
65535
65535
65535
65535
65535
65535
65535
65535
65535
65535
65535
65535
65535
65535
65535
65535
65535
65535
65535
65535
65535
65535
65535
65535
65535
65535
65535
65535
65535
65535
65535
65535
65535
65535
65535
65535
65535
65535
65535
65535
65535
65535
65535
65535
65535
65535
65535
65535
65535
65535
65535
65535
65535
65535
65535
65535
65535
65535
65535
65535
65535
65535
65535
65535
65535
65535
65535
65535
65535
65535
65535
65535
65535
65535
65535
65535
65535
65535
65535
65535
65535
65535
65535
65535
65535
65535
65535
65535
65535
65535
65535
65535
65535
65535
65535
65535
65535
65535
65535
65535
65535
65535
65535
65535
65535
65535
65535
65535
65535
65535
65535
65535
65535
65535
65535
65535
65535
65535
65535
65535
65535
65535
65535
65535
65535
65535
65535
65535
65535
65535
65535
65535
65535
65535
65535
65535
65535
65535
65535
65535
65535
65535
65535
65535
65535
65535
65535
65535
65535
65535
65535
65535
65535
65535
65535
65535
65535
65535
65535
65535
65535
65535
65535
65535
65535
65535
65535
65535
65535
65535
65535
65535
65535
65535
65535
65535
65535
65535
65535
65535
65535
65535
65535
65535
65535
65535
65535
65535
65535
65535
65535
65535
65535
65535
65535
65535
65535
65535
65535
65535
65535
65535
65535
65535
65535
65535
65535
65535
65535
65535
65535
65535
65535
65535
65535
65535
65535
65535
65535
65535
65535
65535
65535
65535
65535
65535
65535
65535
65535
65535
65535
65535
65535
65535
65535
65535
65535
65535
65535
65535
65535
65535
65535
65535
65535
65535
65535
65535
65535
65535
65535
65535
65535
65535
65535
65535
65535
65535
65535
65535
65535
65535
65535
65535
65535
65535
65535
65535
65535
65535
65535
65535
65535
65535
65535
65535
65535
65535
65535
65535
65535
65535
65535
65535
65535
65535
65535
65535
65535
65535
65535
65535
65535
65535
65535
65535
65535
65535
65535
65535
65535
65535
65535
65535
65535
65535
65535
65535
65535
65535
65535
65535
65535
65535
65535
65535
65535
65535
65535
65535
65535
65535
65535
65535
65535
65535
65535
65535
65535
65535
65535
65535
65535
65535
65535
65535
65535
65535
65535
65535
65535
65535
65535
65535
65535
65535
65535
65535
65535
65535
65535
65535
65535
65535
65535
65535
65535
65535
65535
65535
65535
65535
65535
65535
65535
65535
65535
65535
65535
65535
65535
65535
65535
65535
65535
65535
65535
65535
65535
65535
65535
65535
65535
65535
65535
65535
65535
65535
65535
65535
65535
65535
65535
65535
65535
65535
65535
65535
65535
65535
65535
65535
65535
65535
65535
65535
65535
65535
65535
65535
65535
65535
65535
65535
65535
65535
65535
65535
65535
65535
65535
65535
65535
65535
65535
65535
65535
65535
65535
65535
65535
65535
65535
65535
65535
65535
65535
65535
65535
65535
65535
65535
65535
65535
65535
65535
65535
65535
65535
65535
65535
65535
65535
65535
65535
65535
65535
65535
65535
65535
65535
65535
65535
65535
65535
65535
65535
65535
65535
65535
65535
65535
65535
65535
65535
65535
65535
65535
65535
65535
65535
65535
65535
65535
65535
65535
65535
65535
65535
65535
65535
65535
65535
65535
65535
65535
65535
65535
65535
65535
65535
65535
65535
65535
65535
65535
65535
65535
65535
65535
65535
65535
65535
65535
65535
65535
65535
65535
65535
65535
65535
65535
65535
65535
65535
65535
65535
65535
65535
65535
65535
65535
65535
65535
65535
65535
65535
65535
65535
65535
65535
65535
65535
65535
65535
65535
65535
65535
65535
65535
65535
65535
65535
65535
65535
65535
65535
65535
65535
65535
65535
65535
65535
65535
65535
65535
65535
65535
65535
65535
65535
65535
65535
65535
65535
65535
65535
65535
65535
65535
65535
65535
65535
65535
65535
65535
65535
65535
65535
65535
65535
65535
65535
65535
65535
65535
65535
65535
65535
65535
65535
65535
65535
65535
65535
65535
65535
65535
65535
65535
65535
65535
65535
65535
65535
65535
65535
65535
65535
65535
65535
65535
65535
65535
65535
65535
65535
65535
65535
65535
65535
65535
65535
65535
65535
65535
65535
65535
65535
65535
65535
65535
65535
65535
65535
65535
65535
65535
65535
65535
65535
65535
65535
65535
65535
65535
65535
65535
65535
65535
65535
65535
65535
65535
65535
65535
65535
65535
65535
65535
65535
65535
65535
65535
65535
65535
65535
65535
65535
65535
65535
65535
65535
65535
65535
65535
65535
65535
65535
65535
65535
65535
65535
65535
65535
65535
65535
65535
65535
65535
65535
65535
65535
65535
65535
65535
65535
65535
65535
65535
65535
65535
65535
65535
65535
65535
65535
65535
65535
65535
65535
65535
65535
65535
65535
65535
65535
65535
65535
65535
65535
65535
65535
65535
65535
65535
65535
65535
65535
65535
65535
65535
65535
65535
65535
65535
65535
65535
65535
65535
65535
65535
65535
65535
65535
65535
65535
65535
65535
65535
65535
65535
65535
65535
65535
65535
65535
65535
65535
65535
65535
65535
65535
65535
65535
65535
65535
65535
65535
65535
65535
65535
65535
65535
65535
65535
65535
65535
65535
65535
65535
65535
65535
65535
65535
65535
65535
65535
65535
65535
65535
65535
65535
65535
65535
65535
65535
65535
65535
65535
65535
65535
65535
65535
65535
65535
65535
65535
65535
65535
65535
65535
65535
65535
65535
65535
65535
65535
65535
65535
65535
65535
65535
65535
65535
65535
65535
65535
65535
65535
65535
65535
65535
65535
65535
65535
65535
65535
65535
65535
65535
65535
65535
65535
65535
65535
65535
65535
65535
65535
65535
65535
65535
65535
65535
65535
65535
65535
65535
65535
65535
65535
65535
65535
65535
65535
65535
65535
65535
65535
65535
65535
65535
65535
65535
65535
65535
65535
65535
65535
65535
65535
65535
65535
65535
65535
65535
65535
65535
65535
65535
65535
65535
65535
65535
65535
65535
65535
65535
65535
65535
65535
65535
65535
65535
65535
65535
65535
65535
65535
65535
65535
65535
65535
65535
65535
65535
65535
65535
65535
65535
65535
65535
65535
65535
65535
65535
65535
65535
65535
65535
65535
65535
65535
65535
65535
65535
65535
65535
65535
65535
65535
65535
65535
65535
65535
65535
65535
65535
65535
65535
65535
65535
65535
65535
65535
65535
65535
65535
65535
65535
65535
65535
65535
65535
65535
65535
65535
65535
65535
65535
65535
65535
65535
65535
65535
65535
65535
65535
65535
65535
65535
65535
65535
65535
65535
65535
65535
65535
65535
65535
65535
65535
65535
65535
65535
65535
65535
65535
65535
65535
65535
65535
65535
65535
65535
65535
65535
65535
65535
65535
65535
65535
65535
65535
65535
65535
65535
65535
65535
65535
65535
65535
65535
65535
65535
65535
65535
65535
65535
65535
65535
65535
65535
65535
65535
65535
65535
65535
65535
65535
65535
65535
65535
65535
65535
65535
65535
65535
65535
65535
65535
65535
65535
65535
65535
65535
65535
65535
65535
65535
65535
65535
65535
65535
65535
65535
65535
65535
65535
65535
65535
65535
65535
65535
65535
65535
65535
65535
65535
65535
65535
65535
65535
65535
65535
65535
65535
65535
65535
65535
65535
65535
65535
65535
65535
65535
65535
65535
65535
65535
65535
65535
65535
65535
65535
65535
65535
65535
65535
65535
65535
65535
65535
65535
65535
65535
65535
65535
65535
65535
65535
65535
65535
65535
65535
65535
65535
65535
65535
65535
65535
65535
65535
65535
65535
65535
65535
65535
65535
65535
65535
65535
65535
65535
65535
65535
65535
65535
65535
65535
65535
65535
65535
65535
65535
65535
65535
65535
65535
65535
65535
65535
65535
65535
65535
65535
65535
65535
65535
65535
65535
65535
65535
65535
65535
65535
65535
65535
65535
65535
65535
65535
65535
65535
65535
65535
65535
65535
65535
65535
65535
65535
65535
65535
65535
65535
65535
65535
65535
65535
65535
65535
65535
65535
65535
65535
65535
65535
65535
65535
65535
65535
65535
65535
65535
65535
65535
65535
65535
65535
65535
65535
65535
65535
65535
65535
65535
65535
65535
65535
65535
65535
65535
65535
65535
65535
65535
65535
65535
65535
65535
65535
65535
65535
65535
65535
65535
65535
65535
65535
65535
65535
65535
65535
65535
65535
65535
65535
65535
65535
65535
65535
65535
65535
65535
65535
65535
65535
65535
65535
65535
65535
65535
65535
65535
65535
65535
65535
65535
65535
65535
65535
65535
65535
65535
65535
65535
65535
65535
65535
65535
65535
65535
65535
65535
65535
65535
65535
65535
65535
65535
65535
65535
65535
65535
65535
65535
65535
65535
65535
65535
65535
65535
65535
65535
65535
65535
65535
65535
65535
65535
65535
65535
65535
65535
65535
65535
65535
65535
65535
65535
65535
65535
65535
65535
65535
65535
65535
65535
65535
65535
65535
65535
65535
65535
65535
65535
65535
65535
65535
65535
65535
65535
65535
65535
65535
65535
65535
65535
65535
65535
65535
65535
65535
65535
65535
65535
65535
65535
65535
65535
65535
65535
65535
65535
65535
65535
65535
65535
65535
65535
65535
65535
65535
65535
65535
65535
65535
65535
65535
65535
65535
65535
65535
65535
65535
65535
65535
65535
65535
65535
65535
65535
65535
65535
65535
65535
65535
65535
65535
65535
65535
65535
65535
65535
65535
65535
65535
65535
65535
65535
65535
65535
65535
65535
65535
65535
65535
65535
65535
65535
65535
65535
65535
65535
65535
65535
65535
65535
65535
65535
65535
65535
65535
65535
65535
65535
65535
65535
65535
65535
65535
65535
65535
65535
65535
65535
65535
65535
65535
65535
65535
65535
65535
65535
65535
65535
65535
65535
65535
65535
65535
65535
65535
65535
65535
65535
65535
65535
65535
65535
65535
65535
65535
65535
65535
65535
65535
65535
65535
65535
65535
65535
65535
65535
65535
65535
65535
65535
65535
65535
65535
65535
65535
65535
65535
65535
65535
65535
65535
65535
65535
65535
65535
65535
65535
65535
65535
65535
65535
65535
65535
65535
65535
65535
65535
65535
65535
65535
65535
65535
65535
65535
65535
65535
65535
65535
65535
65535
65535
65535
65535
65535
65535
65535
65535
65535
65535
65535
65535
65535
65535
65535
65535
65535
65535
65535
65535
65535
65535
65535
65535
65535
65535
65535
65535
65535
65535
65535
65535
65535
65535
65535
65535
65535
65535
65535
65535
65535
65535
65535
65535
65535
65535
65535
65535
65535
65535
65535
65535
65535
65535
65535
65535
65535
65535
65535
65535
65535
65535
65535
65535
65535
65535
65535
65535
65535
65535
65535
65535
65535
65535
65535
65535
65535
65535
65535
65535
65535
65535
65535
65535
65535
65535
65535
65535
65535
65535
65535
65535
65535
65535
65535
65535
65535
65535
65535
65535
65535
65535
65535
65535
65535
65535
65535
65535
65535
65535
65535
65535
65535
65535
65535
65535
65535
65535
65535
65535
65535
65535
65535
65535
65535
65535
65535
65535
65535
65535
65535
65535
65535
65535
65535
65535
65535
65535
65535
65535
65535
65535
65535
65535
65535
65535
65535
65535
65535
65535
65535
65535
65535
65535
65535
65535
65535
65535
65535
65535
65535
65535
65535
65535
65535
65535
65535
65535
65535
65535
65535
65535
65535
65535
65535
65535
65535
65535
65535
65535
65535
65535
65535
65535
65535
65535
65535
65535
65535
65535
65535
65535
65535
65535
65535
65535
65535
65535
65535
65535
65535
65535
65535
65535
65535
65535
65535
65535
65535
65535
65535
65535
65535
65535
65535
65535
65535
65535
65535
65535
65535
65535
65535
65535
65535
65535
65535
65535
65535
65535
65535
65535
65535
65535
65535
65535
65535
65535
65535
65535
65535
65535
65535
65535
65535
65535
65535
65535
65535
65535
65535
65535
65535
65535
65535
65535
65535
65535
65535
65535
65535
65535
65535
65535
65535
65535
65535
65535
65535
65535
65535
65535
65535
65535
65535
65535
65535
65535
65535
65535
65535
65535
65535
65535
65535
65535
65535
65535
65535
65535
65535
65535
65535
65535
65535
65535
65535
65535
65535
65535
65535
65535
65535
65535
65535
65535
65535
65535
65535
65535
65535
65535
65535
65535
65535
65535
65535
65535
65535
65535
65535
65535
65535
65535
65535
65535
65535
65535
65535
65535
65535
65535
65535
65535
65535
65535
65535
65535
65535
65535
65535
65535
65535
65535
65535
65535
65535
65535
65535
65535
65535
65535
65535
65535
65535
65535
65535
65535
65535
65535
65535
65535
65535
65535
65535
65535
65535
65535
65535
65535
65535
65535
65535
65535
65535
65535
65535
65535
65535
65535
65535
65535
65535
65535
65535
65535
65535
65535
65535
65535
65535
65535
65535
65535
65535
65535
65535
65535
65535
65535
65535
65535
65535
65535
65535
65535
65535
65535
65535
65535
65535
65535
65535
65535
65535
65535
65535
65535
65535
65535
65535
65535
65535
65535
65535
65535
65535
65535
65535
65535
65535
65535
65535
65535
65535
65535
65535
65535
65535
65535
65535
65535
65535
65535
65535
65535
65535
65535
65535
65535
65535
65535
65535
65535
65535
65535
65535
65535
65535
65535
65535
65535
65535
65535
65535
65535
65535
65535
65535
65535
65535
65535
65535
65535
65535
65535
65535
65535
65535
65535
65535
65535
65535
65535
65535
65535
65535
65535
65535
65535
65535
65535
65535
65535
65535
65535
65535
65535
65535
65535
65535
65535
65535
65535
65535
65535
65535
65535
65535
65535
65535
65535
65535
65535
65535
65535
65535
65535
65535
65535
65535
65535
65535
65535
65535
65535
65535
65535
65535
65535
65535
65535
65535
65535
65535
65535
65535
65535
65535
65535
65535
65535
65535
65535
65535
65535
65535
65535
65535
65535
65535
65535
65535
65535
65535
65535
65535
65535
65535
65535
65535
65535
65535
65535
65535
65535
65535
65535
65535
65535
65535
65535
65535
65535
65535
65535
65535
65535
65535
65535
65535
65535
65535
65535
65535
65535
65535
65535
65535
65535
65535
65535
65535
65535
65535
65535
65535
65535
65535
65535
65535
65535
65535
65535
65535
65535
65535
65535
65535
65535
65535
65535
65535
65535
65535
65535
65535
65535
65535
65535
65535
65535
65535
65535
65535
65535
65535
65535
65535
65535
65535
65535
65535
65535
65535
65535
65535
65535
65535
65535
65535
65535
65535
65535
65535
65535
65535
65535
65535
65535
65535
65535
65535
65535
65535
65535
65535
65535
65535
65535
65535
65535
65535
65535
65535
65535
65535
65535
65535
65535
65535
65535
65535
65535
65535
65535
65535
65535
65535
65535
65535
65535
65535
65535
65535
65535
65535
65535
65535
65535
65535
65535
65535
65535
65535
65535
65535
65535
65535
65535
65535
65535
65535
65535
65535
65535
65535
65535
65535
65535
65535
65535
65535
65535
65535
65535
65535
65535
65535
65535
65535
65535
65535
65535
65535
65535
65535
65535
65535
65535
65535
65535
65535
65535
65535
65535
65535
65535
65535
65535
65535
65535
65535
65535
65535
65535
65535
65535
65535
65535
65535
65535
65535
65535
65535
65535
65535
65535
65535
65535
65535
65535
65535
65535
65535
65535
65535
65535
65535
65535
65535
65535
65535
65535
65535
65535
65535
65535
65535
65535
65535
65535
65535
65535
65535
65535
65535
65535
65535
65535
65535
65535
65535
65535
65535
65535
65535
65535
65535
65535
65535
65535
65535
65535
65535
65535
65535
65535
65535
65535
65535
65535
65535
65535
65535
65535
65535
65535
65535
65535
65535
65535
65535
65535
65535
65535
65535
65535
65535
65535
65535
65535
65535
65535
65535
65535
65535
65535
65535
65535
65535
65535
65535
65535
65535
65535
65535
65535
65535
65535
65535
65535
65535
65535
65535
65535
65535
65535
65535
65535
65535
65535
65535
65535
65535
65535
65535
65535
65535
65535
65535
65535
65535
65535
65535
65535
65535
65535
65535
65535
65535
65535
65535
65535
65535
65535
65535
65535
65535
65535
65535
65535
65535
65535
65535
65535
65535
65535
65535
65535
65535
65535
65535
65535
65535
65535
65535
65535
65535
65535
65535
65535
65535
65535
65535
65535
65535
65535
65535
65535
65535
65535
65535
65535
65535
65535
65535
65535
65535
65535
65535
65535
65535
65535
65535
65535
65535
65535
65535
65535
65535
65535
65535
65535
65535
65535
65535
65535
65535
65535
65535
65535
65535
65535
65535
65535
65535
65535
65535
65535
65535
65535
65535
65535
65535
65535
65535
65535
65535
65535
65535
65535
65535
65535
65535
65535
65535
65535
65535
65535
65535
65535
65535
65535
65535
65535
65535
65535
65535
65535
65535
65535
65535
65535
65535
65535
65535
65535
65535
65535
65535
65535
65535
65535
65535
65535
65535
65535
65535
65535
65535
65535
65535
65535
65535
65535
65535
65535
65535
65535
65535
65535
65535
65535
65535
65535
65535
65535
65535
65535
65535
65535
65535
65535
65535
65535
65535
65535
65535
65535
65535
65535
65535
65535
65535
65535
65535
65535
65535
65535
65535
65535
65535
65535
65535
65535
65535
65535
65535
65535
65535
65535
65535
65535
65535
65535
65535
65535
65535
65535
65535
65535
65535
65535
65535
65535
65535
65535
65535
65535
65535
65535
65535
65535
65535
65535
65535
65535
65535
65535
65535
65535
65535
65535
65535
65535
65535
65535
65535
65535
65535
65535
65535
65535
65535
65535
65535
65535
65535
65535
65535
65535
65535
65535
65535
65535
65535
65535
65535
65535
65535
65535
65535
65535
65535
65535
65535
65535
65535
65535
65535
65535
65535
65535
65535
65535
65535
65535
65535
65535
65535
65535
65535
65535
65535
65535
65535
65535
65535
65535
65535
65535
65535
65535
65535
65535
65535
65535
65535
65535
65535
65535
65535
65535
65535
65535
65535
65535
65535
65535
65535
65535
65535
65535
65535
65535
65535
65535
65535
65535
65535
65535
65535
65535
65535
65535
65535
65535
65535
65535
65535
65535
65535
65535
65535
65535
65535
65535
65535
65535
65535
65535
65535
65535
65535
65535
65535
65535
65535
65535
65535
65535
65535
65535
65535
65535
65535
65535
65535
65535
65535
65535
65535
65535
65535
65535
65535
65535
65535
65535
65535
65535
65535
65535
65535
65535
65535
65535
65535
65535
65535
65535
65535
65535
65535
65535
65535
65535
65535
65535
65535
65535
65535
65535
65535
65535
65535
65535
65535
65535
65535
65535
65535
65535
65535
65535
65535
65535
65535
65535
65535
65535
65535
65535
65535
65535
65535
65535
65535
65535
65535
65535
65535
65535
65535
65535
65535
65535
65535
65535
65535
65535
65535
65535
65535
65535
65535
65535
65535
65535
65535
65535
65535
65535
65535
65535
65535
65535
65535
65535
65535
65535
65535
65535
65535
65535
65535
65535
65535
65535
65535
65535
65535
65535
65535
65535
65535
65535
65535
65535
65535
65535
65535
65535
65535
65535
65535
65535
65535
65535
65535
65535
65535
65535
65535
65535
65535
65535
65535
65535
65535
65535
65535
65535
65535