31088
65285
15293
46381
27477
49239
24117
48988
26975
61172
32942
1603
57561
41766
32189
19502
63026
59666
59415
46729
37151
27574
27323
27072
48582
39005
44971
63373
38001
6410
37247
61867
20950
20699
45319
4402
57001
22302
62465
18440
17938
36340
7858
51131
3745
37691
37189
11817
23750
13921
7202
31821
31319
40143
8302
60650
13265
40993
24947
65110
20834
32767
19830
37980
65458
2528
52018
17068
22784
40935
34215
8591
39177
25989
41031
56073
14905
17512
35663
63140
25081
33906
20717
60630
31897
37613
55764
64588
20312
44680
25274
40316
52249
10831
47634
62676
40161
61421
4709
16642
41011
21605
45973
26567
53794
43965
46321
64220
16835
34986
62463
46166
8107
51129
28614
46765
23999
13919
25852
47112
43250
17627
38635
50317
49815
21083
51669
7392
28652
46552
24037
48405
56979
15811
24635
30351
42284
47749
40778
5828
45740
51205
38016
65494
36761
17355
51050
28535
24925
5519
17452
48038
31992
56360
24268
54854
29230
9824
5962
17896
17142
41511
37649
62017
14632
29674
16486
37745
52787
33381
35737
3896
28264
8858
33227
32725
25754
59449
46511
52227
1733
54081
59545
33922
64508
41993
38382
31411
33767
33014
19825
50411
40583
46048
17315
16813
28746
43788
52362
11194
47998
41027
34056
36412
63889
22721
9533
27684
20964
36006
38613
47437
9378
30638
55006
26274
3759
34094
36701
1751
38555
19149
21755
36797
4956
29325
19496
12525
33785
42609
1442
25810
19090
37241
49174
57999
10613
22547
50024
55739
49020
51626
1132
50371
49869
2484
29961
16773
41141
37530
12158
30309
51568
57284
31660
31158
27547
2175
35869
29150
37974
62343
11849
8238
54368
56974
53364
21773
8836
58326
29845
32451
25732
6577
6075
30443
48594
57418
50699
205
52803
64736
14242
63732
50544
34498
46431
8372
10979
16694
44172
56105
40059
64427
48381
38553
494
65528
49482
8314
1594
29322
50582
40754
2695
2193
61009
38745
60005
34381
40097
5398
61105
45059
63461
56490
55988
11712
20536
35578
879
62804
46758
30712
36428
35926
35424
19377
6440
9047
33415
23587
63750
7039
59637
59135
21328
55273
57880
41834
16461
12851
62340
2520
48901
1516
63441
12947
10
21269
11441
23374
19763
28587
3215
34052
45985
14144
1207
25826
9780
34148
11885
17600
51295
60119
12734
43571
39960
45676
23161
53998
9722
27872
33588
29977
29475
28973
31580
27969
21249
14529
4450
41505
28567
46718
27563
39496
38994
54036
9760
43706
49421
17831
42199
38589
31869
3388
49769
27505
39438
45154
47760
34823
18777
52472
20882
42141
26095
56681
43744
43242
33413
39129
29300
13254
9643
59133
52413
45694
42083
16710
19317
12597
43183
55117
17309
51255
38317
47142
34204
33702
48744
14045
13543
53707
104
52703
42874
33046
63632
13138
40615
33895
45828
32891
63728
35247
44071
56004
39958
45674
1397
4004
3502
21653
52490
45770
63921
4100
490
62415
8812
58302
54691
54189
13021
34281
12017
17733
32775
50925
431
18582
24298
64461
1532
25900
47160
31114
30612
64306
23139
38181
28352
37177
14913
33064
48106
50712
21980
40131
24085
26691
10645
3926
12750
37118
14855
8135
26286
53763
12595
2767
45788
51504
47893
62935
27985
36809
33198
17152
13541
47236
40516
40014
17751
4813
26073
3809
31537
15491
18098
30031
23311
1048
3655
31132
21303
51889
63822
53994
12826
49630
2245
48626
41906
41404
3345
52584
64517
4697
60404
50325
52680
58396
1433
25802
9756
46559
52275
48664
57488
25647
50015
2630
64555
14061
29103
6589
12304
24237
1723
57430
60037
31555
46346
52062
1568
54167
37869
59129
5526
26786
57372
56870
158
2765
17807
39066
54108
38062
37560
65037
2108
42020
25723
62527
65134
36401
1451
16493
22209
2803
24063
42213
41711
56753
37347
64824
11222
44916
9966
12573
2745
8209
1489
35184
34431
8808
4946
47967
582
62507
24448
5042
10758
41344
56386
49415
14465
4636
22787
6741
28001
46151
11201
63549
44143
49608
2222
1469
60035
37520
42984
11143
35512
22323
34256
14850
45437
22922
62834
62081
46035
1759
41671
9830
49742
5466
23617
35299
31437
15140
64379
26320
6914
18847
15236
45822
23307
57002
34487
46421
27015
60709
56847
46768
46015
57948
38542
9810
62157
42751
41998
831
50070
36881
8149
10756
63103
40588
8747
26898
35471
31609
18170
23886
54472
63045
18769
27342
39024
57175
25334
5928
39622
32652
3919
57
24426
61229
35355
6623
12087
58217
29234
6719
49740
11430
41765
25468
37401
17995
26569
945
6410
11874
23556
35238
12724
18439
64569
4498
6853
46766
8456
63913
56942
31067
20988
7799
60147
75
21084
8147
44950
41088
52771
64453
32360
62947
55976
52114
63796
9942
15407
42884
17260
29193
62888
49700
36261
4419
28788
46687
55261
48290
35102
53002
24018
57713
50742
6215
2102
51090
53445
33788
14382
29173
15985
58755
8010
35236
25157
39948
32977
47768
9458
55337
17027
13165
21739
20986
17124
57036
52923
20831
4534
47304
2777
23785
57229
9593
8840
42283
50857
56321
14902
14149
13396
3066
64489
7526
9882
52652
14342
19807
40815
64933
17296
44522
49736
8317
54196
37899
36895
57904
22703
12372
36489
45063
62962
55992
23900
38439
2987
58193
16774
15770
8799
32917
29055
56281
58637
1674
19574
18570
45796
63695
19168
24632
14302
863
40273
36160
53809
40369
30039
51047
40717
33495
20056
40813
61822
64177
44520
53094
5457
57554
37897
21349
54793
53789
62111
36236
16579
56241
58345
57341
31467
36680
26350
16019
18124
26446
571
65103
14358
57128
62593
8488
13701
56472
2618
26484
41024
30693
20363
34903
5919
20459
63229
65334
11229
57108
34342
45773
50987
12677
61665
13778
6556
24205
51431
43958
5397
47916
25150
33473
32469
12812
33569
63653
31561
27448
23335
59637
49306
35867
28645
43185
32854
28741
43281
17407
22620
65139
14143
13139
34148
36252
44574
37102
42315
35093
34089
20650
50734
59056
61161
35286
24956
27060
19839
37487
17830
44805
46910
36579
10454
46755
45751
41638
21981
61392
818
46446
51660
44438
58978
4873
59827
2614
23120
3212
5066
50945
46832
17848
57259
46677
1899
25765
12326
39552
23004
24857
64268
44611
46715
8154
41347
15221
48414
19180
55481
48009
62548
5335
54071
27946
61390
53917
34009
48549
31749
2515
7729
53608
52352
57566
31440
52198
38507
49938
36248
22558
5758
1394
139
39801
41654
6202
54688
47215
42851
7399
31265
64207
44299
52370
13810
119
45747
50961
59032
23580
37869
27287
32249
37212
33099
44530
43275
45129
22112
5312
32288
52794
54648
16087
64573
26012
65422
64167
37790
64765
35280
21590
51673
44201
58741
35724
25142
14561
31958
15159
48101
34410
8285
25682
40222
42076
406
48892
32093
52599
32440
19001
5310
946
9269
11122
44315
64822
26010
18537
57947
56692
64763
35529
18730
29910
22437
61847
54374
6236
42538
9943
24232
63392
18613
54915
35007
46187
26279
34350
57965
501
55455
29078
30932
4806
53292
8514
19694
52635
57598
15928
14673
35179
5694
41744
31163
11255
59741
55377
13456
62193
23381
6330
48599
50452
24076
47691
34000
26528
6369
36202
16293
21256
10674
9419
58156
35139
43210
32629
53135
60955
47014
17529
6947
5692
45102
6290
33014
28901
43190
63697
59333
64295
25483
52207
44735
43479
23320
46685
14090
6618
27124
25618
64777
10421
2948
38999
65472
57748
31372
51627
44154
2233
4087
65008
10903
53171
64100
6636
24033
28996
58829
60431
52958
45486
34653
55159
22565
21310
57361
40310
39306
28474
45871
16386
52436
63616
24804
39093
15825
51876
44403
52725
23240
6190
17370
34767
33261
59985
21173
32102
49500
26483
37663
61279
38011
11634
25923
52647
48283
37701
45773
47375
20999
25710
42857
56895
55388
63209
33723
47761
46506
57686
18874
64251
34765
64598
56874
61586
63188
33703
47992
15397
54557
37507
26925
12984
14586
22657
39804
44515
64771
7306
5800
54286
9005
26403
37332
4738
34319
35922
34416
42236
43839
60985
9738
2014
38065
36810
1107
65387
39011
59517
48685
34743
27019
56601
55095
44513
8810
38392
49321
25802
12112
4388
28003
1627
56079
4832
19121
52062
3924
49301
38217
64941
1008
24623
51347
43875
11280
41113
64729
53645
39703
29122
52737
60306
33679
57294
58645
6896
61851
4386
15315
32462
65403
60537
49705
7533
15353
29642
43429
29487
49743
38910
6316
54802
21956
42212
18944
45668
15931
20643
19137
58296
35028
21087
10254
46054
10099
55476
63046
33309
44238
48949
62987
24175
907
49393
4364
5715
47732
24213
54046
5908
63720
18440
7356
12067
29214
46361
1331
62252
48311
65457
41938
65303
41784
15407
41880
49449
44834
58872
51148
43425
48136
5964
51090
65379
17241
25061
20446
22048
60957
50124
26856
34928
42748
3685
33518
672
39832
25890
18166
47748
8685
38267
11640
10133
55761
41820
9226
10577
43268
13531
17992
38247
11870
51030
18436
60453
40294
13666
15268
47959
30909
7641
31005
51512
25135
57826
25231
58173
31545
48692
59621
42571
34596
33090
19148
11174
62768
57902
47069
8006
283
14320
47262
1982
62903
51819
572
61493
35116
8739
25886
49250
35309
62033
60527
59021
26175
24669
38707
34343
42163
50234
48728
15632
48322
28163
8004
3138
63808
52976
29206
40135
54173
52164
25788
52261
25884
61683
63035
24223
35152
14742
41466
27525
19801
21404
47877
21500
38647
61760
44710
2538
47915
52626
60446
46756
20128
34166
19974
46447
45191
9237
51505
9585
26982
9681
48589
21962
4660
53146
26519
56100
32581
27715
22849
24201
63360
64963
51021
65310
23390
56080
7942
469
39377
315
55018
41076
48646
12943
11687
19508
33545
47834
36751
38604
55751
63571
8964
19893
65019
35534
37136
26304
24797
32869
50015
51618
120
14157
34664
17363
3170
51656
12593
7978
28484
55209
60171
30686
28928
64728
60113
24159
60209
49377
10314
30820
7552
36883
41594
15218
13461
14812
63298
61792
50959
11896
54164
34005
7628
59223
7725
28231
29834
15641
45474
53295
11123
37596
54994
59705
55090
50475
39642
47463
52425
38233
14965
57233
58835
63547
43388
13651
62137
23074
40221
4267
36957
38560
43522
54451
59163
4807
192
8263
22552
39950
13573
18284
13669
46611
10657
18728
17473
50415
58486
770
49256
63545
37168
29695
9536
14248
31645
20813
35353
53001
39060
56457
48985
3955
2700
35642
18842
39349
44060
36337
59952
42902
981
2835
14015
9651
1927
41086
39580
41434
40178
60434
62287
42379
28438
30041
555
30388
35350
62326
20405
53598
11677
47978
12275
64121
6656
17836
786
58598
63561
59197
23745
19381
33921
57787
40988
61745
7640
6385
58231
16561
43536
8084
22624
24729
4570
206
61127
47436
36855
42068
15942
42918
26118
25114
30077
7060
46470
35638
56144
48671
22546
58596
51123
15671
1981
56935
37027
41990
53170
20826
26040
59233
45542
56973
24630
48496
22371
49597
10785
9530
11384
41467
40463
10978
3505
5359
50987
37296
57803
16133
39999
16983
47067
20941
16577
34226
17426
22389
40038
51218
18874
55176
16866
37624
2172
48051
18816
45791
10088
18410
64289
60177
6072
11285
60022
24319
26172
18449
1649
62821
40056
1746
31830
33934
26462
43859
30169
44709
12365
30014
44554
30864
7847
19027
33567
10550
219
24086
13504
24935
23680
6881
15203
20417
28488
11689
60425
40517
36404
60020
5915
23564
19200
21053
63572
46773
30225
740
58803
29568
40999
43104
57644
6397
5142
29008
40188
51368
31460
5585
16766
49958
64247
25435
55268
13598
6126
20666
22519
55712
32444
6318
45478
41114
61871
23310
62470
17440
3750
64922
50980
62412
17633
35031
27558
23194
21939
33119
37579
33215
25742
15161
1470
59534
14504
50806
43333
14098
408
5370
4115
18404
45128
18752
5061
3806
61618
1045
59108
4752
137
11317
56945
55690
10660
34276
1932
25548
58740
47908
49510
10949
43891
20874
35163
33908
13749
9134
42076
12841
61327
56712
27226
44624
62022
1448
53294
8013
50281
48775
44160
27110
56943
18131
38637
31165
7897
62851
58236
35219
42788
3977
43136
32554
43483
41977
59124
7877
62580
61074
9576
29831
50338
23961
56903
30275
16333
2643
60455
33828
7200
55686
29309
21836
45451
18824
17317
18669
10945
12297
17008
9033
1058
15096
13590
49641
57461
43519
14034
34289
54796
37495
39097
43809
54738
49872
1482
37282
44851
8897
51165
46550
1018
18416
10692
2968
26333
27935
57517
49542
13839
58965
38806
9069
19747
11773
53790
36488
6752
51878
50120
17024
24593
4183
49560
7388
65201
10594
27740
38920
49598
47841
33900
35251
14841
31988
39808
19398
24109
44114
33281
31775
42704
12967
10959
56085
16771
33667
28801
23935
37721
51508
62186
20014
46487
23220
33898
13487
14839
63074
11576
16036
51835
37392
54539
58999
51024
42798
37932
11304
40886
1572
28045
51410
65196
10338
46138
6824
39515
62628
35749
5510
31733
42411
56197
1088
58147
37486
32620
43047
6842
17269
27947
35516
8637
56621
36211
43529
38412
30437
15743
63475
17693
140
26111
55442
34781
20840
47062
7497
49263
3731
11300
62393
44840
8384
18309
28987
64284
34046
32038
11377
42
32481
33582
9561
7553
49068
43700
54127
20779
34566
1470
2570
41227
26533
5621
28483
45127
55303
18596
1044
36341
31475
63915
42752
3187
4287
64455
62447
51112
61539
46844
63489
17706
30991
53853
1853
18247
34640
32632
36590
43657
4092
29812
30913
50415
26394
39679
12298
28692
29541
24173
62579
50993
39408
2701
25061
1291
42555
30718
56689
32668
11756
28149
13204
26237
33305
15250
62983
32493
14690
65280
6560
63368
1791
2640
59448
10055
41741
17218
48905
62189
38169
41876
17604
5767
22161
19650
29575
1943
34132
9860
50873
26601
15015
56028
34865
38572
39171
33551
12388
38108
45175
27121
43514
40502
50678
63712
45406
11808
25093
47202
41331
54114
54713
8428
33646
33993
34341
28470
50830
1437
4893
23893
8948
34417
57028
60735
29744
4970
43125
53050
22309
13330
35439
32678
64364
8502
2632
2728
59285
31653
29143
32850
54708
58165
64981
46675
12826
34935
35282
57391
63956
36325
64902
5931
56522
13095
28986
35551
13886
48430
1644
17535
27209
49318
62101
18674
40783
6933
3670
56867
29235
32440
48081
57755
36340
49123
14772
5542
18324
59086
52714
5927
24425
11835
30585
55552
46322
11970
46263
49217
61498
61845
8590
21624
34155
24674
58968
36800
42863
8261
20792
7951
11408
33015
39329
42283
45488
29789
10731
35447
34790
46819
6250
14920
39385
39230
51511
7582
47842
22816
3507
34440
52939
59002
12215
36931
52069
23433
32605
47743
28936
28781
9471
65275
48824
7752
47761
31811
9644
49904
49247
11285
7770
16691
50482
59403
58495
35575
721
59634
30747
14797
61024
10124
47275
15279
58146
29259
37928
40632
18464
11590
1607
54051
44068
65424
17884
22943
273
18018
57525
47542
2860
51944
29275
19292
49472
32769
19426
15661
24330
42326
25875
2954
30026
3996
24850
61248
62947
36667
48446
25525
52346
60513
55995
64413
44602
12355
58330
13397
59121
29983
44369
43210
29616
19131
21081
35466
28090
20462
62827
2600
44965
31120
45003
40485
29999
41025
64736
13335
36544
59503
29863
28704
18219
44788
52705
19705
55601
22601
30517
626
36522
51158
46138
22715
37100
47875
15126
16574
5587
32156
36713
53956
48684
37446
54187
49417
60191
5430
47543
17401
15489
38448
14523
37482
63549
17863
156
20006
33638
13073
54936
56384
7086
10890
24522
62523
54142
33327
9151
22532
20369
24675
56709
57404
33479
40643
34618
35564
17355
5112
2447
33
22239
50913
32955
27181
55855
34537
53634
36178
17969
33957
31041
56355
50581
54134
57436
42084
64792
2808
24512
27813
33973
59036
52760
43627
31133
18640
6397
15414
65097
21515
40110
17788
17730
48508
51308
29237
50438
62815
8903
33213
17360
4616
23461
29370
29562
35471
59530
43174
61267
10464
19481
65301
30293
54352
47323
58696
35872
56822
30890
65279
39346
45255
13606
25732
24670
4704
44558
27700
57977
705
6362
29668
25246
2673
29088
9373
57800
62955
40382
35709
65233
16785
43451
41887
5874
1452
6356
20085
64901
19562
40513
54241
36882
63297
2414
37653
4498
52424
3474
61479
6312
13321
17472
30698
50142
44214
23243
42436
14997
25115
25906
10651
20518
21058
61762
15168
40328
25324
22755
16827
25689
17154
17443
11515
61294
61332
14236
20241
42040
22924
3807
3343
43796
49047
45725
44759
22032
30894
48832
57193
25390
62231
5307
54082
15
36104
188
41992
31197
17043
53132
38726
18605
29070
6343
14201
6264
38993
18370
19509
33083
53125
63339
20704
27558
44492
32442
51982
45397
20410
2896
24792
24927
40857
57288
22724
44871
35679
38671
48132
48016
9589
4607
29110
34960
24011
25748
55966
29975
41541
30592
3597
11300
22364
48971
18616
29429
27806
41978
39603
31260
50897
57848
55472
55452
42996
21717
46818
9743
52996
41042
41775
42257
16613
19200
58590
4465
44609
43835
54995
13055
58914
44701
58468
732
1310
2893
63291
21099
46548
9570
41236
38204
63653
50792
15667
46078
33719
33544
41441
24969
24041
28829
39081
55300
56979
23205
26738
36990
3468
47164
9780
34070
7866
51562
63668
34606
21088
25219
29601
46418
23072
64509
49736
55470
21793
3911
65101
26558
56660
19971
62006
63878
29795
52424
28422
44331
26295
33476
10574
47241
64502
18081
46522
40264
60
15313
34428
61614
60820
12140
19417
32411
35827
4293
9814
42560
22709
4208
59817
31489
1654
5764
35248
11128
1298
16338
16587
50028
28110
34422
1671
3619
39764
45921
24948
42286
65088
63270
46758
5375
24412
52272
22417
17432
31197
50928
16806
37888
15795
45799
11367
6265
8135
39335
28615
594
2656
11534
26727
53852
46877
36890
2534
13150
33941
29360
57470
60806
1308
32063
8210
55455
53151
15646
43426
46780
36289
12609
4666
63861
21914
42742
7456
28727
5471
34910
7136
33562
19922
25938
64896
14954
7782
37318
6434
7044
18236
2009
55180
33392
52579
21426
36713
31300
15866
11072
19525
8881
3760
59019
10993
44106
18209
2450
12469
51877
26406
33684
54807
35921
36345
11802
12033
4694
62294
27633
53797
3244
25701
40337
45898
2220
40124
47694
24175
35355
9480
61828
26878
13940
50995
60070
59819
28480
59568
12685
25120
40665
49991
56209
59317
59317
62426
62426
62426
62426
65535
65535
65535
65535
65535
65535
65535
65535
65535
65535
65535
65535
65535
65535
65535
65535
65535
65535
65535
65535
65535
65535
65535
65535
65535
65535
65535
65535
65535
65535
65535
65535
65535
65535
65535
65535
65535
65535
65535
65535
65535
65535
65535
65535
65535
65535
65535
65535
65535
65535
65535
65535
65535
65535
65535
65535
65535
65535
65535
65535
65535
65535
65535
65535
65535
65535
65535
65535
65535
65535
65535
65535
65535
65535
65535
65535
65535
65535
65535
65535
65535
65535
65535
65535
65535
65535
65535
65535
65535
65535
65535
65535
65535
65535
65535
65535
65535
65535
65535
65535
65535
65535
65535
65535
65535
65535
65535
65535
65535
65535
65535
65535
65535
65535
65535
65535
65535
65535
65535
65535
65535
65535
65535
65535
65535
65535
65535
65535
65535
65535
65535
65535
65535
65535
65535
65535
65535
65535
65535
65535
65535
65535
65535
65535
65535
65535
65535
65535
65535
65535
65535
65535
65535
65535
65535
65535
65535
65535
65535
65535
65535
65535
65535
65535
65535
65535
65535
65535
65535
65535
65535
65535
65535
65535
65535
65535
65535
65535
65535
65535
65535
65535
65535
65535
65535
65535
65535
65535
65535
65535
65535
65535
65535
65535
65535
65535
65535
65535
65535
65535
65535
65535
65535
65535
65535
65535
65535
65535
65535
65535
65535
65535
65535
65535
65535
65535
65535
65535
65535
65535
65535
65535
65535
65535
65535
65535
65535
65535
65535
65535
65535
65535
65535
65535
65535
65535
65535
65535
65535
65535
65535
65535
65535
65535
65535
65535
65535
65535
65535
65535
65535
65535
65535
65535
65535
65535
65535
65535
65535
65535
65535
65535
65535
65535
65535
65535
65535
65535
65535
65535
65535
65535
65535
65535
65535
65535
65535
65535
65535
65535
65535
65535
65535
65535
65535
65535
65535
65535
65535
65535
65535
65535
65535
65535
65535
65535
65535
65535
65535
65535
65535
65535
65535
65535
65535
65535
65535
65535
65535
65535
65535
65535
65535
65535
65535
65535
65535
65535
65535
65535
65535
65535
65535
65535
65535
65535
65535
65535
65535
65535
65535
65535
65535
65535
65535
65535
65535
65535
65535
65535
65535
65535
65535
65535
65535
65535
65535
65535
65535
65535
65535
65535
65535
65535
65535
65535
65535
65535
65535
65535
65535
65535
65535
65535
65535
65535
65535
65535
65535
65535
65535
65535
65535
65535
65535
65535
65535
65535
65535
65535
65535
65535
65535
65535
65535
65535
65535
65535
65535
65535
65535
65535
65535
65535
65535
65535
65535
65535
65535
65535
65535
65535
65535
65535
65535
65535
65535
65535
65535
65535
65535
65535
65535
65535
65535
65535
65535
65535
65535
65535
65535
65535
65535
65535
65535
65535
65535
65535
65535
65535
65535
65535
65535
65535
65535
65535
65535
65535
65535
65535
65535
65535
65535
65535
65535
65535
65535
65535
65535
65535
65535
65535
65535
65535
65535
65535
65535
65535
65535
65535
65535
65535
65535
65535
65535
65535
65535
65535
65535
65535
65535
65535
65535
65535
65535
65535
65535
65535
65535
65535
65535
65535
65535
65535
65535
65535
65535
65535
65535
65535
65535
65535
65535
65535
65535
65535
65535
65535
65535
65535
65535
65535
65535
65535
65535
65535
65535
65535
65535
65535
65535
65535
65535
65535
65535
65535
65535
65535
65535
65535
65535
65535
65535
65535
65535
65535
65535
65535
65535
65535
65535
65535
65535
65535
65535
65535
65535
65535
65535
65535
65535
65535
65535
65535
65535
65535
65535
65535
65535
65535
65535
65535
65535
65535
65535
65535
65535
65535
65535
65535
65535
65535
65535
65535
65535
65535
65535
65535
65535
65535
65535
65535
65535
65535
65535
65535
65535
65535
65535
65535
65535
65535
65535
65535
65535
65535
65535
65535
65535
65535
65535
65535
65535
65535
65535
65535
65535
65535
65535
65535
65535
65535
65535
65535
65535
65535
65535
65535
65535
65535
65535
65535
65535
65535
65535
65535
65535
65535
65535
65535
65535
65535
65535
65535
65535
65535
65535
65535
65535
65535
65535
65535
65535
65535
65535
65535
65535
65535
65535
65535
65535
65535
65535
65535
65535
65535
65535
65535
65535
65535
65535
65535
65535
65535
65535
65535
65535
65535
65535
65535
65535
65535
65535
65535
65535
65535
65535
65535
65535
65535
65535
65535
65535
65535
65535
65535
65535
65535
65535
65535
65535
65535
65535
65535
65535
65535
65535
65535
65535
65535
65535
65535
65535
65535
65535
65535
65535
65535
65535
65535
65535
65535
65535
65535
65535
65535
65535
65535
65535
65535
65535
65535
65535
65535
65535
65535
65535
65535
65535
65535
65535
65535
65535
65535
65535
65535
65535
65535
65535
65535
65535
65535
65535
65535
65535
65535
65535
65535
65535
65535
65535
65535
65535
65535
65535
65535
65535
65535
65535
65535
65535
65535
65535
65535
65535
65535
65535
65535
65535
65535
65535
65535
65535
65535
65535
65535
65535
65535
65535
65535
65535
65535
65535
65535
65535
65535
65535
65535
65535
65535
65535
65535
65535
65535
65535
65535
65535
65535
65535
65535
65535
65535
65535
65535
65535
65535
65535
65535
65535
65535
65535
65535
65535
65535
65535
65535
65535
65535
65535
65535
65535
65535
65535
65535
65535
65535
65535
65535
65535
65535
65535
65535
65535
65535
65535
65535
65535
65535
65535
65535
65535
65535
65535
65535
65535
65535
65535
65535
65535
65535
65535
65535
65535
65535
65535
65535
65535
65535
65535
65535
65535
65535
65535
65535
65535
65535
65535
65535
65535
65535
65535
65535
65535
65535
65535
65535
65535
65535
65535
65535
65535
65535
65535
65535
65535
65535
65535
65535
65535
65535
65535
65535
65535
65535
65535
65535
65535
65535
65535
65535
65535
65535
65535
65535
65535
65535
65535
65535
65535
65535
65535
65535
65535
65535
65535
65535
65535
65535
65535
65535
65535
65535
65535
65535
65535
65535
65535
65535
65535
65535
65535
65535
65535
65535
65535
65535
65535
65535
65535
65535
65535
65535
65535
65535
65535
65535
65535
65535
65535
65535
65535
65535
65535
65535
65535
65535
65535
65535
65535
65535
65535
65535
65535
65535
65535
65535
65535
65535
65535
65535
65535
65535
65535
65535
65535
65535
65535
65535
65535
65535
65535
65535
65535
65535
65535
65535
65535
65535
65535
65535
65535
65535
65535
65535
65535
65535
65535
65535
65535
65535
65535
65535
65535
65535
65535
65535
65535
65535
65535
65535
65535
65535
65535
65535
65535
65535
65535
65535
65535
65535
65535
65535
65535
65535
65535
65535
65535
65535
65535
65535
65535
65535
65535
65535
65535
65535
65535
65535
65535
65535
65535
65535
65535
65535
65535
65535
65535
65535
65535
65535
65535
65535
65535
65535
65535
65535
65535
65535
65535
65535
65535
65535
65535
65535
65535
65535
65535
65535
65535
65535
65535
65535
65535
65535
65535
65535
65535
65535
65535
65535
65535
65535
65535
65535
65535
65535
65535
65535
65535
65535
65535
65535
65535
65535
65535
65535
65535
65535
65535
65535
65535
65535
65535
65535
65535
65535
65535
65535
65535
65535
65535
65535
65535
65535
65535
65535
65535
65535
65535
65535
65535
65535
65535
65535
65535
65535
65535
65535
65535
65535
65535
65535
65535
65535
65535
65535
65535
65535
65535
65535
65535
65535
65535
65535
65535
65535
65535
65535
65535
65535
65535
65535
65535
65535
65535
65535
65535
65535
65535
65535
65535
65535
65535
65535
65535
65535
65535
65535
65535
65535
65535
65535
65535
65535
65535
65535
65535
65535
65535
65535
65535
65535
65535
65535
65535
65535
65535
65535
65535
65535
65535
65535
65535
65535
65535
65535
65535
65535
65535
65535
65535
65535
65535
65535
65535
65535
65535
65535
65535
65535
65535
65535
65535
65535
65535
65535
65535
65535
65535
65535
65535
65535
65535
65535
65535
65535
65535
65535
65535
65535
65535
65535
65535
65535
65535
65535
65535
65535
65535
65535
65535
65535
65535
65535
65535
65535
65535
65535
65535
65535
65535
65535
65535
65535
65535
65535
65535
65535
65535
65535
65535
65535
65535
65535
65535
65535
65535
65535
65535
65535
65535
65535
65535
65535
65535
65535
65535
65535
65535
65535
65535
65535
65535
65535
65535
65535
65535
65535
65535
65535
65535
65535
65535
65535
65535
65535
65535
65535
65535
65535
65535
65535
65535
65535
65535
65535
65535
65535
65535
65535
65535
65535
65535
65535
65535
65535
65535
65535
65535
65535
65535
65535
65535
65535
65535
65535
65535
65535
65535
65535
65535
65535
65535
65535
65535
65535
65535
65535
65535
65535
65535
65535
65535
65535
65535
65535
65535
65535
65535
65535
65535
65535
65535
65535
65535
65535
65535
65535
65535
65535
65535
65535
65535
65535
65535
65535
65535
65535
65535
65535
65535
65535
65535
65535
65535
65535
65535
65535
65535
65535
65535
65535
65535
65535
65535
65535
65535
65535
65535
65535
65535
65535
65535
65535
65535
65535
65535
65535
65535
65535
65535
65535
65535
65535
65535
65535
65535
65535
65535
65535
65535
65535
65535
65535
65535
65535
65535
65535
65535
65535
65535
65535
65535
65535
65535
65535
65535
65535
65535
65535
65535
65535
65535
65535
65535
65535
65535
65535
65535
65535
65535
65535
65535
65535
65535
65535
65535
65535
65535
65535
65535
65535
65535
65535
65535
65535
65535
65535
65535
65535
65535
65535
65535
65535
65535
65535
65535
65535
65535
65535
65535
65535
65535
65535
65535
65535
65535
65535
65535
65535
65535
65535
65535
65535
65535
65535
65535
65535
65535
65535
65535
65535
65535
65535
65535
65535
65535
65535
65535
65535
65535
65535
65535
65535
65535
65535
65535
65535
65535
65535
65535
65535
65535
65535
65535
65535
65535
65535
65535
65535
65535
65535
65535
65535
65535
65535
65535
65535
65535
65535
65535
65535
65535
65535
65535
65535
65535
65535
65535
65535
65535
65535
65535
65535
65535
65535
65535
65535
65535
65535
65535
65535
65535
65535
65535
65535
65535
65535
65535
65535
65535
65535
65535
65535
65535
65535
65535
65535
65535
65535
65535
65535
65535
65535
65535
65535
65535
65535
65535
65535
65535
65535
65535
65535
65535
65535
65535
65535
65535
65535
65535
65535
65535
65535
65535
65535
65535
65535
65535
65535
65535
65535
65535
65535
65535
65535
65535
65535
65535
65535
65535
65535
65535
65535
65535
65535
65535
65535
65535
65535
65535
65535
65535
65535
65535
65535
65535
65535
65535
65535
65535
65535
65535
65535
65535
65535
65535
65535
65535
65535
65535
65535
65535
65535
65535
65535
65535
65535
65535
65535
65535
65535
65535
65535
65535
65535
65535
65535
65535
65535
65535
65535
65535
65535
65535
65535
65535
65535
65535
65535
65535
65535
65535
65535
65535
65535
65535
65535
65535
65535
65535
65535
65535
65535
65535
65535
65535
65535
65535
65535
65535
65535
65535
65535
65535
65535
65535
65535
65535
65535
65535
65535
65535
65535
65535
65535
65535
65535
65535
65535
65535
65535
65535
65535
65535
65535
65535
65535
65535
65535
65535
65535
65535
65535
65535
65535
65535
65535
65535
65535
65535
65535
65535
65535
65535
65535
65535
65535
65535
65535
65535
65535
65535
65535
65535
65535
65535
65535
65535
65535
65535
65535
65535
65535
65535
65535
65535
65535
65535
65535
65535
65535
65535
65535
65535
65535
65535
65535
65535
65535
65535
65535
65535
65535
65535
65535
65535
65535
65535
65535
65535
65535
65535
65535
65535
65535
65535
65535
65535
65535
65535
65535
65535
65535
65535
65535
65535
65535
65535
65535
65535
65535
65535
65535
65535
65535
65535
65535
65535
65535
65535
65535
65535
65535
65535
65535
65535
65535
65535
65535
65535
65535
65535
65535
65535
65535
65535
65535
65535
65535
65535
65535
65535
65535
65535
65535
65535
65535
65535
65535
65535
65535
65535
65535
65535
65535
65535
65535
65535
65535
65535
65535
65535
65535
65535
65535
65535
65535
65535
65535
65535
65535
65535
65535
65535
65535
65535
65535
65535
65535
65535
65535
65535
65535
65535
65535
65535
65535
65535
65535
65535
65535
65535
65535
65535
65535
65535
65535
65535
65535
65535
65535
65535
65535
65535
65535
65535
65535
65535
65535
65535
65535
65535
65535
65535
65535
65535
65535
65535
65535
65535
65535
65535
65535
65535
65535
65535
65535
65535
65535
65535
65535
65535
65535
65535
65535
65535
65535
65535
65535
65535
65535
65535
65535
65535
65535
65535
65535
65535
65535
65535
65535
65535
65535
65535
65535
65535
65535
65535
65535
65535
65535
65535
65535
65535
65535
65535
65535
65535
65535
65535
65535
65535
65535
65535
65535
65535
65535
65535
65535
65535
65535
65535
65535
65535
65535
65535
65535
65535
65535
65535
65535
65535
65535
65535
65535
65535
65535
65535
65535
65535
65535
65535
65535
65535
65535
65535
65535
65535
65535
65535
65535
65535
65535
65535
65535
65535
65535
65535
65535
65535
65535
65535
65535
65535
65535
65535
65535
65535
65535
65535
65535
65535
65535
65535
65535
65535
65535
65535
65535
65535
65535
65535
65535
65535
65535
65535
65535
65535
65535
65535
65535
65535
65535
65535
65535
65535
65535
65535
65535
65535
65535
65535
65535
65535
65535
65535
65535
65535
65535
65535
65535
65535
65535
65535
65535
65535
65535
65535
65535
65535
65535
65535
65535
65535
65535
65535
65535
65535
65535
65535
65535
65535
65535
65535
65535
65535
65535
65535
65535
65535
65535
65535
65535
65535
65535
65535
65535
65535
65535
65535
65535
65535
65535
65535
65535
65535
65535
65535
65535
65535
65535
65535
65535
65535
65535
65535
65535
65535
65535
65535
65535
65535
65535
65535
65535
65535
65535
65535
65535
65535
65535
65535
65535
65535
65535
65535
65535
65535
65535
65535
65535
65535
65535
65535
65535
65535
65535
65535
65535
65535
65535
65535
65535
65535
65535
65535
65535
65535
65535
65535
65535
65535
65535
65535
65535
65535
65535
65535
65535
65535
65535
65535
65535
65535
65535
65535
65535
65535
65535
65535
65535
65535
65535
65535
65535
65535
65535
65535
65535
65535
65535
65535
65535
65535
65535
65535
65535
65535
65535
65535
65535
65535
65535
65535
65535
65535
65535
65535
65535
65535
65535
65535
65535
65535
65535
65535
65535
65535
65535
65535
65535
65535
65535
65535
65535
65535
65535
65535
65535
65535
65535
65535
65535
65535
65535
65535
65535
65535
65535
65535
65535
65535
65535
65535
65535
65535
65535
65535
65535
65535
65535
65535
65535
65535
65535
65535
65535
65535
65535
65535
65535
65535
65535
65535
65535
65535
65535
65535
65535
65535
65535
65535
65535
65535
65535
65535
65535
65535
65535
65535
65535
65535
65535
65535
65535
65535
65535
65535
65535
65535
65535
65535
65535
65535
65535
65535
65535
65535
65535
65535
65535
65535
65535
65535
65535
65535
65535
65535
65535
65535
65535
65535
65535
65535
65535
65535
65535
65535
65535
65535
65535
65535
65535
65535
65535
65535
65535
65535
65535
65535
65535
65535
65535
65535
65535
65535
65535
65535
65535
65535
65535
65535
65535
65535
65535
65535
65535
65535
65535
65535
65535
65535
65535
65535
65535
65535
65535
65535
65535
65535
65535
65535
65535
65535
65535
65535
65535
65535
65535
65535
65535
65535
65535
65535
65535
65535
65535
65535
65535
65535
65535
65535
65535
65535
65535
65535
65535
65535
65535
65535
65535
65535
65535
65535
65535
65535
65535
65535
65535
65535
65535
65535
65535
65535
65535
65535
65535
65535
65535
65535
65535
65535
65535
65535
65535
65535
65535
65535
65535
65535
65535
65535
65535
65535
65535
65535
65535
65535
65535
65535
65535
65535
65535
65535
65535
65535
65535
65535
65535
65535
65535
65535
65535
65535
65535
65535
65535
65535
65535
65535
65535
65535
65535
65535
65535
65535
65535
65535
65535
65535
65535
65535
65535
65535
65535
65535
65535
65535
65535
65535
65535
65535
65535
65535
65535
65535
65535
65535
65535
65535
65535
65535
65535
65535
65535
65535
65535
65535
65535
65535
65535
65535
65535
65535
65535
65535
65535
65535
65535
65535
65535
65535
65535
65535
65535
65535
65535
65535
65535
65535
65535
65535
65535
65535
65535
65535
65535
65535
65535
65535
65535
65535
65535
65535
65535
65535
65535
65535
65535
65535
65535
65535
65535
65535
65535
65535
65535
65535
65535
65535
65535
65535
65535
65535
65535
65535
65535
65535
65535
65535
65535
65535
65535
65535
65535
65535
65535
65535
65535
65535
65535
65535
65535
65535
65535
65535
65535
65535
65535
65535
65535
65535
65535
65535
65535
65535
65535
65535
65535
65535
65535
65535
65535
65535
65535
65535
65535
65535
65535
65535
65535
65535
65535
65535
65535
65535
65535
65535
65535
65535
65535
65535
65535
65535
65535
65535
65535
65535
65535
65535
65535
65535
65535
65535
65535
65535
65535
65535
65535
65535
65535
65535
65535
65535
65535
65535
65535
65535
65535
65535
65535
65535
65535
65535
65535
65535
65535
65535
65535
65535
65535
65535
65535
65535
65535
65535
65535
65535
65535
65535
65535
65535
65535
65535
65535
65535
65535
65535
65535
65535
65535
65535
65535
65535
65535
65535
65535
65535
65535
65535
65535
65535
65535
65535
65535
65535
65535
65535
65535
65535
65535
65535
65535
65535
65535
65535
65535
65535
65535
65535
65535
65535
65535
65535
65535
65535
65535
65535
65535
65535
65535
65535
65535
65535
65535
65535
65535
65535
65535
65535
65535
65535
65535
65535
65535
65535
65535
65535
65535
65535
65535
65535
65535
65535
65535
65535
65535
65535
65535
65535
65535
65535
65535
65535
65535
65535
65535
65535
65535
65535
65535
65535
65535
65535
65535
65535
65535
65535
65535
65535
65535
65535
65535
65535
65535
65535
65535
65535
65535
65535
65535
65535
65535
65535
65535
65535
65535
65535
65535
65535
65535
65535
65535
65535
65535
65535
65535
65535
65535
65535
65535
65535
65535
65535
65535
65535
65535
65535
65535
65535
65535
65535
65535
65535
65535
65535
65535
65535
65535
65535
65535
65535
65535
65535
65535
65535
65535
65535
65535
65535
65535
65535
65535
65535
65535
65535
65535
65535
65535
65535
65535
65535
65535
65535
65535
65535
65535
65535
65535
65535
65535
65535
65535
65535
65535
65535
65535
65535
65535
65535
65535
65535
65535
65535
65535
65535
65535
65535
65535
65535
65535
65535
65535
65535
65535
65535
65535
65535
65535
65535
65535
65535
65535
65535
65535
65535
65535
65535
65535
65535
65535
65535
65535
65535
65535
65535
65535
65535
65535
65535
65535
65535
65535
65535
65535
65535
65535
65535
65535
65535
65535
65535
65535
65535
65535
65535
65535
65535
65535
65535
65535
65535
65535
65535
65535
65535
65535
65535
65535
65535
65535
65535
65535
65535
65535
65535
65535
65535
65535
65535
65535
65535
65535
65535
65535
65535
65535
65535
65535
65535
65535
65535
65535
65535
65535
65535
65535
65535
65535
65535
65535
65535
65535
65535
65535
65535
65535
65535
65535
65535
65535
65535
65535
65535
65535
65535
65535
65535
65535
65535
65535
65535
65535
65535
65535
65535
65535
65535
65535
65535
65535
65535
65535
65535
65535
65535
65535
65535
65535
65535
65535
65535
65535
65535
65535
65535
65535
65535
65535
65535
65535
65535
65535
65535
65535
65535
65535
65535
65535
65535
65535
65535
65535
65535
65535
65535
65535
65535
65535
65535
65535
65535
65535
65535
65535
65535
65535
65535
65535
65535
65535
65535
65535
65535
65535
65535
65535
65535
65535
65535
65535
65535
65535
65535
65535
65535
65535
65535
65535
65535
65535
65535
65535
65535
65535
65535
65535
65535
65535
65535
65535
65535
65535
65535
65535
65535
65535
65535
65535
65535
65535
65535
65535
65535
65535
65535
65535
65535
65535
65535
65535
65535
65535
65535
65535
65535
65535
65535
65535
65535
65535
65535
65535
65535
65535
65535
65535
65535
65535
65535
65535
65535
65535
65535
65535
65535
65535
65535
65535
65535
65535
65535
65535
65535
65535
65535
65535
65535
65535
65535
65535
65535
65535
65535
65535
65535
65535
65535
65535
65535
65535
65535
65535
65535
65535
65535
65535
65535
65535
65535
65535
65535
65535
65535
65535
65535
65535
65535
65535
65535
65535
65535
65535
65535
65535
65535
65535
65535
65535
65535
65535
65535
65535
65535
65535
65535
65535
65535
65535
65535
65535
65535
65535
65535
65535
65535
65535
65535
65535
65535
65535
65535
65535
65535
65535
65535
65535
65535
65535
65535
65535
65535
65535
65535
65535
65535
65535
65535
65535
65535
65535
65535
65535
65535
65535
65535
65535
65535
65535
65535
65535
65535
65535
65535
65535
65535
65535
65535
65535
65535
65535
65535
65535
65535
65535
65535
65535
65535
65535
65535
65535
65535
65535
65535
65535
65535
65535
65535
65535
65535
65535
65535
65535
65535
65535
65535
65535
65535
65535
65535
65535
65535
65535
65535
65535
65535
65535
65535
65535
65535
65535
65535
65535
65535
65535
65535
65535
65535
65535
65535
65535
65535
65535
65535
65535
65535
65535
65535
65535
65535
65535
65535
65535
65535
65535
65535
65535
65535
65535
65535
65535
65535
65535
65535
65535
65535
65535
65535
65535
65535
65535
65535
65535
65535
65535
65535
65535
65535
65535
65535
65535
65535
65535
65535
65535
65535
65535
65535
65535
65535
65535
65535
65535
65535
65535
65535
65535
65535
65535
65535
65535
65535
65535
65535
65535
65535
65535
65535
65535
65535
65535
65535
65535
65535
65535
65535
65535
65535
65535
65535
65535
65535
65535
65535
65535
65535
65535
65535
65535
65535
65535
65535
65535
65535
65535
65535
65535
65535
65535
65535
65535
65535
65535
65535
65535
65535
65535
65535
65535
65535
65535
65535
65535
65535
65535
65535
65535
65535
65535
65535
65535
65535
65535
65535
65535
65535
65535
65535
65535
65535
65535
65535
65535
65535
65535
65535
65535
65535
65535
65535
65535
65535
65535
65535
65535
65535
65535
65535
65535
65535
65535
65535
65535
65535
65535
65535
65535
65535
65535
65535
65535
65535
65535
65535
65535
65535
65535
65535
65535
65535
65535
65535
65535
65535
65535
65535
65535
65535
65535
65535
65535
65535
65535
65535
65535
65535
65535
65535
65535
65535
65535
65535
65535
65535
65535
65535
65535
65535
65535
65535
65535
65535
65535
65535
65535
65535
65535
65535
65535
65535
65535
65535
65535
65535
65535
65535
65535
65535
65535
65535
65535
65535
65535
65535
65535
65535
65535
65535
65535
65535
65535
65535
65535
65535
65535
65535
65535
65535
65535
65535
65535
65535
65535
65535
65535
65535
65535
65535
65535
65535
65535
65535
65535
65535
65535
65535
65535
65535
65535
65535
65535
65535
65535
65535
65535
65535
65535
65535
65535
65535
65535
65535
65535
65535
65535
65535
65535
65535
65535
65535
65535
65535
65535
65535
65535
65535
65535
65535
65535
65535
65535
65535
65535
65535
65535
65535
65535
65535
65535
65535
65535
65535
65535
65535
65535
65535
65535
65535
65535
65535
65535
65535
65535
65535
65535
65535
65535
65535
65535
65535
65535
65535
65535
65535
65535
65535
65535
65535
65535
65535
65535
65535
65535
65535
65535
65535
65535
65535
65535
65535
65535
65535
65535
65535
65535
65535
65535
65535
65535
65535
65535
65535
65535
65535
65535
65535
65535
65535
65535
65535
65535
65535
65535
65535
65535
65535
65535
65535
65535
65535
65535
65535
65535
65535
65535
65535
65535
65535
65535
65535
65535
65535
65535
65535
65535
65535
65535
65535
65535
65535
65535
65535
65535
65535
65535
65535
65535
65535
65535
65535
65535
65535
65535
65535
65535
65535
65535
65535
65535
65535
65535
65535
65535
65535
65535
65535
65535
65535
65535
65535
65535
65535
65535
65535
65535
65535
65535
65535
65535
65535
65535
65535
65535
65535
65535
65535
65535
65535
65535
65535
65535
65535
65535
65535
65535
65535
65535
65535
65535
65535
65535
65535
65535
65535
65535
65535
65535
65535
65535
65535
65535
65535
65535
65535
65535
65535
65535
65535
65535
65535
65535
65535
65535
65535
65535
65535
65535
65535
65535
65535
65535
65535
65535
65535
65535
65535
65535
65535
65535
65535
65535
65535
65535
65535
65535
65535
65535
65535
65535
65535
65535
65535
65535
65535
65535
65535
65535
65535
65535
65535
65535
65535
65535
65535
65535
65535
65535
65535
65535
65535
65535
65535
65535
65535
65535
65535
65535
65535
65535
65535
65535
65535
65535
65535
65535
65535
65535
65535
65535
65535
65535
65535
65535
65535
65535
65535
65535
65535
65535
65535
65535
65535
65535
65535
65535
65535
65535
65535
65535
65535
65535
65535
65535
65535
65535
65535
65535
65535
65535
65535
65535
65535
65535
65535
65535
65535
65535
65535
65535
65535
65535
65535
65535
65535
65535
65535
65535
65535
65535
65535
65535
65535
65535
65535
65535
65535
65535
65535
65535
65535
65535
65535
65535
65535
65535
65535
65535
65535
65535
65535
65535
65535
65535
65535
65535
65535
65535
65535
65535
65535
65535
65535
65535
65535
65535
65535
65535
65535
65535
65535
65535
65535
65535
65535
65535
65535
65535
65535
65535
65535
65535
65535
65535
65535
65535
65535
65535
65535
65535
65535
65535
65535
65535
65535
65535
65535
65535
65535
65535
65535
65535
65535
65535
65535
65535
65535
65535
65535
65535
65535
65535
65535
65535
65535
65535
65535
65535
65535
65535
65535
65535
65535
65535
65535
65535
65535
65535
65535
65535
65535
65535
65535
65535
65535
65535
65535
65535
65535
65535
65535
65535
65535
65535
65535
65535
65535
65535
65535
65535
65535
65535
65535
65535
65535
65535
65535
65535
65535
65535
65535
65535
65535
65535
65535
65535
65535
65535
65535
65535
65535
65535
65535
65535
65535
65535
65535
65535
65535
65535
65535
65535
65535
65535
65535
65535
65535
65535
65535
65535
65535
65535
65535
65535
65535
65535
65535
65535
65535
65535
65535
65535
65535
65535
65535
65535
65535
65535
65535
65535
65535
65535
65535
65535
65535
65535
65535
65535
65535
65535
65535
65535
65535
65535
65535
65535
65535
65535
65535
65535
65535
65535
65535
65535
65535
65535
65535
65535
65535
65535
65535
65535
65535
65535
65535
65535
65535
65535
65535
65535
65535
65535
65535
65535
65535
65535
65535
65535
65535
65535
65535
65535
65535
65535
65535
65535
65535
65535
65535
65535
65535
65535
65535
65535
65535
65535
65535
65535
65535
65535
65535
65535
65535
65535
65535
65535
65535
65535
65535
65535
65535
65535
65535
65535
65535
65535
65535
65535
65535
65535
65535
65535
65535
65535
65535
65535
65535
65535
65535
65535
65535
65535
65535
65535
65535
65535
65535
65535
65535
65535
65535
65535
65535
65535
65535
65535
65535
65535
65535
65535
65535
65535
65535
65535
65535
65535
65535
65535
65535
65535
65535
65535
65535
65535
65535
65535
65535
65535
65535
65535
65535
65535
65535
65535
65535
65535
65535
65535
65535
65535
65535
65535
65535
65535
65535
65535
65535
65535
65535
65535
65535
65535
65535
65535
65535
65535
65535
65535
65535
65535
65535
65535
65535
65535
65535
65535
65535
65535
65535
65535
65535
65535
65535
65535
65535
65535
65535
65535
65535
65535
65535
65535
65535
65535
65535
65535
65535
65535
65535
65535
65535
65535
65535
65535
65535
65535
65535
65535
65535
65535
65535
65535
65535
65535
65535
65535
65535
65535
65535
65535
65535
65535
65535
65535
65535
65535
65535
65535
65535
65535
65535
65535
65535
65535
65535
65535
65535
65535
65535
65535
65535
65535
65535
65535
65535
65535
65535
65535
65535
65535
65535
65535
65535
65535
65535
65535
65535
65535
65535
65535
65535
65535
65535
65535
65535
65535
65535
65535
65535
65535
65535
65535
65535
65535
65535
65535
65535
65535
65535
65535
65535
65535
65535
65535
65535
65535
65535
65535
65535
65535
65535
65535
65535
65535
65535
65535
65535
65535
65535
65535
65535
65535
65535
65535
65535
65535
65535
65535
65535
65535
65535
65535
65535
65535
65535
65535
65535
65535
65535
65535
65535
65535
65535
65535
65535
65535
65535
65535
65535
65535
65535
65535
65535
65535
65535
65535
65535
65535
65535
65535
65535
65535
65535
65535
65535
65535
65535
65535
65535
65535
65535
65535
65535
65535
65535
65535
65535
65535
65535
65535
65535
65535
65535
65535
65535
65535
65535
65535
65535
65535
65535
65535
65535
65535
65535
65535
65535
65535
65535
65535
65535
65535
65535
65535
65535
65535
65535
65535
65535
65535
65535
65535
65535
65535
65535
65535
65535
65535
65535
65535
65535
65535
65535
65535
65535
65535
65535
65535
65535
65535
65535
65535
65535
65535
65535
65535
65535
65535
65535
65535
65535
65535
65535
65535
65535
65535
65535
65535
65535
65535
65535
65535
65535
65535
65535
65535
65535
65535
65535
65535
65535
65535
65535
65535
65535
65535
65535
65535
65535
65535
65535
65535
65535
65535
65535
65535
65535
65535
65535
65535
65535
65535
65535
65535
65535
65535
65535
65535
65535
65535
65535
65535
65535
65535
65535
65535
65535
65535
65535
65535
65535
65535
65535
65535
65535
65535
65535
65535
65535
65535
65535
65535
65535
65535
65535
65535
65535
65535
65535
65535
65535
65535
65535
65535
65535
65535
65535
65535
65535
65535
65535
65535
65535
65535
65535
65535
65535
65535
65535
65535
65535
65535
65535
65535
65535
65535
65535
65535
65535
65535
65535
65535
65535
65535
65535
65535
65535
65535
65535
65535
65535
65535
65535
65535
65535
65535
65535
65535
65535
65535
65535
65535
65535
65535
65535
65535
65535
65535
65535
65535
65535
65535
65535
65535
65535
65535
65535
65535
65535
65535
65535
65535
65535
65535
65535
65535
65535
65535
65535
65535
65535
65535
65535
65535
65535
65535
65535
65535
65535
65535
65535
65535
65535
65535
65535
65535
65535
65535
65535
65535
65535
65535
65535
65535
65535
65535
65535
65535
65535
65535
65535
65535
65535
65535
65535
65535
65535
65535
65535
65535
65535
65535
65535
65535
65535
65535
65535
65535
65535
65535
65535
65535
65535
65535
65535
65535
65535
65535
65535
65535
65535
65535
65535
65535
65535
65535
65535
65535
65535
65535
65535
65535
65535
65535
65535
65535
65535
65535
65535
65535
65535
65535
65535
65535
65535
65535
65535
65535
65535
65535
65535
65535
65535
65535
65535
65535
65535
65535
65535
65535
65535
65535
65535
65535
65535
65535
65535
65535
65535
65535
65535
65535
65535
65535
65535
65535
65535
65535
65535
65535
65535
65535
65535
65535
65535
65535
65535
65535
65535
65535
65535
65535
65535
65535
65535
65535
65535
65535
65535
65535
65535
65535
65535
65535
65535
65535
65535
65535
65535
65535
65535
65535
65535
65535
65535
65535
65535
65535
65535
65535
65535
65535
65535
65535
65535
65535
65535
65535
65535
65535
65535
65535
65535
65535
65535
65535
65535
65535
65535
65535
65535
65535
65535
65535
65535
65535
65535
65535
65535
65535
65535
65535
65535
65535
65535
65535
65535
65535
65535
65535
65535
65535
65535
65535
65535
65535
65535
65535
65535
65535
65535
65535
65535
65535
65535
65535
65535
65535
65535
65535
65535
65535
65535
65535
65535
65535
65535
65535
65535
65535
65535
65535
65535
65535
65535
65535
65535
65535
65535
65535
65535
65535
65535
65535
65535
65535
65535
65535
65535
65535
65535
65535
65535
65535
65535
65535
65535
65535
65535
65535
65535
65535
65535
65535
65535
65535
65535
65535
65535
65535
65535
65535
65535
65535
65535
65535
65535
65535
65535
65535
65535
65535
65535
65535
65535
65535
65535
65535
65535
65535
65535
65535
65535
65535
65535
65535
65535
65535
65535
65535
65535
65535
65535
65535
65535
65535
65535
65535
65535
65535
65535
65535
65535
65535
65535
65535
65535
65535
65535
65535
65535
65535
65535
65535
65535
65535
65535
65535
65535
65535
65535
65535
65535
65535
65535
65535
65535
65535
65535
65535
65535
65535
65535
65535
65535
65535
65535
65535
65535
65535
65535
65535
65535
65535
65535
65535
65535
65535
65535
65535
65535
65535
65535
65535
65535
65535
65535
65535
65535
65535
65535
65535
65535
65535
65535
65535
65535
65535
65535
65535
65535
65535
65535
65535
65535
65535
65535
65535
65535
65535
65535
65535
65535
65535
65535
65535
65535
65535
65535
65535
65535
65535
65535
65535
65535
65535
65535
65535
65535
65535
65535
65535
65535
65535
65535
65535
65535
65535
65535
65535
65535
65535
65535
65535
65535
65535
65535
65535
65535
65535
65535
65535
65535
65535
65535
65535
65535
65535
65535
65535
65535
65535
65535
65535
65535
65535
65535
65535
65535
65535
65535
65535
65535
65535
65535
65535
65535
65535
65535
65535
65535
65535
65535
65535
65535
65535
65535
65535
65535
65535
65535
65535
65535
65535
65535
65535
65535
65535
65535
65535
65535
65535
65535
65535
65535
65535
65535
65535
65535
65535
65535
65535
65535
65535
65535
65535
65535
65535
65535
65535
65535
65535
65535
65535
65535
65535
65535
65535
65535
65535
65535
65535
65535
65535
65535
65535
65535
65535
65535
65535
65535
65535
65535
65535
65535
65535
65535
65535
65535
65535
65535
65535
65535
65535
65535
65535
65535
65535
65535
65535
65535
65535
65535
65535
65535
65535
65535
65535
65535
65535
65535
65535
65535
65535
65535
65535
65535
65535
65535
65535
65535
65535
65535
65535
65535
65535
65535
65535
65535
65535
65535
65535
65535
65535
65535
65535
65535
65535
65535
65535
65535
65535
65535
65535
65535
65535
65535
65535
65535
65535
65535
65535
65535
65535
65535
65535
65535
65535
65535
65535
65535
65535
65535
65535
65535
65535
65535
65535
65535
65535
65535
65535
65535
65535
65535
65535
65535
65535
65535
65535
65535
65535
65535
65535
65535
65535
65535
65535
65535
65535
65535
65535
65535
65535
65535
65535
65535
65535
65535
65535
65535
65535
65535
65535
65535
65535
65535
65535
65535
65535
65535
65535
65535
65535
65535
65535
65535
65535
65535
65535
65535
65535
65535
65535
65535
65535
65535
65535
65535
65535
65535
65535
65535
65535
65535
65535
65535
65535
65535
65535
65535
65535
65535
65535
65535
65535
65535
65535
65535
65535
65535
65535
65535