0
0
1
1
2
2
3
3
4
4
5
6
6
7
8
9
9
10
11
12
13
14
15
16
17
18
19
20
22
24
25
26
28
29
30
32
33
35
36
38
40
41
43
44
47
48
50
52
54
56
58
59
61
63
66
68
71
72
74
75
78
80
82
84
86
89
90
93
95
97
99
102
104
107
109
111
114
116
118
120
123
125
128
130
133
135
137
139
142
144
147
149
151
155
157
159
162
164
167
169
171
174
176
179
182
184
187
190
193
195
197
200
203
205
208
210
214
217
219
221
224
227
230
233
235
238
240
243
245
248
251
253
256
259
261
263
265
268
271
274
276
279
282
284
287
290
292
295
297
300
302
304
306
308
312
314
317
320
323
325
328
330
333
335
338
340
343
345
347
350
353
356
358
361
363
365
368
370
372
374
377
379
382
385
387
390
392
395
398
401
404
406
408
411
414
416
418
420
423
426
428
431
434
437
439
442
445
447
449
451
453
455
458
460
462
465
468
471
473
476
478
481
483
485
488
490
492
495
497
499
502
504
506
508
510
512
515
517
519
521
523
525
528
530
532
535
537
540
542
544
546
548
550
552
555
557
559
561
563
565
567
569
572
574
576
578
580
582
584
585
587
589
591
593
595
597
599
601
603
606
607
609
612
613
616
618
620
623
625
627
629
631
633
635
637
639
642
643
645
648
650
651
653
655
658
660
661
663
665
668
670
672
673
675
676
679
681
684
686
688
690
691
693
695
697
699
701
703
705
707
709
711
712
715
716
718
720
721
723
725
727
729
730
733
734
737
738
741
743
745
747
749
751
753
755
756
758
761
763
764
766
768
770
772
774
776
779
780
782
784
787
788
791
793
795
797
799
801
803
805
807
809
812
813
815
817
819
821
823
825
828
829
831
833
835
837
839
841
842
844
846
848
850
852
854
856
858
860
862
864
866
868
870
872
874
876
878
879
881
883
885
887
889
891
893
895
897
898
900
902
904
906
908
910
912
913
916
917
919
921
923
926
928
930
932
934
935
937
939
941
943
945
948
950
952
954
955
957
959
962
964
965
968
969
971
973
976
978
980
982
984
986
989
991
993
994
997
999
1001
1003
1005
1007
1010
1012
1014
1016
1018
1020
1022
1024
1027
1029
1031
1033
1035
1037
1039
1041
1043
1045
1047
1049
1052
1054
1056
1058
1060
1062
1065
1067
1069
1071
1073
1075
1077
1079
1081
1083
1085
1087
1088
1090
1092
1094
1096
1098
1100
1102
1104
1106
1108
1110
1113
1115
1118
1119
1121
1123
1126
1128
1130
1133
1134
1137
1140
1142
1146
1148
1150
1152
1154
1156
1158
1161
1163
1166
1167
1170
1172
1175
1177
1179
1182
1183
1185
1187
1190
1192
1195
1196
1199
1201
1204
1206
1208
1210
1213
1215
1217
1219
1221
1223
1225
1227
1230
1232
1235
1237
1239
1242
1245
1247
1249
1252
1254
1256
1258
1260
1263
1265
1268
1270
1273
1275
1277
1280
1282
1284
1287
1290
1293
1295
1298
1299
1302
1305
1307
1309
1311
1314
1317
1319
1321
1323
1325
1327
1330
1332
1335
1338
1341
1344
1346
1349
1352
1355
1357
1360
1362
1365
1367
1370
1372
1375
1377
1380
1382
1385
1387
1390
1392
1395
1398
1401
1403
1406
1409
1411
1413
1415
1418
1420
1423
1425
1428
1430
1433
1436
1439
1441
1444
1447
1449
1452
1455
1458
1460
1463
1466
1468
1470
1473
1476
1478
1481
1484
1488
1490
1492
1495
1498
1501
1504
1506
1509
1512
1514
1517
1520
1523
1525
1527
1531
1534
1537
1539
1543
1546
1548
1552
1555
1558
1560
1563
1566
1569
1572
1575
1578
1581
1584
1586
1588
1592
1595
1597
1601
1603
1606
1610
1613
1616
1618
1622
1625
1627
1629
1632
1635
1638
1642
1644
1647
1650
1653
1657
1660
1662
1665
1667
1669
1672
1676
1679
1681
1684
1687
1690
1693
1696
1700
1702
1705
1709
1713
1716
1719
1723
1726
1729
1732
1735
1739
1742
1745
1748
1751
1754
1758
1761
1765
1768
1771
1774
1777
1779
1783
1787
1790
1793
1797
1800
1803
1807
1810
1813
1816
1819
1823
1826
1829
1833
1836
1840
1843
1846
1850
1853
1856
1859
1863
1866
1870
1874
1877
1880
1884
1887
1891
1895
1898
1901
1904
1907
1911
1915
1920
1923
1927
1931
1934
1937
1940
1943
1946
1950
1953
1957
1960
1963
1967
1970
1974
1978
1982
1986
1990
1994
1998
2001
2005
2009
2013
2017
2020
2023
2027
2030
2034
2037
2041
2045
2048
2052
2056
2060
2064
2067
2071
2075
2079
2083
2087
2091
2095
2099
2103
2106
2110
2113
2116
2121
2125
2128
2132
2136
2140
2144
2148
2152
2156
2160
2163
2167
2172
2175
2179
2183
2187
2191
2194
2199
2203
2207
2210
2215
2220
2224
2228
2232
2236
2240
2244
2248
2252
2256
2260
2264
2268
2272
2276
2280
2284
2288
2292
2296
2300
2304
2309
2313
2316
2320
2324
2329
2333
2337
2341
2345
2349
2353
2357
2361
2365
2369
2373
2377
2381
2385
2389
2393
2398
2402
2406
2410
2414
2418
2424
2428
2432
2436
2440
2445
2449
2454
2459
2464
2469
2472
2476
2480
2484
2489
2494
2498
2502
2505
2509
2514
2518
2522
2526
2531
2535
2540
2544
2549
2553
2558
2562
2567
2571
2576
2579
2584
2589
2593
2598
2603
2607
2610
2615
2619
2624
2628
2633
2637
2642
2647
2652
2657
2662
2665
2670
2675
2680
2685
2690
2695
2699
2704
2709
2714
2719
2724
2728
2732
2737
2742
2747
2752
2757
2762
2766
2770
2775
2780
2785
2790
2794
2799
2804
2809
2814
2819
2823
2828
2834
2838
2844
2849
2853
2858
2862
2867
2872
2877
2882
2887
2892
2897
2902
2907
2911
2916
2921
2926
2931
2936
2942
2946
2951
2956
2960
2965
2969
2974
2980
2985
2989
2994
2999
3004
3009
3014
3019
3023
3028
3034
3038
3044
3049
3054
3059
3063
3068
3073
3078
3083
3088
3094
3098
3104
3109
3114
3119
3124
3129
3134
3139
3144
3149
3154
3160
3165
3170
3175
3180
3185
3191
3195
3201
3207
3212
3217
3223
3228
3233
3238
3244
3249
3254
3259
3264
3269
3273
3278
3283
3288
3293
3299
3305
3311
3316
3321
3325
3331
3336
3340
3345
3350
3355
3360
3366
3371
3376
3381
3387
3393
3399
3404
3409
3415
3420
3426
3431
3436
3442
3448
3454
3460
3465
3471
3476
3481
3486
3491
3497
3503
3508
3513
3518
3524
3529
3534
3540
3545
3551
3556
3561
3567
3571
3577
3582
3588
3593
3598
3604
3609
3615
3620
3625
3629
3635
3641
3646
3651
3657
3662
3668
3674
3679
3684
3689
3694
3700
3706
3711
3716
3721
3726
3731
3737
3743
3749
3755
3761
3767
3773
3779
3785
3790
3795
3801
3806
3812
3817
3823
3829
3835
3841
3846
3852
3857
3863
3868
3874
3880
3885
3891
3897
3903
3909
3915
3920
3927
3932
3938
3944
3950
3956
3962
3968
3974
3980
3986
3992
3997
4002
4008
4012
4018
4023
4029
4035
4041
4047
4053
4058
4064
4070
4076
4083
4088
4094
4099
4105
4111
4117
4122
4127
4133
4138
4145
4150
4157
4162
4167
4172
4178
4183
4188
4195
4201
4206
4211
4218
4225
4230
4237
4245
4249
4255
4261
4267
4272
4279
4285
4292
4298
4303
4310
4316
4322
4328
4334
4339
4346
4352
4358
4363
4370
4376
4382
4387
4393
4399
4405
4411
4418
4423
4430
4437
4443
4449
4455
4461
4467
4472
4478
4485
4491
4498
4503
4509
4514
4521
4528
4534
4540
4546
4552
4557
4563
4569
4576
4582
4589
4595
4601
4608
4614
4620
4626
4632
4638
4645
4651
4656
4662
4668
4674
4680
4686
4692
4698
4703
4709
4716
4721
4728
4733
4739
4745
4751
4758
4764
4771
4777
4781
4787
4793
4800
4806
4813
4820
4826
4832
4837
4843
4849
4855
4862
4868
4874
4880
4886
4892
4897
4903
4909
4915
4920
4927
4933
4939
4945
4952
4958
4964
4971
4976
4983
4989
4996
5002
5008
5013
5020
5025
5032
5038
5043
5049
5055
5061
5067
5073
5078
5084
5090
5097
5103
5109
5114
5120
5125
5131
5139
5145
5151
5157
5164
5170
5176
5184
5190
5196
5204
5210
5216
5222
5228
5235
5241
5247
5254
5259
5265
5271
5277
5283
5289
5295
5302
5308
5315
5320
5326
5332
5337
5344
5350
5357
5363
5368
5375
5380
5386
5391
5398
5404
5411
5418
5423
5430
5436
5443
5450
5457
5464
5469
5475
5481
5486
5492
5498
5504
5509
5515
5522
5527
5533
5540
5546
5551
5557
5563
5568
5575
5580
5586
5592
5599
5605
5611
5617
5623
5629
5635
5640
5646
5652
5659
5665
5670
5677
5684
5689
5696
5702
5707
5712
5717
5723
5730
5736
5742
5749
5754
5760
5767
5772
5778
5785
5791
5797
5804
5811
5816
5822
5828
5835
5840
5846
5852
5857
5864
5869
5875
5882
5887
5893
5900
5906
5911
5917
5923
5929
5935
5941
5946
5953
5959
5964
5970
5976
5982
5989
5994
6001
6007
6014
6020
6026
6031
6037
6043
6049
6055
6060
6065
6070
6076
6082
6088
6093
6100
6105
6110
6115
6120
6127
6132
6137
6143
6148
6154
6160
6165
6171
6175
6179
6185
6190
6195
6201
6206
6211
6216
6221
6227
6233
6238
6244
6250
6255
6260
6265
6271
6276
6282
6287
6292
6298
6303
6308
6314
6320
6326
6331
6336
6340
6346
6350
6356
6360
6366
6370
6376
6381
6387
6392
6397
6402
6407
6412
6416
6420
6425
6429
6434
6439
6443
6448
6452
6457
6461
6465
6471
6476
6481
6486
6491
6495
6500
6504
6509
6513
6518
6523
6527
6533
6538
6543
6548
6553
6558
6563
6568
6572
6577
6582
6587
6592
6596
6600
6605
6609
6614
6618
6623
6626
6632
6637
6642
6646
6650
6656
6661
6666
6670
6675
6680
6685
6689
6694
6698
6703
6708
6712
6717
6722
6726
6731
6736
6740
6744
6748
6753
6756
6761
6765
6771
6775
6778
6782
6787
6791
6795
6801
6806
6812
6817
6821
6825
6829
6833
6837
6842
6847
6852
6856
6861
6865
6869
6874
6879
6884
6888
6893
6897
6901
6906
6910
6915
6920
6924
6928
6933
6938
6942
6947
6951
6956
6961
6965
6970
6975
6979
6984
6988
6994
6998
7003
7007
7011
7015
7021
7026
7030
7035
7040
7045
7049
7054
7058
7063
7069
7074
7079
7084
7088
7093
7097
7103
7108
7113
7118
7122
7127
7132
7138
7143
7147
7153
7157
7162
7167
7172
7177
7182
7187
7194
7199
7204
7209
7214
7218
7224
7228
7233
7238
7243
7248
7253
7258
7263
7269
7274
7279
7284
7290
7294
7300
7306
7311
7315
7320
7326
7331
7336
7341
7345
7351
7357
7362
7367
7372
7377
7382
7388
7394
7399
7404
7409
7415
7421
7426
7431
7437
7441
7448
7453
7459
7465
7471
7476
7482
7487
7492
7498
7502
7508
7513
7520
7526
7531
7536
7542
7548
7554
7560
7565
7571
7578
7584
7589
7595
7600
7607
7613
7618
7623
7630
7637
7642
7648
7653
7658
7665
7671
7678
7684
7691
7697
7704
7711
7717
7723
7728
7734
7740
7746
7752
7757
7764
7770
7776
7782
7789
7796
7802
7809
7816
7821
7827
7835
7840
7846
7852
7858
7864
7870
7877
7883
7889
7895
7902
7909
7916
7922
7929
7936
7942
7949
7957
7964
7971
7976
7983
7988
7995
8001
8006
8013
8020
8026
8033
8040
8046
8052
8059
8065
8072
8078
8084
8090
8097
8105
8111
8119
8126
8133
8140
8147
8154
8161
8168
8174
8180
8187
8194
8201
8207
8214
8221
8227
8235
8241
8248
8255
8263
8270
8277
8283
8291
8297
8303
8310
8318
8324
8332
8338
8345
8353
8362
8369
8376
8383
8392
8400
8408
8415
8423
8431
8439
8446
8453
8461
8468
8475
8483
8491
8498
8507
8515
8524
8532
8540
8547
8555
8561
8568
8577
8584
8592
8599
8606
8614
8623
8633
8640
8648
8657
8665
8673
8681
8688
8696
8705
8713
8721
8730
8738
8747
8754
8762
8770
8777
8786
8795
8803
8811
8820
8830
8838
8846
8853
8860
8870
8879
8887
8895
8903
8911
8919
8928
8936
8945
8954
8962
8971
8980
8989
8997
9006
9015
9024
9033
9041
9050
9059
9068
9078
9087
9096
9105
9113
9122
9131
9141
9151
9159
9168
9178
9186
9195
9204
9213
9223
9233
9242
9252
9260
9270
9279
9288
9299
9308
9318
9327
9336
9347
9357
9368
9378
9387
9396
9406
9416
9426
9435
9445
9455
9466
9474
9484
9494
9504
9513
9523
9533
9543
9553
9563
9573
9582
9591
9601
9610
9622
9631
9641
9652
9662
9671
9682
9693
9704
9714
9725
9736
9747
9758
9769
9779
9790
9801
9812
9822
9832
9841
9851
9863
9875
9884
9894
9905
9916
9927
9938
9948
9960
9971
9983
9993
10004
10014
10024
10036
10047
10057
10068
10079
10090
10101
10112
10123
10134
10144
10156
10165
10177
10188
10199
10211
10222
10235
10246
10257
10268
10279
10291
10302
10313
10326
10337
10348
10360
10372
10383
10394
10405
10418
10430
10441
10452
10465
10478
10491
10504
10516
10528
10540
10553
10565
10578
10591
10602
10616
10626
10638
10651
10663
10677
10690
10704
10716
10730
10741
10754
10766
10779
10791
10804
10818
10831
10846
10860
10873
10888
10902
10915
10928
10942
10955
10968
10983
10996
11009
11022
11035
11048
11062
11077
11090
11104
11117
11130
11145
11158
11174
11189
11203
11217
11231
11244
11259
11274
11288
11302
11316
11330
11346
11363
11378
11391
11407
11421
11435
11452
11465
11481
11496
11512
11527
11541
11555
11570
11585
11599
11614
11628
11644
11661
11677
11693
11709
11724
11741
11756
11772
11787
11803
11820
11836
11851
11866
11881
11897
11914
11930
11947
11963
11979
11997
12015
12030
12047
12064
12081
12099
12115
12132
12149
12164
12182
12198
12215
12232
12249
12266
12283
12300
12317
12334
12352
12369
12386
12403
12421
12440
12458
12475
12493
12510
12529
12548
12568
12587
12604
12621
12639
12657
12677
12695
12715
12733
12753
12771
12787
12807
12826
12843
12862
12881
12900
12919
12937
12956
12974
12995
13015
13035
13054
13073
13093
13111
13132
13152
13172
13193
13213
13233
13254
13275
13295
13315
13335
13354
13373
13396
13418
13438
13460
13481
13502
13524
13545
13566
13586
13607
13629
13650
13671
13695
13716
13739
13763
13786
13808
13831
13853
13875
13898
13920
13943
13966
13986
14009
14032
14056
14079
14102
14125
14149
14173
14194
14218
14243
14267
14292
14316
14341
14365
14390
14415
14439
14465
14490
14515
14540
14567
14592
14618
14644
14670
14697
14722
14751
14778
14804
14830
14854
14880
14904
14930
14958
14986
15013
15042
15068
15096
15124
15152
15180
15209
15238
15266
15295
15319
15348
15374
15401
15427
15456
15486
15513
15543
15571
15601
15628
15659
15689
15717
15748
15777
15807
15836
15864
15895
15926
15958
15988
16019
16051
16081
16111
16143
16175
16207
16235
16267
16299
16330
16362
16395
16428
16460
16494
16523
16557
16591
16624
16658
16692
16728
16762
16797
16832
16866
16900
16936
16971
17006
17042
17079
17115
17150
17185
17221
17260
17294
17330
17366
17403
17440
17479
17517
17554
17593
17632
17671
17708
17749
17787
17828
17869
17908
17948
17989
18029
18068
18109
18150
18192
18234
18278
18322
18365
18409
18451
18496
18539
18584
18625
18668
18712
18755
18800
18845
18890
18934
18980
19026
19073
19117
19165
19211
19262
19312
19357
19406
19455
19503
19549
19600
19648
19697
19747
19796
19846
19900
19957
20008
20059
20115
20170
20223
20277
20330
20386
20444
20500
20555
20610
20669
20725
20781
20836
20895
20953
21011
21070
21129
21191
21253
21313
21374
21435
21498
21558
21617
21677
21742
21806
21872
21939
22002
22067
22134
22202
22267
22336
22405
22474
22546
22614
22683
22752
22824
22897
22969
23043
23115
23191
23269
23346
23420
23495
23575
23653
23731
23811
23894
23978
24058
24143
24228
24311
24395
24481
24568
24657
24749
24835
24923
25014
25105
25200
25294
25388
25481
25576
25672
25773
25870
25966
26069
26173
26276
26385
26490
26594
26705
26813
26921
27031
27140
27260
27376
27490
27607
27730
27852
27976
28099
28224
28346
28473
28600
28732
28864
28998
29133
29271
29410
29552
29693
29841
29991
30141
30297
30454
30609
30767
30930
31093
31253
31417
31591
31764
31944
32122
32300
32486
32681
32872
33066
33259
33461
33663
33872
34083
34301
34519
34749
34980
35215
35453
35702
35954
36215
36483
36748
37020
37298
37583
37872
38171
38482
38795
39120
39457
39792
40146
40509
40874
41245
41628
42026
42436
42853
43284
43739
44198
44657
45139
45639
46142
46669
47201
47752
48313
48887
49471
50059
50660
51266
51879
52503
53123
53748
54368
54991
55604
56210
56802
57389
57949
58505
59050
59568
60076
60560
61015
61448
61851
62226
62578
62908
63208
63486
63738
63965
64164
64347
64512
64663
64795
64909
65009
65094
65167
65228
65282
65325
65364
65396
65424
65446
65462
65477
65490
65500
65507
65514
65519
65523
65525
65528
65530
65531
65532
65533
65534
65534
65535
65535
65535
65535
65535
65535
65535
65535
65535
65535
65535
65535
65535
65535
65535
65535
65535
65535
65535
65535
65535
65535
65535
65535
65535
65535
65535
65535
65535
65535
65535
65535
65535
65535
65535
65535
65535
65535
65535
65535
65535
65535
65535
65535
65535
65535
65535
65535
65535
65535
65535
65535
65535
65535
65535
65535
65535
65535
65535
65535
65535
65535
65535
65535
65535
65535
65535
65535
65535
65535
65535
65535
65535
65535
65535
65535
65535
65535
65535
65535
65535
65535
65535
65535
65535
65535
65535
65535
65535
65535
65535
65535
65535
65535
65535
65535
65535
65535
65535
65535
65535
65535
65535
65535
65535
65535
65535
65535
65535
65535
65535
65535
65535
65535
65535
65535
65535
65535
65535
65535
65535
65535
65535
65535
65535
65535
65535
65535
65535
65535
65535
65535
65535
65535
65535
65535
65535
65535
65535
65535
65535
65535
65535
65535
65535
65535
65535
65535
65535
65535
65535
65535
65535
65535
65535
65535
65535
65535
65535
65535
65535
65535
65535
65535
65535
65535
65535
65535
65535
65535
65535
65535
65535
65535
65535
65535
65535
65535
65535
65535
65535
65535
65535
65535
65535
65535
65535
65535
65535
65535
65535
65535
65535
65535
65535
65535
65535
65535
65535
65535
65535
65535
65535
65535
65535
65535
65535
65535
65535
65535
65535
65535
65535
65535
65535
65535
65535
65535
65535
65535
65535
65535
65535
65535
65535
65535
65535
65535
65535
65535
65535
65535
65535
65535
65535
65535
65535
65535
65535
65535
65535
65535
65535
65535
65535
65535
65535
65535
65535
65535
65535
65535
65535
65535
65535
65535
65535
65535
65535
65535
65535
65535
65535
65535
65535
65535
65535
65535
65535
65535
65535
65535
65535
65535
65535
65535
65535
65535
65535
65535
65535
65535
65535
65535
65535
65535
65535
65535
65535
65535
65535
65535
65535
65535
65535
65535
65535
65535
65535
65535
65535
65535
65535
65535
65535
65535
65535
65535
65535
65535
65535
65535
65535
65535
65535
65535
65535
65535
65535
65535
65535
65535
65535
65535
65535
65535
65535
65535
65535
65535
65535
65535
65535
65535
65535
65535
65535
65535
65535
65535
65535
65535
65535
65535
65535
65535
65535
65535
65535
65535
65535
65535
65535
65535
65535
65535
65535
65535
65535
65535
65535
65535
65535
65535
65535
65535
65535
65535
65535
65535
65535
65535
65535
65535
65535
65535
65535
65535
65535
65535
65535
65535
65535
65535
65535
65535
65535
65535
65535
65535
65535
65535
65535
65535
65535
65535
65535
65535
65535
65535
65535
65535
65535
65535
65535
65535
65535
65535
65535
65535
65535
65535
65535
65535
65535
65535
65535
65535
65535
65535
65535
65535
65535
65535
65535
65535
65535
65535
65535
65535
65535
65535
65535
65535
65535
65535
65535
65535
65535
65535
65535
65535
65535
65535
65535
65535
65535
65535
65535
65535
65535
65535
65535
65535
65535
65535
65535
65535
65535
65535
65535
65535
65535
65535
65535
65535
65535
65535
65535
65535
65535
65535
65535
65535
65535
65535
65535
65535
65535
65535
65535
65535
65535
65535
65535
65535
65535
65535
65535
65535
65535
65535
65535
65535
65535
65535
65535
65535
65535
65535
65535
65535
65535
65535
65535
65535
65535
65535
65535
65535
65535
65535
65535
65535
65535
65535
65535
65535
65535
65535
65535
65535
65535
65535
65535
65535
65535
65535
65535
65535
65535
65535
65535
65535
65535
65535
65535
65535
65535
65535
65535
65535
65535
65535
65535
65535
65535
65535
65535
65535
65535
65535
65535
65535
65535
65535
65535
65535
65535
65535
65535
65535
65535
65535
65535
65535
65535
65535
65535
65535
65535
65535
65535
65535
65535
65535
65535
65535
65535
65535
65535
65535
65535
65535
65535
65535
65535
65535
65535
65535
65535
65535
65535
65535
65535
65535
65535
65535
65535
65535
65535
65535
65535
65535
65535
65535
65535
65535
65535
65535
65535
65535
65535
65535
65535
65535
65535
65535
65535
65535
65535
65535
65535
65535
65535
65535
65535
65535
65535
65535
65535
65535
65535
65535
65535
65535
65535
65535
65535
65535
65535
65535
65535
65535
65535
65535
65535
65535
65535
65535
65535
65535
65535
65535
65535
65535
65535
65535
65535
65535
65535
65535
65535
65535
65535
65535
65535
65535
65535
65535
65535
65535
65535
65535
65535
65535
65535
65535
65535
65535
65535
65535
65535
65535
65535
65535
65535
65535
65535
65535
65535
65535
65535
65535
65535
65535
65535
65535
65535
65535
65535
65535
65535
65535
65535
65535
65535
65535
65535
65535
65535
65535
65535
65535
65535
65535
65535
65535
65535
65535
65535
65535
65535
65535
65535
65535
65535
65535
65535
65535
65535
65535
65535
65535
65535
65535
65535
65535
65535
65535
65535
65535
65535
65535
65535
65535
65535
65535
65535
65535
65535
65535
65535
65535
65535
65535
65535
65535
65535
65535
65535
65535
65535
65535
65535
65535
65535
65535
65535
65535
65535
65535
65535
65535
65535
65535
65535
65535
65535
65535
65535
65535
65535
65535
65535
65535
65535
65535
65535
65535
65535
65535
65535
65535
65535
65535
65535
65535
65535
65535
65535
65535
65535
65535
65535
65535
65535
65535
65535
65535
65535
65535
65535
65535
65535
65535
65535
65535
65535
65535
65535
65535
65535
65535
65535
65535
65535
65535
65535
65535
65535
65535
65535
65535
65535
65535
65535
65535
65535
65535
65535
65535
65535
65535
65535
65535
65535
65535
65535
65535
65535
65535
65535
65535
65535
65535
65535
65535
65535
65535
65535
65535
65535
65535
65535
65535
65535
65535
65535
65535
65535
65535
65535
65535
65535
65535
65535
65535
65535
65535
65535
65535
65535
65535
65535
65535
65535
65535
65535
65535
65535
65535
65535
65535
65535
65535
65535
65535
65535
65535
65535
65535
65535
65535
65535
65535
65535
65535
65535
65535
65535
65535
65535
65535
65535
65535
65535
65535
65535
65535
65535
65535
65535
65535
65535
65535
65535
65535
65535
65535
65535
65535
65535
65535
65535
65535
65535
65535
65535
65535
65535
65535
65535
65535
65535
65535
65535
65535
65535
65535
65535
65535
65535
65535
65535
65535
65535
65535
65535
65535
65535
65535
65535
65535
65535
65535
65535
65535
65535
65535
65535
65535
65535
65535
65535
65535
65535
65535
65535
65535
65535
65535
65535
65535
65535
65535
65535
65535
65535
65535
65535
65535
65535
65535
65535
65535
65535
65535
65535
65535
65535
65535
65535
65535
65535
65535
65535
65535
65535
65535
65535
65535
65535
65535
65535
65535
65535
65535
65535
65535
65535
65535
65535
65535
65535
65535
65535
65535
65535
65535
65535
65535
65535
65535
65535
65535
65535
65535
65535
65535
65535
65535
65535
65535
65535
65535
65535
65535
65535
65535
65535
65535
65535
65535
65535
65535
65535
65535
65535
65535
65535
65535
65535
65535
65535
65535
65535
65535
65535
65535
65535
65535
65535
65535
65535
65535
65535
65535
65535
65535
65535
65535
65535
65535
65535
65535
65535
65535
65535
65535
65535
65535
65535
65535
65535
65535
65535
65535
65535
65535
65535
65535
65535
65535
65535
65535
65535
65535
65535
65535
65535
65535
65535
65535
65535
65535
65535
65535
65535
65535
65535
65535
65535
65535
65535
65535
65535
65535
65535
65535
65535
65535
65535
65535
65535
65535
65535
65535
65535
65535
65535
65535
65535
65535
65535
65535
65535
65535
65535
65535
65535
65535
65535
65535
65535
65535
65535
65535
65535
65535
65535
65535
65535
65535
65535
65535
65535
65535
65535
65535
65535
65535
65535
65535
65535
65535
65535
65535
65535
65535
65535
65535
65535
65535
65535
65535
65535
65535
65535
65535
65535
65535
65535
65535
65535
65535
65535
65535
65535
65535
65535
65535
65535
65535
65535
65535
65535
65535
65535
65535
65535
65535
65535
65535
65535
65535
65535
65535
65535
65535
65535
65535
65535
65535
65535
65535
65535
65535
65535
65535
65535
65535
65535
65535
65535
65535
65535
65535
65535
65535
65535
65535
65535
65535
65535
65535
65535
65535
65535
65535
65535
65535
65535
65535
65535
65535
65535
65535
65535
65535
65535
65535
65535
65535
65535
65535
65535
65535
65535
65535
65535
65535
65535
65535
65535
65535
65535
65535
65535
65535
65535
65535
65535
65535
65535
65535
65535
65535
65535
65535
65535
65535
65535
65535
65535
65535
65535
65535
65535
65535
65535
65535
65535
65535
65535
65535
65535
65535
65535
65535
65535
65535
65535
65535
65535
65535
65535
65535
65535
65535
65535
65535
65535
65535
65535
65535
65535
65535
65535
65535
65535
65535
65535
65535
65535
65535
65535
65535
65535
65535
65535
65535
65535
65535
65535
65535
65535
65535
65535
65535
65535
65535
65535
65535
65535
65535
65535
65535
65535
65535
65535
65535
65535
65535
65535
65535
65535
65535
65535
65535
65535
65535
65535
65535
65535
65535
65535
65535
65535
65535
65535
65535
65535
65535
65535
65535
65535
65535
65535
65535
65535
65535
65535
65535
65535
65535
65535
65535
65535
65535
65535
65535
65535
65535
65535
65535
65535
65535
65535
65535
65535
65535
65535
65535
65535
65535
65535
65535
65535
65535
65535
65535
65535
65535
65535
65535
65535
65535
65535
65535
65535
65535
65535
65535
65535
65535
65535
65535
65535
65535
65535
65535
65535
65535
65535
65535
65535
65535
65535
65535
65535
65535
65535
65535
65535
65535
65535
65535
65535
65535
65535
65535
65535
65535
65535
65535
65535
65535
65535
65535
65535
65535
65535
65535
65535
65535
65535
65535
65535
65535
65535
65535
65535
65535
65535
65535
65535
65535
65535
65535
65535
65535
65535
65535
65535
65535
65535
65535
65535
65535
65535
65535
65535
65535
65535
65535
65535
65535
65535
65535
65535
65535
65535
65535
65535
65535
65535
65535
65535
65535
65535
65535
65535
65535
65535
65535
65535
65535
65535
65535
65535
65535
65535
65535
65535
65535
65535
65535
65535
65535
65535
65535
65535
65535
65535
65535
65535
65535
65535
65535
65535
65535
65535
65535
65535
65535
65535
65535
65535
65535
65535
65535
65535
65535
65535
65535
65535
65535
65535
65535
65535
65535
65535
65535
65535
65535
65535
65535
65535
65535
65535
65535
65535
65535
65535
65535
65535
65535
65535
65535
65535
65535
65535
65535
65535
65535
65535
65535
65535
65535
65535
65535
65535
65535
65535
65535
65535
65535
65535
65535
65535
65535
65535
65535
65535
65535
65535
65535
65535
65535
65535
65535
65535
65535
65535
65535
65535
65535
65535
65535
65535
65535
65535
65535
65535
65535
65535
65535
65535
65535
65535
65535
65535
65535
65535
65535
65535
65535
65535
65535
65535
65535
65535
65535
65535
65535
65535
65535
65535
65535
65535
65535
65535
65535
65535
65535
65535
65535
65535
65535
65535
65535
65535
65535
65535
65535
65535
65535
65535
65535
65535
65535
65535
65535
65535
65535
65535
65535
65535
65535
65535
65535
65535
65535
65535
65535
65535
65535
65535
65535
65535
65535
65535
65535
65535
65535
65535
65535
65535
65535
65535
65535
65535
65535
65535
65535
65535
65535
65535
65535
65535
65535
65535
65535
65535
65535
65535
65535
65535
65535
65535
65535
65535
65535
65535
65535
65535
65535
65535
65535
65535
65535
65535
65535
65535
65535
65535
65535
65535
65535
65535
65535
65535
65535
65535
65535
65535
65535
65535
65535
65535
65535
65535
65535
65535
65535
65535
65535
65535
65535
65535
65535
65535
65535
65535
65535
65535
65535
65535
65535
65535
65535
65535
65535
65535
65535
65535
65535
65535
65535
65535
65535
65535
65535
65535
65535
65535
65535
65535
65535
65535
65535
65535
65535
65535
65535
65535
65535
65535
65535
65535
65535
65535
65535
65535
65535
65535
65535
65535
65535
65535
65535
65535
65535
65535
65535
65535
65535
65535
65535
65535
65535
65535
65535
65535
65535
65535
65535
65535
65535
65535
65535
65535
65535
65535
65535
65535
65535
65535
65535
65535
65535
65535
65535
65535
65535
65535
65535
65535
65535
65535
65535
65535
65535
65535
65535
65535
65535
65535
65535
65535
65535
65535
65535
65535
65535
65535
65535
65535
65535
65535
65535
65535
65535
65535
65535
65535
65535
65535
65535
65535
65535
65535
65535
65535
65535
65535
65535
65535
65535
65535
65535
65535
65535
65535
65535
65535
65535
65535
65535
65535
65535
65535
65535
65535
65535
65535
65535
65535
65535
65535
65535
65535
65535
65535
65535
65535
65535
65535
65535
65535
65535
65535
65535
65535
65535
65535
65535
65535
65535
65535
65535
65535
65535
65535
65535
65535
65535
65535
65535
65535
65535
65535
65535
65535
65535
65535
65535
65535
65535
65535
65535
65535
65535
65535
65535
65535
65535
65535
65535
65535
65535
65535
65535
65535
65535
65535
65535
65535
65535
65535
65535
65535
65535
65535
65535
65535
65535
65535
65535
65535
65535
65535
65535
65535
65535
65535
65535
65535
65535
65535
65535
65535
65535
65535
65535
65535
65535
65535
65535
65535
65535
65535
65535
65535
65535
65535
65535
65535
65535
65535
65535
65535
65535
65535
65535
65535
65535
65535
65535
65535
65535
65535
65535
65535
65535
65535
65535
65535
65535
65535
65535
65535
65535
65535
65535
65535
65535
65535
65535
65535
65535
65535
65535
65535
65535
65535
65535
65535
65535
65535
65535
65535
65535
65535
65535
65535
65535
65535
65535
65535
65535
65535
65535
65535
65535
65535
65535
65535
65535
65535
65535
65535
65535
65535
65535
65535
65535
65535
65535
65535
65535
65535
65535
65535
65535
65535
65535
65535
65535
65535
65535
65535
65535
65535
65535
65535
65535
65535
65535
65535
65535
65535
65535
65535
65535
65535
65535
65535
65535
65535
65535
65535
65535
65535
65535
65535
65535
65535
65535
65535
65535
65535
65535
65535
65535
65535
65535
65535
65535
65535
65535
65535
65535
65535
65535
65535
65535
65535
65535
65535
65535
65535
65535
65535
65535
65535
65535
65535
65535
65535
65535
65535
65535
65535
65535
65535
65535
65535
65535
65535
65535
65535
65535
65535
65535
65535
65535
65535
65535
65535
65535
65535
65535
65535
65535
65535
65535
65535
65535
65535
65535
65535
65535
65535
65535
65535
65535
65535
65535
65535
65535
65535
65535
65535
65535
65535
65535
65535
65535
65535
65535
65535
65535
65535
65535
65535
65535
65535
65535
65535
65535
65535
65535
65535
65535
65535
65535
65535
65535
65535
65535
65535
65535
65535
65535
65535
65535
65535
65535
65535
65535
65535
65535
65535
65535
65535
65535
65535
65535
65535
65535
65535
65535
65535
65535
65535
65535
65535
65535
65535
65535
65535
65535
65535
65535
65535
65535
65535
65535
65535
65535
65535
65535
65535
65535
65535
65535
65535
65535
65535
65535
65535
65535
65535
65535
65535
65535
65535
65535
65535
65535
65535
65535
65535
65535
65535
65535
65535
65535
65535
65535
65535
65535
65535
65535
65535
65535
65535
65535
65535
65535
65535
65535
65535
65535
65535
65535
65535
65535
65535
65535
65535
65535
65535
65535
65535
65535
65535
65535
65535
65535
65535
65535
65535
65535
65535
65535
65535
65535
65535
65535
65535
65535
65535
65535
65535
65535
65535
65535
65535
65535
65535
65535
65535
65535
65535
65535
65535
65535
65535
65535
65535
65535
65535
65535
65535
65535
65535
65535
65535
65535
65535
65535
65535
65535
65535
65535
65535
65535
65535
65535
65535
65535
65535
65535
65535
65535
65535
65535
65535
65535
65535
65535
65535
65535
65535
65535
65535
65535
65535
65535
65535
65535
65535
65535
65535
65535
65535
65535
65535
65535
65535
65535
65535
65535
65535
65535
65535
65535
65535
65535
65535
65535
65535
65535
65535
65535
65535
65535
65535
65535
65535
65535
65535
65535
65535
65535
65535
65535
65535
65535
65535
65535
65535
65535
65535
65535
65535
65535
65535
65535
65535
65535
65535
65535
65535
65535
65535
65535
65535
65535
65535
65535
65535
65535
65535
65535
65535
65535
65535
65535
65535
65535
65535
65535
65535
65535
65535
65535
65535
65535
65535
65535
65535
65535
65535
65535
65535
65535
65535
65535
65535
65535
65535
65535
65535
65535
65535
65535
65535
65535
65535
65535
65535
65535
65535
65535
65535
65535
65535
65535
65535
65535
65535
65535
65535
65535
65535
65535
65535
65535
65535
65535
65535
65535
65535
65535
65535
65535
65535
65535
65535
65535
65535
65535
65535
65535
65535
65535
65535
65535
65535
65535
65535
65535
65535
65535
65535
65535
65535
65535
65535
65535
65535
65535
65535
65535
65535
65535
65535
65535
65535
65535
65535
65535
65535
65535
65535
65535
65535
65535
65535
65535
65535
65535
65535
65535
65535
65535
65535
65535
65535
65535
65535
65535
65535
65535
65535
65535
65535
65535
65535
65535
65535
65535
65535
65535
65535
65535
65535
65535
65535
65535
65535
65535
65535
65535
65535
65535
65535
65535
65535
65535
65535
65535
65535
65535
65535
65535
65535
65535
65535
65535
65535
65535
65535
65535
65535
65535
65535
65535
65535
65535
65535
65535
65535
65535
65535
65535
65535
65535
65535
65535
65535
65535
65535
65535
65535
65535
65535
65535
65535
65535
65535
65535
65535
65535
65535
65535
65535
65535
65535
65535
65535
65535
65535
65535
65535
65535
65535
65535
65535
65535
65535
65535
65535
65535
65535
65535
65535
65535
65535
65535
65535
65535
65535
65535
65535
65535
65535
65535
65535
65535
65535
65535
65535
65535
65535
65535
65535
65535
65535
65535
65535
65535
65535
65535
65535
65535
65535
65535
65535
65535
65535
65535
65535
65535
65535
65535
65535
65535
65535
65535
65535
65535
65535
65535
65535
65535
65535
65535
65535
65535
65535
65535
65535
65535
65535
65535
65535
65535
65535
65535
65535
65535
65535
65535
65535
65535
65535
65535
65535
65535
65535
65535
65535
65535
65535
65535
65535
65535
65535
65535
65535
65535
65535
65535
65535
65535
65535
65535
65535
65535
65535
65535
65535
65535
65535
65535
65535
65535
65535
65535
65535
65535
65535
65535
65535
65535
65535
65535
65535
65535
65535
65535
65535
65535
65535
65535
65535
65535
65535
65535
65535
65535
65535
65535
65535
65535
65535
65535
65535
65535
65535
65535
65535
65535
65535
65535
65535
65535
65535
65535
65535
65535
65535
65535
65535
65535
65535
65535
65535
65535
65535
65535
65535
65535
65535
65535
65535
65535
65535
65535
65535
65535
65535
65535
65535
65535
65535
65535
65535
65535
65535
65535
65535
65535
65535
65535
65535
65535
65535
65535
65535
65535
65535
65535
65535
65535
65535
65535
65535
65535
65535
65535
65535
65535
65535
65535
65535
65535
65535
65535
65535
65535
65535
65535
65535
65535
65535
65535
65535
65535
65535
65535
65535
65535
65535
65535
65535
65535
65535
65535
65535
65535
65535
65535
65535
65535
65535
65535
65535
65535
65535
65535
65535
65535
65535
65535
65535
65535
65535
65535
65535
65535
65535
65535
65535
65535
65535
65535
65535
65535
65535
65535
65535
65535
65535
65535
65535
65535
65535
65535
65535
65535
65535
65535
65535
65535
65535
65535
65535
65535
65535
65535
65535
65535
65535
65535
65535
65535
65535
65535
65535
65535
65535
65535
65535
65535
65535
65535
65535
65535
65535
65535
65535
65535
65535
65535
65535
65535
65535
65535
65535
65535
65535
65535
65535
65535
65535
65535
65535
65535
65535
65535
65535
65535
65535
65535
65535
65535
65535
65535
65535
65535
65535
65535
65535
65535
65535
65535
65535
65535
65535
65535
65535
65535
65535
65535
65535
65535
65535
65535
65535
65535
65535
65535
65535
65535
65535
65535
65535
65535
65535
65535
65535
65535
65535
65535
65535
65535
65535
65535
65535
65535
65535
65535
65535
65535
65535
65535
65535
65535
65535
65535
65535
65535
65535
65535
65535
65535
65535
65535
65535
65535
65535
65535
65535
65535
65535
65535
65535
65535
65535
65535
65535
65535
65535
65535
65535
65535
65535
65535
65535
65535
65535
65535
65535
65535
65535
65535
65535
65535
65535
65535
65535
65535
65535
65535
65535
65535
65535
65535
65535
65535
65535
65535
65535
65535
65535
65535
65535
65535
65535
65535
65535
65535
65535
65535
65535
65535
65535
65535
65535
65535
65535
65535
65535
65535
65535
65535
65535
65535
65535
65535
65535
65535
65535
65535
65535
65535
65535
65535
65535
65535
65535
65535
65535
65535
65535
65535
65535
65535
65535
65535
65535
65535
65535
65535
65535
65535
65535
65535
65535
65535
65535
65535
65535
65535
65535
65535
65535
65535
65535
65535
65535
65535
65535
65535
65535
65535
65535
65535
65535
65535
65535
65535
65535
65535
65535
65535
65535
65535
65535
65535
65535
65535
65535
65535
65535
65535
65535
65535
65535
65535
65535
65535
65535
65535
65535
65535
65535
65535
65535
65535
65535
65535
65535
65535
65535
65535
65535
65535
65535
65535
65535
65535
65535
65535
65535
65535
65535
65535
65535
65535
65535
65535
65535
65535
65535
65535
65535
65535
65535
65535
65535
65535
65535
65535
65535
65535
65535
65535
65535
65535
65535
65535
65535
65535
65535
65535
65535
65535
65535
65535
65535
65535
65535
65535
65535
65535
65535
65535
65535
65535
65535
65535
65535
65535
65535
65535
65535
65535
65535
65535
65535
65535
65535
65535
65535
65535
65535
65535
65535
65535
65535
65535
65535
65535
65535
65535
65535
65535
65535
65535
65535
65535
65535
65535
65535
65535
65535
65535
65535
65535
65535
65535
65535
65535
65535
65535
65535
65535
65535
65535
65535
65535
65535
65535
65535
65535
65535
65535
65535
65535
65535
65535
65535
65535
65535
65535
65535
65535
65535
65535
65535
65535
65535
65535
65535
65535
65535
65535
65535
65535
65535
65535
65535
65535
65535
65535
65535
65535
65535
65535
65535
65535
65535
65535
65535
65535
65535
65535
65535
65535
65535
65535
65535
65535
65535
65535
65535
65535
65535
65535
65535
65535
65535
65535
65535
65535
65535
65535
65535
65535
65535
65535
65535
65535
65535
65535
65535
65535
65535
65535
65535
65535
65535
65535
65535
65535
65535
65535
65535
65535
65535
65535
65535
65535
65535
65535
65535
65535
65535
65535
65535
65535
65535
65535
65535
65535
65535
65535
65535
65535
65535
65535
65535
65535
65535
65535
65535
65535
65535
65535
65535
65535
65535
65535
65535
65535
65535
65535
65535
65535
65535
65535
65535
65535
65535
65535
65535
65535
65535
65535
65535
65535
65535
65535
65535
65535
65535
65535
65535
65535
65535
65535
65535
65535
65535
65535
65535
65535
65535
65535
65535
65535
65535
65535
65535
65535
65535
65535
65535
65535
65535
65535
65535
65535
65535
65535
65535
65535
65535
65535
65535
65535
65535
65535
65535
65535
65535
65535
65535
65535
65535
65535
65535
65535
65535
65535
65535
65535
65535
65535
65535
65535
65535
65535
65535
65535
65535
65535
65535
65535
65535
65535
65535
65535
65535
65535
65535
65535
65535
65535
65535
65535
65535
65535
65535
65535
65535
65535
65535
65535
65535
65535
65535
65535
65535
65535
65535
65535
65535
65535
65535
65535
65535
65535
65535
65535
65535
65535
65535
65535
65535
65535
65535
65535
65535
65535
65535
65535
65535
65535
65535
65535
65535
65535
65535
65535
65535
65535
65535
65535
65535
65535
65535
65535
65535
65535
65535
65535
65535
65535
65535
65535
65535
65535
65535
65535
65535
65535
65535
65535
65535
65535
65535
65535
65535
65535
65535
65535
65535
65535
65535
65535
65535
65535
65535
65535
65535
65535
65535
65535
65535
65535
65535
65535
65535
65535
65535
65535
65535
65535
65535
65535
65535
65535
65535
65535
65535
65535
65535
65535
65535
65535
65535
65535
65535
65535
65535
65535
65535
65535
65535
65535
65535
65535
65535
65535
65535
65535
65535
65535
65535
65535
65535
65535
65535
65535
65535
65535
65535
65535
65535
65535
65535
65535
65535
65535
65535
65535
65535
65535
65535
65535
65535
65535
65535
65535
65535
65535
65535
65535
65535
65535
65535
65535
65535
65535
65535
65535
65535
65535
65535
65535
65535
65535
65535
65535
65535
65535
65535
65535
65535
65535
65535
65535
65535
65535
65535
65535
65535
65535
65535
65535
65535
65535
65535
65535
65535
65535
65535
65535
65535
65535
65535
65535
65535
65535
65535
65535
65535
65535
65535
65535
65535
65535
65535
65535
65535
65535
65535
65535
65535
65535
65535
65535
65535
65535
65535
65535
65535
65535
65535
65535
65535
65535
65535
65535
65535
65535
65535
65535
65535
65535
65535
65535
65535
65535
65535
65535
65535
65535
65535
65535
65535
65535
65535
65535
65535
65535
65535
65535
65535
65535
65535
65535
65535
65535
65535
65535
65535
65535
65535
65535
65535
65535
65535
65535
65535
65535
65535
65535
65535
65535
65535
65535
65535
65535
65535
65535
65535
65535
65535
65535
65535
65535
65535
65535
65535
65535
65535
65535
65535
65535
65535
65535
65535
65535
65535
65535
65535
65535
65535
65535
65535
65535
65535
65535
65535
65535
65535
65535
65535
65535
65535
65535
65535
65535
65535
65535
65535
65535
65535
65535
65535
65535
65535
65535
65535
65535
65535
65535
65535
65535
65535
65535
65535
65535
65535
65535
65535
65535
65535
65535
65535
65535
65535
65535
65535
65535
65535
65535
65535
65535
65535
65535
65535
65535
65535
65535
65535
65535
65535
65535
65535
65535
65535
65535
65535
65535
65535
65535
65535
65535
65535
65535
65535
65535
65535
65535
65535
65535
65535
65535
65535
65535
65535
65535
65535
65535
65535
65535
65535
65535
65535
65535
65535
65535
65535
65535
65535
65535
65535
65535
65535
65535
65535
65535
65535
65535
65535
65535
65535
65535
65535
65535
65535
65535
65535
65535
65535
65535
65535
65535
65535
65535
65535
65535
65535
65535
65535
65535
65535
65535
65535
65535
65535
65535
65535
65535
65535
65535
65535
65535
65535
65535
65535
65535
65535
65535
65535
65535
65535
65535
65535
65535
65535
65535
65535
65535
65535
65535
65535
65535
65535
65535
65535
65535
65535
65535
65535
65535
65535
65535
65535
65535
65535
65535
65535
65535
65535
65535
65535
65535
65535
65535
65535
65535
65535
65535
65535
65535
65535
65535
65535
65535
65535
65535
65535
65535
65535
65535
65535
65535
65535
65535
65535
65535
65535
65535
65535
65535
65535
65535
65535
65535
65535
65535
65535
65535
65535
65535
65535
65535
65535
65535
65535
65535
65535
65535
65535
65535
65535
65535
65535
65535
65535
65535
65535
65535
65535
65535
65535
65535
65535
65535
65535
65535
65535
65535
65535
65535
65535
65535
65535
65535
65535
65535
65535
65535
65535
65535
65535
65535
65535
65535
65535
65535
65535
65535
65535
65535
65535
65535
65535
65535
65535
65535
65535
65535
65535
65535
65535
65535
65535
65535
65535
65535
65535
65535
65535
65535
65535
65535
65535
65535
65535
65535
65535
65535
65535
65535
65535
65535
65535
65535
65535
65535
65535
65535
65535
65535
65535
65535
65535
65535
65535
65535
65535
65535
65535
65535
65535
65535
65535
65535
65535
65535
65535
65535
65535
65535
65535
65535
65535
65535
65535
65535
65535
65535
65535
65535
65535
65535
65535
65535
65535
65535
65535
65535
65535
65535
65535
65535
65535
65535
65535
65535
65535
65535
65535
65535
65535
65535
65535
65535
65535
65535
65535
65535
65535
65535
65535
65535
65535
65535
65535
65535
65535
65535
65535
65535
65535
65535
65535
65535
65535
65535
65535
65535
65535
65535
65535
65535
65535
65535
65535
65535
65535
65535
65535
65535
65535
65535
65535
65535
65535
65535
65535
65535
65535
65535
65535
65535
65535
65535
65535
65535
65535
65535
65535
65535
65535
65535
65535
65535
65535
65535
65535
65535
65535
65535
65535
65535
65535
65535
65535
65535
65535
65535
65535
65535
65535
65535
65535
65535
65535
65535
65535
65535
65535
65535
65535
65535
65535
65535
65535
65535
65535
65535
65535
65535
65535
65535
65535
65535
65535
65535
65535
65535
65535
65535
65535
65535
65535
65535
65535
65535
65535
65535
65535
65535
65535
65535
65535
65535
65535
65535
65535
65535
65535
65535
65535
65535
65535
65535
65535
65535
65535
65535
65535
65535
65535
65535
65535
65535
65535
65535
65535
65535
65535
65535
65535
65535
65535
65535
65535
65535
65535
65535
65535
65535
65535
65535
65535
65535
65535
65535
65535
65535
65535
65535
65535
65535
65535
65535
65535
65535
65535
65535
65535
65535
65535
65535
65535
65535
65535
65535
65535
65535
65535
65535
65535
65535
65535
65535
65535
65535
65535
65535
65535
65535
65535
65535
65535
65535
65535
65535
65535
65535
65535
65535
65535
65535
65535
65535
65535
65535
65535
65535
65535
65535
65535
65535
65535
65535
65535
65535
65535
65535
65535
65535
65535
65535
65535
65535
65535
65535
65535
65535
65535
65535
65535
65535
65535
65535
65535
65535
65535
65535
65535
65535
65535
65535
65535
65535
65535
65535
65535
65535
65535
65535
65535
65535
65535
65535
65535
65535
65535
65535
65535
65535
65535
65535
65535
65535
65535
65535
65535
65535
65535
65535
65535
65535
65535
65535
65535
65535
65535
65535
65535
65535
65535
65535
65535
65535
65535
65535
65535
65535
65535
65535
65535
65535
65535
65535
65535
65535
65535
65535
65535
65535
65535
65535
65535
65535
65535
65535
65535
65535
65535
65535
65535
65535
65535
65535
65535
65535
65535
65535
65535
65535
65535
65535
65535
65535
65535
65535
65535
65535
65535
65535
65535
65535
65535
65535
65535
65535
65535
65535
65535
65535
65535
65535
65535
65535
65535
65535
65535
65535
65535
65535
65535
65535
65535
65535
65535
65535
65535
65535
65535
65535
65535
65535
65535
65535
65535
65535
65535
65535
65535
65535
65535
65535
65535
65535
65535
65535
65535
65535
65535
65535
65535
65535
65535
65535
65535
65535
65535
65535
65535
65535
65535
65535
65535
65535
65535
65535
65535
65535
65535
65535
65535
65535
65535
65535
65535
65535
65535
65535
65535
65535
65535
65535
65535
65535
65535
65535
65535
65535
65535
65535
65535
65535
65535
65535
65535
65535
65535
65535
65535
65535
65535
65535
65535
65535
65535
65535
65535
65535
65535
65535
65535
65535
65535
65535
65535
65535
65535
65535
65535
65535
65535
65535
65535
65535
65535
65535
65535
65535
65535
65535
65535
65535
65535
65535
65535
65535
65535
65535
65535
65535
65535
65535
65535
65535
65535
65535
65535
65535
65535
65535
65535
65535
65535
65535
65535
65535
65535
65535
65535
65535
65535
65535
65535
65535
65535
65535
65535
65535
65535
65535
65535
65535
65535
65535
65535
65535
65535
65535
65535
65535
65535
65535
65535
65535
65535
65535
65535
65535
65535
65535
65535
65535
65535
65535
65535
65535
65535
65535
65535
65535
65535
65535
65535
65535
65535
65535
65535
65535
65535
65535
65535
65535
65535
65535
65535
65535
65535
65535
65535
65535
65535
65535
65535
65535
65535
65535
65535
65535
65535
65535
65535
65535
65535
65535
65535
65535
65535
65535
65535
65535
65535
65535
65535
65535
65535
65535
65535
65535
65535
65535
65535
65535
65535
65535
65535
65535
65535
65535
65535
65535
65535
65535
65535
65535
65535
65535
65535
65535
65535
65535
65535
65535
65535
65535
65535
65535
65535
65535
65535
65535
65535
65535
65535
65535
65535
65535
65535
65535
65535
65535
65535
65535
65535
65535
65535
65535
65535
65535
65535
65535
65535
65535
65535
65535
65535
65535
65535
65535
65535
65535
65535
65535
65535
65535
65535
65535
65535
65535
65535
65535
65535
65535
65535
65535
65535
65535
65535
65535
65535
65535
65535
65535
65535
65535
65535
65535
65535
65535
65535
65535
65535
65535
65535
65535
65535
65535
65535
65535
65535
65535
65535
65535
65535
65535
65535
65535
65535
65535
65535
65535
65535
65535
65535
65535
65535
65535
65535
65535
65535
65535
65535
65535
65535
65535
65535
65535
65535
65535
65535
65535
65535
65535
65535
65535
65535
65535
65535
65535
65535
65535
65535
65535
65535
65535
65535
65535
65535
65535
65535
65535
65535
65535
65535
65535
65535
65535
65535
65535
65535
65535
65535
65535
65535
65535
65535
65535
65535
65535
65535
65535
65535
65535
65535
65535
65535
65535
65535
65535
65535
65535
65535
65535
65535
65535
65535
65535
65535
65535
65535
65535
65535
65535
65535
65535
65535
65535
65535
65535
65535
65535
65535
65535
65535
65535
65535
65535
65535
65535
65535
65535
65535
65535
65535
65535
65535
65535
65535
65535
65535
65535
65535
65535
65535
65535
65535
65535
65535
65535
65535
65535
65535
65535
65535
65535
65535
65535
65535
65535
65535
65535
65535
65535
65535
65535
65535
65535
65535
65535
65535
65535
65535
65535
65535
65535
65535
65535
65535
65535
65535
65535
65535
65535
65535
65535
65535
65535
65535
65535
65535
65535
65535
65535
65535
65535
65535
65535
65535
65535
65535
65535
65535
65535
65535
65535
65535
65535
65535
65535
65535
65535
65535
65535
65535
65535
65535
65535
65535
65535
65535
65535
65535
65535
65535
65535
65535
65535
65535
65535
65535
65535
65535
65535
65535
65535
65535
65535
65535
65535
65535
65535
65535
65535
65535
65535
65535
65535
65535
65535
65535
65535
65535
65535
65535
65535
65535
65535
65535
65535
65535
65535
65535
65535
65535
65535
65535
65535
65535
65535
65535
65535
65535
65535
65535
65535
65535
65535
65535
65535
65535
65535
65535
65535
65535
65535
65535
65535
65535
65535
65535
65535
65535
65535
65535
65535
65535
65535
65535
65535
65535
65535
65535
65535
65535
65535
65535
65535
65535
65535
65535
65535
65535
65535
65535
65535
65535
65535
65535
65535
65535
65535
65535
65535
65535
65535
65535
65535
65535
65535
65535
65535
65535
65535
65535
65535
65535
65535
65535
65535
65535
65535
65535
65535
65535
65535
65535
65535
65535
65535
65535
65535
65535
65535
65535
65535
65535
65535
65535
65535
65535
65535
65535
65535
65535
65535
65535
65535
65535
65535
65535
65535
65535
65535
65535
65535
65535
65535
65535
65535
65535
65535
65535
65535
65535
65535
65535
65535
65535
65535
65535
65535
65535
65535
65535
65535
65535
65535
65535
65535
65535
65535
65535
65535
65535
65535
65535
65535
65535
65535
65535
65535
65535
65535
65535
65535
65535
65535
65535
65535