43523
9075
40162
24367
61672
21006
61420
42516
23611
60916
26468
57556
13781
1094
44617
38148
31679
28318
28066
34032
8910
2441
8406
14372
20338
29412
32269
56888
59745
12610
31010
46303
11602
4881
54370
7235
13201
40928
24880
2615
14799
61178
57566
25975
41015
43620
43117
45722
39001
51184
56898
40850
34129
30517
36231
35727
32115
47155
40434
43039
11448
10944
1115
6829
18760
46487
36657
11032
26072
22460
34391
43214
27166
54642
32125
47165
65314
49267
58090
41790
13056
37423
64898
57925
26082
6926
43728
64985
51795
7517
25666
37597
8863
14577
57596
22644
6345
58691
58187
7691
35167
31303
46343
33152
57267
6771
12234
33491
10975
53994
34586
30722
30218
4593
47612
34421
11905
4932
60386
22074
65093
55011
16950
651
37453
55602
48629
63418
31574
43506
42751
17125
60144
31410
5784
5281
20321
63340
40823
8980
5368
29735
50992
53346
59060
36543
7809
32175
34529
15121
61249
26297
44446
168
27643
11344
29493
16302
59322
46131
14288
51090
6812
21852
58654
57898
13620
47313
9252
58489
11102
26142
44291
13
24380
48746
45134
19509
62528
33793
48834
23208
3800
28167
58751
8255
19935
3636
40437
49260
61192
23131
19519
6328
21368
39517
29436
63129
59516
18347
4905
29271
22550
28264
43304
23896
32719
44399
28100
52466
20623
17011
32051
43983
2813
24071
13989
41465
37852
24662
52137
29620
38443
47266
30967
61551
64156
16769
34918
12401
46094
54917
51305
809
53154
18203
48787
16944
56854
141
15181
20895
23500
57445
50724
40894
21486
11656
51818
38880
32158
3424
43335
14600
26532
10484
63082
18803
46279
45775
1497
16537
19143
12421
55441
54937
29312
3938
46957
40236
36624
51664
63847
41582
413
3018
8732
61329
60826
63431
62927
15540
30581
39403
60661
53940
53436
37389
52429
8151
60748
50918
13110
25041
43190
58230
32857
7483
13197
22020
33951
14795
11183
63780
44624
37903
59412
24712
24209
29922
44963
28915
19085
62356
14969
17575
32615
772
6486
65301
5479
4975
13798
16403
19008
56062
30688
45728
57660
63374
59761
62366
14980
26911
1537
47917
25652
46910
58841
30359
23638
51365
31957
56324
46494
21120
61282
42126
41622
41119
28180
12133
24064
8017
57505
41458
28519
21798
15077
42804
60953
26253
13314
25498
21885
15164
30204
51462
22980
3824
3320
18360
61631
48693
51298
19455
6516
34243
33740
45671
35841
26011
9964
9460
27609
5344
26602
44751
28452
52819
5432
1819
16860
812
12744
15349
5519
17450
7621
4008
56605
28123
55598
55095
42156
38544
28714
3340
5945
17877
48713
51318
822
62746
27794
33508
8134
1413
57119
28637
12589
2759
42921
45527
54349
44520
37798
18642
61661
33179
48219
29063
53430
15621
18226
27049
26545
29150
44191
53013
55618
39571
42176
47890
50495
40665
58814
5210
48481
29325
59909
50079
55793
45963
51677
35378
47309
9249
5636
58234
38826
41431
22275
6227
52607
30342
48491
54205
59919
43872
37150
27321
14382
48327
35388
37993
31272
61856
64461
23292
16571
56481
40434
43039
45644
17162
19767
16154
43630
62031
61527
36153
57411
698
50186
46322
52036
4901
41703
31873
56239
37083
36580
29859
26246
28851
56327
65149
52211
1715
26082
22469
46836
21462
45829
48434
16591
3652
9366
24406
27012
60705
22644
25249
40289
61799
11303
13908
25840
37771
37268
33656
14499
20213
32145
16097
15594
8873
64579
1648
32484
31980
37694
58952
2239
4592
47611
62652
33917
17870
57780
29046
37869
15604
2665
61480
51398
60221
9725
15439
46275
42663
63921
41656
3595
27962
52328
8050
1329
825
18974
52667
20824
7634
19565
43932
8980
36455
42169
35196
3353
37046
8312
26461
13522
37889
46712
24195
17474
20079
44446
9494
18316
17813
23527
16554
56464
21512
24118
23614
4206
59660
37144
45966
1688
54034
50421
53027
49414
55128
60842
19673
44039
21522
5223
36059
4216
31691
31188
43119
26820
29425
34888
65472
58499
17329
1282
59845
9349
5737
20777
7587
6831
50102
18259
55061
7674
10279
43972
36999
42461
60610
16080
59100
17930
42297
41793
25494
59187
5582
20623
4323
38016
52805
52301
4914
10377
40961
18444
5505
57851
26008
3491
46510
45755
1225
16013
62141
20972
13999
10135
31393
52650
14590
60718
896
53241
58955
17786
63914
35180
44002
18377
5186
7791
63246
43838
15103
51905
4518
63333
3511
37204
33340
60563
12925
27713
61406
54433
16372
31413
12005
51915
16963
25534
12344
14697
13942
751
15792
5710
17641
13777
19239
65367
39742
45456
57136
28401
58734
26891
63692
9836
65290
33447
38909
63276
53194
61765
54792
41602
40846
36982
33118
41689
34716
24634
52110
35811
16151
43626
49088
57911
44721
43965
49427
45563
29264
31869
6244
64807
42290
32208
62541
8684
11038
25826
28180
52546
45573
60362
59606
52634
48769
23144
34824
8946
5082
48101
53563
21469
51801
57263
6516
36848
48528
7106
34330
55336
42146
41390
21982
46097
29798
29042
9634
61728
36103
29130
22157
55850
36190
54339
3591
27706
23842
57283
21828
36616
42078
909
9480
52247
17044
16288
15533
48974
23097
12763
61748
14110
13354
43687
49149
42176
13190
21761
8318
25964
15882
61758
42099
6895
27901
42689
57478
9839
46389
36056
10178
9423
23960
51183
28415
8755
7748
16319
52868
2121
63793
13045
12038
64384
57411
56404
8765
4649
25655
24648
64306
16668
37674
2470
1463
456
58767
48434
41461
21801
36589
44908
34575
36928
39030
31805
55920
39621
63484
25171
30634
60966
9967
52734
23748
32319
6442
30556
26440
6781
55766
51650
34847
52744
45519
63417
40396
42498
51069
15865
61741
51408
22422
15197
11333
10326
18645
8563
35787
37889
62003
39235
47554
40329
29996
53859
18403
26722
38150
59156
36388
47816
24795
61093
25638
37066
29841
7073
49588
39255
10269
3044
42703
1281
37580
49259
41783
56068
48843
19857
37502
14734
51284
9862
14821
4488
56330
61540
60533
3316
55410
4410
62722
58606
51381
19286
46258
13911
22482
61889
51556
47440
58868
4760
9970
24507
32826
25601
15016
64001
50558
40225
1913
35102
12082
54849
44516
27964
45610
60147
40235
54772
13099
36962
13941
62675
8567
19994
3192
64360
6891
8993
20421
63188
40420
36304
41514
37398
27065
60254
15472
11356
56981
40430
20518
47490
2708
54550
6660
21196
48168
50018
51868
44643
43384
20364
53553
52546
51539
3648
39946
1382
3232
39530
35162
2816
36005
22311
15086
10970
56595
52227
16771
49709
51559
34756
61728
63829
62570
5354
19890
9305
32916
570
55520
35609
37207
14186
492
18138
32423
46959
39735
50911
12347
57971
6972
24617
42011
43861
52180
10507
62349
23785
38070
33954
32695
37905
45972
54040
27911
48665
28501
24386
13800
56316
14391
25567
33635
29519
3138
48762
32211
55822
63890
43978
11380
25665
2644
45160
34575
24241
63648
43736
27185
13491
24667
60966
43911
14673
54080
62399
61140
59881
39970
60724
31234
29975
34934
30566
41742
34266
64094
37965
5619
60569
37297
7808
6549
8398
57132
40581
51757
6723
21260
54197
21851
51679
47312
52270
25889
24630
48242
43874
33289
22452
52280
60348
21532
17164
361
42625
13387
36998
19944
21794
51874
56833
52465
54315
25077
8274
19450
30626
13824
12565
55080
19625
49454
16855
53153
32990
9969
49125
982
15015
29048
5776
63836
18802
11326
22502
55691
23093
9147
10997
21921
57967
12934
2097
9912
8653
38482
43441
54365
59324
23868
22609
46221
35383
58995
60845
12702
17409
50598
5817
32788
12877
30522
13719
5991
4732
15908
27084
19356
8771
38600
24654
64061
31462
55073
13149
24325
63480
43316
41806
27860
7697
34417
32906
53408
45932
13333
24509
48121
37535
51820
7039
55520
48043
25023
64430
10070
27212
35279
2681
51162
59230
38814
15794
26718
18990
27057
34873
18070
19668
15301
35803
49836
33033
25305
8502
4134
46398
1365
34302
26574
3302
51783
56742
58592
57081
49353
63386
18352
51290
59105
63812
56084
1724
43988
45586
25422
36850
53992
30720
16774
43494
64249
25433
55261
901
55600
26111
15274
54177
2926
16959
6122
23516
37297
38895
31418
45451
6635
36212
28736
55456
57306
21347
38740
24795
10849
24882
51602
15895
29928
3547
52028
9852
36320
613
30441
28679
21202
26161
33977
23139
52968
23730
458
64483
12981
58353
3993
2483
50964
52310
41221
58615
7364
18540
13921
46858
48456
37619
11238
44427
30482
57202
18386
54180
61996
41832
37213
10832
59313
14280
12769
11258
62597
60834
22018
39160
56302
36138
15975
17573
22280
61183
28585
11278
28420
42453
44051
5235
28595
30193
38008
26920
22300
5497
63305
61542
53562
27181
41466
64826
60206
5595
29206
18369
44837
5769
60468
27618
45011
62153
23337
6283
23425
12588
23764
492
42755
31918
52169
38223
2264
34950
55201
7058
43105
50668
58484
63191
39667
53700
17993
28917
27406
34970
49255
13548
62029
4309
21451
41701
58843
16918
52713
16754
46331
7515
15330
7602
62301
51464
6179
17355
6266
17190
12319
41896
15515
57527
6024
26527
43417
35688
5947
35776
49809
48298
25026
5114
16039
8562
7051
43098
7139
5628
51001
5715
47979
55795
54284
15216
32358
49248
19507
61770
54042
2539
7246
58836
16911
62284
63882
31284
42208
59350
42295
62546
39022
18859
8022
40707
32979
9707
33066
53317
8032
31643
8371
6608
64416
25348
14259
22075
26782
40815
29978
12923
33174
19228
45948
13349
30491
16545
61918
54442
52931
41590
24536
4120
49493
35295
5554
60253
58994
26144
33959
29340
24720
35645
33630
47663
61696
10445
12295
45233
31287
45320
46918
23646
19026
64147
6427
61126
25167
48526
37689
64157
53068
4674
43829
51897
53495
33331
6699
30058
16112
23928
47539
46028
743
30320
63006
11503
3775
36712
63432
24616
54445
59152
51423
6138
45293
34456
48489
65379
32781
18835
57990
31609
52111
47492
11533
696
5403
10109
21034
28849
2468
54059
33895
60363
49526
13819
15417
7437
27688
44830
18449
32230
24754
1481
59289
1569
56268
36104
62572
20396
40647
39136
3429
39223
47290
58215
44269
36541
19738
55532
50913
15206
60578
24871
63774
52685
16978
40338
54623
43786
36057
22111
4805
50178
14470
12960
58080
62787
55059
3556
48929
28765
30363
47757
8689
32300
62129
41966
18694
20544
31720
33318
56929
30548
53907
21309
22907
27614
26355
43497
63999
3422
45937
25522
64677
50731
39894
63757
49812
60736
159
23770
53599
2347
4197
65114
38985
34365
51507
31344
51846
59913
5554
54287
34123
60843
6483
23625
9931
27073
60263
40351
10861
53125
48757
31955
2465
57416
21708
61115
38095
2388
19781
21631
54569
19113
45833
59866
27268
4248
49620
42144
41136
42986
10388
43325
7870
393
52235
13419
33922
60894
22329
21070
32498
31239
5110
4103
43510
10912
19231
30659
63848
12597
20664
19405
8820
45118
37642
64362
13362
58987
29749
53612
33700
16897
3203
45719
28916
46562
26650
16317
55723
32703
62784
24219
4308
34388
58000
62958
8850
4734
37672
14400
38263
27677
1548
19194
2391
57342
50117
55327
7437
21973
39619
19707
49788
26768
22400
12066
48616
56684
24337
4425
31397
49043
38457
9219
26865
25606
49469
32918
34768
8639
29393
28134
8474
4106
65526
8058
19486
40240
45199
19069
30497
44782
27979
30081
35040
12019
23447
15971
14964
23031
31098
20765
35301
37403
14383
25811
59000
26905
25898
62196
10945
25482
49345
63630
3052
58003
56996
24649
42294
62797
27341
4573
16001
33395
10374
65325
8108
47263
2230
4331
21977
61384
7275
40717
45675
25764
15178
54585
62653
33163
3925
5775
23420
41066
27372
19895
15527
61152
22336
58382
10492
25028
8226
32089
27721
54693
34781
14869
32515
18821
14453
35207
12187
29832
56552
42858
19586
43449
26646
16061
27237
63535
15645
51691
19345
24303
57241
55730
10696
363
17757
32041
43218
32632
46917
17679
63052
21379
60786
3569
42724
799
43315
38947
31471
27103
32062
30803
29544
50298
55256
57106
49378
51228
62404
4684
31404
64341
35103
43171
57455
43510
48468
326
52168
10243
49398
7725
15793
64022
18989
36382
9750
55122
762
52352
60420
6060
23202
3038
32867
31608
11445
63287
49089
57157
59006
45061
52876
35822
28093
48596
59772
30030
16336
58600
7349
37178
45245
19116
20714
16095
23910
41304
52480
22738
24336
32404
27784
38709
12076
38796
46612
4435
12251
42079
12338
57962
31330
60906
49818
54524
46796
11089
62427
17142
6305
35882
31262
48404
59329
4969
19002
20600
40851
14470
53373
20271
31195
1705
53044
57499
52879
13812
43389
26082
65237
4408
40203
19787
49616
13909
53064
13996
65335
7614
65422
1232
2830
25938
11740
651
2249
25609
61403
40988
27042
410
54857
53346
8061
62760
1679
37473
35962
6221
45124
30927
19838
40088
35217
48998
604
8168
62867
5147
9853
26995
43885
57918
12633
51536
21795
26250
30957
35412
21214
19452
51885
50123
14164
3075
7530
9128
1400
58956
60050
2078
9642
10988
46531
41659
36788
19482
5536
59731
58220
62675
39152
24702
10505
42938
40924
17148
52691
19337
4636
40431
19764
58415
25313
39094
43549
38426
33303
9276
35240
33226
62551
20123
12143
10128
54997
37439
54078
5432
31396
57865
8967
50727
4938
27794
16453
58214
40152
13267
8144
34361
29238
55202
59657
20338
30758
63192
58069
46477
60006
36231
33713
22372
29684
12126
57247
55232
40783
48095
2558
16087
42304
59194
41636
39621
37607
13579
14422
34169
35264
23923
43670
28969
58546
62749
35613
36455
5959
53685
20583
46547
50499
48484
37144
56891
20428
11944
31943
4807
36737
22036
57075
36157
65230
34985
48263
23983
3065
13234
23403
39789
218
57018
20304
24255
46859
63246
29892
27626
31326
57290
54772
55615
46879
13274
42347
65203
3367
32188
54541
11860
15560
63034
22959
51781
30862
6835
35656
17846
12220
44150
48101
23822
5760
40799
976
20472
11736
8715
37284
9896
4270
60818
58301
58891
28395
50747
23359
64364
8745
62437
47735
7660
39339
21277
12290
446
47920
48259
39272
39611
64820
37180
53567
60375
7865
61053
24087
58874
6364
28717
1329
48803
52502
34189
3692
35371
57723
64280
58149
33618
12196
50092
63118
4390
42286
24225
5911
9107
25494
53812
48185
36089
14667
42481
27276
34085
40390
50055
31993
57202
4441
63846
45029
11172
39490
36720
24876
12780
6901
51015
51354
1701
61107
32963
51955
21206
62211
34320
43985
34998
50881
4085
7533
1906
30476
2584
49555
64934
46117
64857
55870
65283
6052
18574
62688
9423
47067
3128
34555
37499
56491
3729
22720
13481
29113
35417
16600
6858
47359
40977
21908
65266
65102
27128
61160
45200
3866
13028
62604
18917
31187
52784
27749
58673
36243
14065
10540
38607
44660
19625
44079
62567
2832
11490
55100
20488
13602
16295
334
56380
58820
21350
20934
60932
57659
4141
6582
59015
20790
23482
7270
3997
25342
62231
14931
55433
64595
51491
22844
25285
46630
52431
14206
51347
25809
31610
30690
24056
54476
707
39
36676
13995
4000
53324
65091
39553
54681
41577
22005
39989
54865
4205
62352
54963
28921
274
11285
41453
12554
45579
1388
22230
43323
48621
44340
27625
11413
47798
36797
35877
3366
45968
29505
37911
2291
41534
50192
24150
32808
45
61301
22572
58957
32160
52750
20490
7136
55956
55036
28994
65128
17325
16405
18342
48006
24821
61207
60035
21054
41392
36357
60055
52414
4107
33771
63688
43360
16814
21608
29259
3217
63969
8942
54150
24495
38868
65423
54422
6115
7296
15199
7558
33862
50839
18076
28836
27161
50608
57755
58937
1304
2234
59373
44508
10989
49728
32509
55452
53021
26224
26902
2962
28762
11543
65070
22729
39707
12406
16193
7796
30740
46710
32348
8407
59581
50681
17163
58507
37172
60115
44746
36098
36776
28127
1078
64436
52427
31344
53531
41523
51779
43131
9109
18862
40797
3667
4345
1914
65020
27889
28315
7
28161
50349
25653
12889
56838
44578
57187
32492
38884
51242
13356
3952
16310
437
62032
8853
58517
61548
57859
23585
48126
662
31672
3364
46558
55555
33213
2048
26589
53736
62733
37534
27879
5285
58056
7735
54038
25982
31870
18854
40035
14080
13248
43503
20657
60238
12523
24629
42197
50942
59436
61712
45336
31816
5358
19314
52678
35798
15557
33126
44476
33562
19287
45930
22580
33679
19656
40082
3542
55558
10447
61960
47937
33411
3844
54853
59735
51425
21858
1366
39437
34236
25927
65005
22500
32843
23779
49666
53289
17000
51962
15171
12827
13845
64602
56041
59412
6573
41031
41293
25759
48286
57622
64354
58146
29925
33548
11545
49112
29966
14180
20156
63689
3373
9097
46413
18444
8624
1913
64350
44952
56390
43461
8268
47685
6274
64343
19320
15969
39339
35233
24909
27021
43921
63678
43525
48242
8932
1214
43236
19722
39731
15462
35471
39684
44149
26349
54929
59142
59743
63201
51367
60791
8291
45442
18315
5474
14898
64484
48785
39556
55701
62016
46318
46667
45505
54425
38727
12695
5568
42215
6857
2586
32513
8834
7169
24912
4342
55778
7481
5816
3899
39287
21323
19154
686
8347
55667
9975
23350
30256
39767
21299
21735
40573
15132
24391
55915
55344
29400
347
33972
29789
37789
4368
18838
26586
41056
38722
39246
25989
33485
40730
60410
20771
2642
9132
2683
3206
8940
12321
34103
35973
25659
40216
4781
53282
54397
27532
6634
23292
24658
3760
60329
21872
46849
7298
48071
7009
59210
35794
62621
39457
25366
48078
52137
65270
25302
56333
53922
3118
55154
52240
10762
32215
49048
29079
36586
46949
16395
32473
45693
29928
23489
10077
37330
16694
61089
43813
31999
2879
24757
18406
14659
59394
58252
53246
64036
29037
5970
60874
2854
29024
14527
39186
22675
2552
51577
46998
32085
53974
10327
31209
48730
3320
33867
48619
9766
26367
22301
47726
2490
275
47547
39201
34971
29986
27605
3551
28985
41228
22220
47741
63181
49131
11305
28934
24636
60501
45871
47374
18633
30054
63072
6779
44000
23752
23756
51321
17303
20928
19431
15164
11487
10252
32124
49880
49662
18946
27890
50702
50581
15343
23968
2599
22574
24739
13801
9671
758
36965
13186
42846
2351
9583
25133
35812
41532
36328
15164
5002
14160
52808
22133
16996
12527
13598
53146
13114
55334
2770
36235
60537
7614
7366
58194
16843
11025
7637
54823
53943
61460
47631
19683
55836
61319
59237
38416
20364
48101
30466
14845
40897
5528
14690
65021
12763
20327
22177
21421
55114
48393
26128
35203
25625
31590
59569
6468
31339
40665
43774
56209
59317
59317
62426
65535
65535
65535
65535
65535
65535
65535
65535
65535
65535
65535
65535
65535
65535
65535
65535
65535
65535
65535
65535
65535
65535
65535
65535
65535
65535
65535
65535
65535
65535
65535
65535
65535
65535
65535
65535
65535
65535
65535
65535
65535
65535
65535
65535
65535
65535
65535
65535
65535
65535
65535
65535
65535
65535
65535
65535
65535
65535
65535
65535
65535
65535
65535
65535
65535
65535
65535
65535
65535
65535
65535
65535
65535
65535
65535
65535
65535
65535
65535
65535
65535
65535
65535
65535
65535
65535
65535
65535
65535
65535
65535
65535
65535
65535
65535
65535
65535
65535
65535
65535
65535
65535
65535
65535
65535
65535
65535
65535
65535
65535
65535
65535
65535
65535
65535
65535
65535
65535
65535
65535
65535
65535
65535
65535
65535
65535
65535
65535
65535
65535
65535
65535
65535
65535
65535
65535
65535
65535
65535
65535
65535
65535
65535
65535
65535
65535
65535
65535
65535
65535
65535
65535
65535
65535
65535
65535
65535
65535
65535
65535
65535
65535
65535
65535
65535
65535
65535
65535
65535
65535
65535
65535
65535
65535
65535
65535
65535
65535
65535
65535
65535
65535
65535
65535
65535
65535
65535
65535
65535
65535
65535
65535
65535
65535
65535
65535
65535
65535
65535
65535
65535
65535
65535
65535
65535
65535
65535
65535
65535
65535
65535
65535
65535
65535
65535
65535
65535
65535
65535
65535
65535
65535
65535
65535
65535
65535
65535
65535
65535
65535
65535
65535
65535
65535
65535
65535
65535
65535
65535
65535
65535
65535
65535
65535
65535
65535
65535
65535
65535
65535
65535
65535
65535
65535
65535
65535
65535
65535
65535
65535
65535
65535
65535
65535
65535
65535
65535
65535
65535
65535
65535
65535
65535
65535
65535
65535
65535
65535
65535
65535
65535
65535
65535
65535
65535
65535
65535
65535
65535
65535
65535
65535
65535
65535
65535
65535
65535
65535
65535
65535
65535
65535
65535
65535
65535
65535
65535
65535
65535
65535
65535
65535
65535
65535
65535
65535
65535
65535
65535
65535
65535
65535
65535
65535
65535
65535
65535
65535
65535
65535
65535
65535
65535
65535
65535
65535
65535
65535
65535
65535
65535
65535
65535
65535
65535
65535
65535
65535
65535
65535
65535
65535
65535
65535
65535
65535
65535
65535
65535
65535
65535
65535
65535
65535
65535
65535
65535
65535
65535
65535
65535
65535
65535
65535
65535
65535
65535
65535
65535
65535
65535
65535
65535
65535
65535
65535
65535
65535
65535
65535
65535
65535
65535
65535
65535
65535
65535
65535
65535
65535
65535
65535
65535
65535
65535
65535
65535
65535
65535
65535
65535
65535
65535
65535
65535
65535
65535
65535
65535
65535
65535
65535
65535
65535
65535
65535
65535
65535
65535
65535
65535
65535
65535
65535
65535
65535
65535
65535
65535
65535
65535
65535
65535
65535
65535
65535
65535
65535
65535
65535
65535
65535
65535
65535
65535
65535
65535
65535
65535
65535
65535
65535
65535
65535
65535
65535
65535
65535
65535
65535
65535
65535
65535
65535
65535
65535
65535
65535
65535
65535
65535
65535
65535
65535
65535
65535
65535
65535
65535
65535
65535
65535
65535
65535
65535
65535
65535
65535
65535
65535
65535
65535
65535
65535
65535
65535
65535
65535
65535
65535
65535
65535
65535
65535
65535
65535
65535
65535
65535
65535
65535
65535
65535
65535
65535
65535
65535
65535
65535
65535
65535
65535
65535
65535
65535
65535
65535
65535
65535
65535
65535
65535
65535
65535
65535
65535
65535
65535
65535
65535
65535
65535
65535
65535
65535
65535
65535
65535
65535
65535
65535
65535
65535
65535
65535
65535
65535
65535
65535
65535
65535
65535
65535
65535
65535
65535
65535
65535
65535
65535
65535
65535
65535
65535
65535
65535
65535
65535
65535
65535
65535
65535
65535
65535
65535
65535
65535
65535
65535
65535
65535
65535
65535
65535
65535
65535
65535
65535
65535
65535
65535
65535
65535
65535
65535
65535
65535
65535
65535
65535
65535
65535
65535
65535
65535
65535
65535
65535
65535
65535
65535
65535
65535
65535
65535
65535
65535
65535
65535
65535
65535
65535
65535
65535
65535
65535
65535
65535
65535
65535
65535
65535
65535
65535
65535
65535
65535
65535
65535
65535
65535
65535
65535
65535
65535
65535
65535
65535
65535
65535
65535
65535
65535
65535
65535
65535
65535
65535
65535
65535
65535
65535
65535
65535
65535
65535
65535
65535
65535
65535
65535
65535
65535
65535
65535
65535
65535
65535
65535
65535
65535
65535
65535
65535
65535
65535
65535
65535
65535
65535
65535
65535
65535
65535
65535
65535
65535
65535
65535
65535
65535
65535
65535
65535
65535
65535
65535
65535
65535
65535
65535
65535
65535
65535
65535
65535
65535
65535
65535
65535
65535
65535
65535
65535
65535
65535
65535
65535
65535
65535
65535
65535
65535
65535
65535
65535
65535
65535
65535
65535
65535
65535
65535
65535
65535
65535
65535
65535
65535
65535
65535
65535
65535
65535
65535
65535
65535
65535
65535
65535
65535
65535
65535
65535
65535
65535
65535
65535
65535
65535
65535
65535
65535
65535
65535
65535
65535
65535
65535
65535
65535
65535
65535
65535
65535
65535
65535
65535
65535
65535
65535
65535
65535
65535
65535
65535
65535
65535
65535
65535
65535
65535
65535
65535
65535
65535
65535
65535
65535
65535
65535
65535
65535
65535
65535
65535
65535
65535
65535
65535
65535
65535
65535
65535
65535
65535
65535
65535
65535
65535
65535
65535
65535
65535
65535
65535
65535
65535
65535
65535
65535
65535
65535
65535
65535
65535
65535
65535
65535
65535
65535
65535
65535
65535
65535
65535
65535
65535
65535
65535
65535
65535
65535
65535
65535
65535
65535
65535
65535
65535
65535
65535
65535
65535
65535
65535
65535
65535
65535
65535
65535
65535
65535
65535
65535
65535
65535
65535
65535
65535
65535
65535
65535
65535
65535
65535
65535
65535
65535
65535
65535
65535
65535
65535
65535
65535
65535
65535
65535
65535
65535
65535
65535
65535
65535
65535
65535
65535
65535
65535
65535
65535
65535
65535
65535
65535
65535
65535
65535
65535
65535
65535
65535
65535
65535
65535
65535
65535
65535
65535
65535
65535
65535
65535
65535
65535
65535
65535
65535
65535
65535
65535
65535
65535
65535
65535
65535
65535
65535
65535
65535
65535
65535
65535
65535
65535
65535
65535
65535
65535
65535
65535
65535
65535
65535
65535
65535
65535
65535
65535
65535
65535
65535
65535
65535
65535
65535
65535
65535
65535
65535
65535
65535
65535
65535
65535
65535
65535
65535
65535
65535
65535
65535
65535
65535
65535
65535
65535
65535
65535
65535
65535
65535
65535
65535
65535
65535
65535
65535
65535
65535
65535
65535
65535
65535
65535
65535
65535
65535
65535
65535
65535
65535
65535
65535
65535
65535
65535
65535
65535
65535
65535
65535
65535
65535
65535
65535
65535
65535
65535
65535
65535
65535
65535
65535
65535
65535
65535
65535
65535
65535
65535
65535
65535
65535
65535
65535
65535
65535
65535
65535
65535
65535
65535
65535
65535
65535
65535
65535
65535
65535
65535
65535
65535
65535
65535
65535
65535
65535
65535
65535
65535
65535
65535
65535
65535
65535
65535
65535
65535
65535
65535
65535
65535
65535
65535
65535
65535
65535
65535
65535
65535
65535
65535
65535
65535
65535
65535
65535
65535
65535
65535
65535
65535
65535
65535
65535
65535
65535
65535
65535
65535
65535
65535
65535
65535
65535
65535
65535
65535
65535
65535
65535
65535
65535
65535
65535
65535
65535
65535
65535
65535
65535
65535
65535
65535
65535
65535
65535
65535
65535
65535
65535
65535
65535
65535
65535
65535
65535
65535
65535
65535
65535
65535
65535
65535
65535
65535
65535
65535
65535
65535
65535
65535
65535
65535
65535
65535
65535
65535
65535
65535
65535
65535
65535
65535
65535
65535
65535
65535
65535
65535
65535
65535
65535
65535
65535
65535
65535
65535
65535
65535
65535
65535
65535
65535
65535
65535
65535
65535
65535
65535
65535
65535
65535
65535
65535
65535
65535
65535
65535
65535
65535
65535
65535
65535
65535
65535
65535
65535
65535
65535
65535
65535
65535
65535
65535
65535
65535
65535
65535
65535
65535
65535
65535
65535
65535
65535
65535
65535
65535
65535
65535
65535
65535
65535
65535
65535
65535
65535
65535
65535
65535
65535
65535
65535
65535
65535
65535
65535
65535
65535
65535
65535
65535
65535
65535
65535
65535
65535
65535
65535
65535
65535
65535
65535
65535
65535
65535
65535
65535
65535
65535
65535
65535
65535
65535
65535
65535
65535
65535
65535
65535
65535
65535
65535
65535
65535
65535
65535
65535
65535
65535
65535
65535
65535
65535
65535
65535
65535
65535
65535
65535
65535
65535
65535
65535
65535
65535
65535
65535
65535
65535
65535
65535
65535
65535
65535
65535
65535
65535
65535
65535
65535
65535
65535
65535
65535
65535
65535
65535
65535
65535
65535
65535
65535
65535
65535
65535
65535
65535
65535
65535
65535
65535
65535
65535
65535
65535
65535
65535
65535
65535
65535
65535
65535
65535
65535
65535
65535
65535
65535
65535
65535
65535
65535
65535
65535
65535
65535
65535
65535
65535
65535
65535
65535
65535
65535
65535
65535
65535
65535
65535
65535
65535
65535
65535
65535
65535
65535
65535
65535
65535
65535
65535
65535
65535
65535
65535
65535
65535
65535
65535
65535
65535
65535
65535
65535
65535
65535
65535
65535
65535
65535
65535
65535
65535
65535
65535
65535
65535
65535
65535
65535
65535
65535
65535
65535
65535
65535
65535
65535
65535
65535
65535
65535
65535
65535
65535
65535
65535
65535
65535
65535
65535
65535
65535
65535
65535
65535
65535
65535
65535
65535
65535
65535
65535
65535
65535
65535
65535
65535
65535
65535
65535
65535
65535
65535
65535
65535
65535
65535
65535
65535
65535
65535
65535
65535
65535
65535
65535
65535
65535
65535
65535
65535
65535
65535
65535
65535
65535
65535
65535
65535
65535
65535
65535
65535
65535
65535
65535
65535
65535
65535
65535
65535
65535
65535
65535
65535
65535
65535
65535
65535
65535
65535
65535
65535
65535
65535
65535
65535
65535
65535
65535
65535
65535
65535
65535
65535
65535
65535
65535
65535
65535
65535
65535
65535
65535
65535
65535
65535
65535
65535
65535
65535
65535
65535
65535
65535
65535
65535
65535
65535
65535
65535
65535
65535
65535
65535
65535
65535
65535
65535
65535
65535
65535
65535
65535
65535
65535
65535
65535
65535
65535
65535
65535
65535
65535
65535
65535
65535
65535
65535
65535
65535
65535
65535
65535
65535
65535
65535
65535
65535
65535
65535
65535
65535
65535
65535
65535
65535
65535
65535
65535
65535
65535
65535
65535
65535
65535
65535
65535
65535
65535
65535
65535
65535
65535
65535
65535
65535
65535
65535
65535
65535
65535
65535
65535
65535
65535
65535
65535
65535
65535
65535
65535
65535
65535
65535
65535
65535
65535
65535
65535
65535
65535
65535
65535
65535
65535
65535
65535
65535
65535
65535
65535
65535
65535
65535
65535
65535
65535
65535
65535
65535
65535
65535
65535
65535
65535
65535
65535
65535
65535
65535
65535
65535
65535
65535
65535
65535
65535
65535
65535
65535
65535
65535
65535
65535
65535
65535
65535
65535
65535
65535
65535
65535
65535
65535
65535
65535
65535
65535
65535
65535
65535
65535
65535
65535
65535
65535
65535
65535
65535
65535
65535
65535
65535
65535
65535
65535
65535
65535
65535
65535
65535
65535
65535
65535
65535
65535
65535
65535
65535
65535
65535
65535
65535
65535
65535
65535
65535
65535
65535
65535
65535
65535
65535
65535
65535
65535
65535
65535
65535
65535
65535
65535
65535
65535
65535
65535
65535
65535
65535
65535
65535
65535
65535
65535
65535
65535
65535
65535
65535
65535
65535
65535
65535
65535
65535
65535
65535
65535
65535
65535
65535
65535
65535
65535
65535
65535
65535
65535
65535
65535
65535
65535
65535
65535
65535
65535
65535
65535
65535
65535
65535
65535
65535
65535
65535
65535
65535
65535
65535
65535
65535
65535
65535
65535
65535
65535
65535
65535
65535
65535
65535
65535
65535
65535
65535
65535
65535
65535
65535
65535
65535
65535
65535
65535
65535
65535
65535
65535
65535
65535
65535
65535
65535
65535
65535
65535
65535
65535
65535
65535
65535
65535
65535
65535
65535
65535
65535
65535
65535
65535
65535
65535
65535
65535
65535
65535
65535
65535
65535
65535
65535
65535
65535
65535
65535
65535
65535
65535
65535
65535
65535
65535
65535
65535
65535
65535
65535
65535
65535
65535
65535
65535
65535
65535
65535
65535
65535
65535
65535
65535
65535
65535
65535
65535
65535
65535
65535
65535
65535
65535
65535
65535
65535
65535
65535
65535
65535
65535
65535
65535
65535
65535
65535
65535
65535
65535
65535
65535
65535
65535
65535
65535
65535
65535
65535
65535
65535
65535
65535
65535
65535
65535
65535
65535
65535
65535
65535
65535
65535
65535
65535
65535
65535
65535
65535
65535
65535
65535
65535
65535
65535
65535
65535
65535
65535
65535
65535
65535
65535
65535
65535
65535
65535
65535
65535
65535
65535
65535
65535
65535
65535
65535
65535
65535
65535
65535
65535
65535
65535
65535
65535
65535
65535
65535
65535
65535
65535
65535
65535
65535
65535
65535
65535
65535
65535
65535
65535
65535
65535
65535
65535
65535
65535
65535
65535
65535
65535
65535
65535
65535
65535
65535
65535
65535
65535
65535
65535
65535
65535
65535
65535
65535
65535
65535
65535
65535
65535
65535
65535
65535
65535
65535
65535
65535
65535
65535
65535
65535
65535
65535
65535
65535
65535
65535
65535
65535
65535
65535
65535
65535
65535
65535
65535
65535
65535
65535
65535
65535
65535
65535
65535
65535
65535
65535
65535
65535
65535
65535
65535
65535
65535
65535
65535
65535
65535
65535
65535
65535
65535
65535
65535
65535
65535
65535
65535
65535
65535
65535
65535
65535
65535
65535
65535
65535
65535
65535
65535
65535
65535
65535
65535
65535
65535
65535
65535
65535
65535
65535
65535
65535
65535
65535
65535
65535
65535
65535
65535
65535
65535
65535
65535
65535
65535
65535
65535
65535
65535
65535
65535
65535
65535
65535
65535
65535
65535
65535
65535
65535
65535
65535
65535
65535
65535
65535
65535
65535
65535
65535
65535
65535
65535
65535
65535
65535
65535
65535
65535
65535
65535
65535
65535
65535
65535
65535
65535
65535
65535
65535
65535
65535
65535
65535
65535
65535
65535
65535
65535
65535
65535
65535
65535
65535
65535
65535
65535
65535
65535
65535
65535
65535
65535
65535
65535
65535
65535
65535
65535
65535
65535
65535
65535
65535
65535
65535
65535
65535
65535
65535
65535
65535
65535
65535
65535
65535
65535
65535
65535
65535
65535
65535
65535
65535
65535
65535
65535
65535
65535
65535
65535
65535
65535
65535
65535
65535
65535
65535
65535
65535
65535
65535
65535
65535
65535
65535
65535
65535
65535
65535
65535
65535
65535
65535
65535
65535
65535
65535
65535
65535
65535
65535
65535
65535
65535
65535
65535
65535
65535
65535
65535
65535
65535
65535
65535
65535
65535
65535
65535
65535
65535
65535
65535
65535
65535
65535
65535
65535
65535
65535
65535
65535
65535
65535
65535
65535
65535
65535
65535
65535
65535
65535
65535
65535
65535
65535
65535
65535
65535
65535
65535
65535
65535
65535
65535
65535
65535
65535
65535
65535
65535
65535
65535
65535
65535
65535
65535
65535
65535
65535
65535
65535
65535
65535
65535
65535
65535
65535
65535
65535
65535
65535
65535
65535
65535
65535
65535
65535
65535
65535
65535
65535
65535
65535
65535
65535
65535
65535
65535
65535
65535
65535
65535
65535
65535
65535
65535
65535
65535
65535
65535
65535
65535
65535
65535
65535
65535
65535
65535
65535
65535
65535
65535
65535
65535
65535
65535
65535
65535
65535
65535
65535
65535
65535
65535
65535
65535
65535
65535
65535
65535
65535
65535
65535
65535
65535
65535
65535
65535
65535
65535
65535
65535
65535
65535
65535
65535
65535
65535
65535
65535
65535
65535
65535
65535
65535
65535
65535
65535
65535
65535
65535
65535
65535
65535
65535
65535
65535
65535
65535
65535
65535
65535
65535
65535
65535
65535
65535
65535
65535
65535
65535
65535
65535
65535
65535
65535
65535
65535
65535
65535
65535
65535
65535
65535
65535
65535
65535
65535
65535
65535
65535
65535
65535
65535
65535
65535
65535
65535
65535
65535
65535
65535
65535
65535
65535
65535
65535
65535
65535
65535
65535
65535
65535
65535
65535
65535
65535
65535
65535
65535
65535
65535
65535
65535
65535
65535
65535
65535
65535
65535
65535
65535
65535
65535
65535
65535
65535
65535
65535
65535
65535
65535
65535
65535
65535
65535
65535
65535
65535
65535
65535
65535
65535
65535
65535
65535
65535
65535
65535
65535
65535
65535
65535
65535
65535
65535
65535
65535
65535
65535
65535
65535
65535
65535
65535
65535
65535
65535
65535
65535
65535
65535
65535
65535
65535
65535
65535
65535
65535
65535
65535
65535
65535
65535
65535
65535
65535
65535
65535
65535
65535
65535
65535
65535
65535
65535
65535
65535
65535
65535
65535
65535
65535
65535
65535
65535
65535
65535
65535
65535
65535
65535
65535
65535
65535
65535
65535
65535
65535
65535
65535
65535
65535
65535
65535
65535
65535
65535
65535
65535
65535
65535
65535
65535
65535
65535
65535
65535
65535
65535
65535
65535
65535
65535
65535
65535
65535
65535
65535
65535
65535
65535
65535
65535
65535
65535
65535
65535
65535
65535
65535
65535
65535
65535
65535
65535
65535
65535
65535
65535
65535
65535
65535
65535
65535
65535
65535
65535
65535
65535
65535
65535
65535
65535
65535
65535
65535
65535
65535
65535
65535
65535
65535
65535
65535
65535
65535
65535
65535
65535
65535
65535
65535
65535
65535
65535
65535
65535
65535
65535
65535
65535
65535
65535
65535
65535
65535
65535
65535
65535
65535
65535
65535
65535
65535
65535
65535
65535
65535
65535
65535
65535
65535
65535
65535
65535
65535
65535
65535
65535
65535
65535
65535
65535
65535
65535
65535
65535
65535
65535
65535
65535
65535
65535
65535
65535
65535
65535
65535
65535
65535
65535
65535
65535
65535
65535
65535
65535
65535
65535
65535
65535
65535
65535
65535
65535
65535
65535
65535
65535
65535
65535
65535
65535
65535
65535
65535
65535
65535
65535
65535
65535
65535
65535
65535
65535
65535
65535
65535
65535
65535
65535
65535
65535
65535
65535
65535
65535
65535
65535
65535
65535
65535
65535
65535
65535
65535
65535
65535
65535
65535
65535
65535
65535
65535
65535
65535
65535
65535
65535
65535
65535
65535
65535
65535
65535
65535
65535
65535
65535
65535
65535
65535
65535
65535
65535
65535
65535
65535
65535
65535
65535
65535
65535
65535
65535
65535
65535
65535
65535
65535
65535
65535
65535
65535
65535
65535
65535
65535
65535
65535
65535
65535
65535
65535
65535
65535
65535
65535
65535
65535
65535
65535
65535
65535
65535
65535
65535
65535
65535
65535
65535
65535
65535
65535
65535
65535
65535
65535
65535
65535
65535
65535
65535
65535
65535
65535
65535
65535
65535
65535
65535
65535
65535
65535
65535
65535
65535
65535
65535
65535
65535
65535
65535
65535
65535
65535
65535
65535
65535
65535
65535
65535
65535
65535
65535
65535
65535
65535
65535
65535
65535
65535
65535
65535
65535
65535
65535
65535
65535
65535
65535
65535
65535
65535
65535
65535
65535
65535
65535
65535
65535
65535
65535
65535
65535
65535
65535
65535
65535
65535
65535
65535
65535
65535
65535
65535
65535
65535
65535
65535
65535
65535
65535
65535
65535
65535
65535
65535
65535
65535
65535
65535
65535
65535
65535
65535
65535
65535
65535
65535
65535
65535
65535
65535
65535
65535
65535
65535
65535
65535
65535
65535
65535
65535
65535
65535
65535
65535
65535
65535
65535
65535
65535
65535
65535
65535
65535
65535
65535
65535
65535
65535
65535
65535
65535
65535
65535
65535
65535
65535
65535
65535
65535
65535
65535
65535
65535
65535
65535
65535
65535
65535
65535
65535
65535
65535
65535
65535
65535
65535
65535
65535
65535
65535
65535
65535
65535
65535
65535
65535
65535
65535
65535
65535
65535
65535
65535
65535
65535
65535
65535
65535
65535
65535
65535
65535
65535
65535
65535
65535
65535
65535
65535
65535
65535
65535
65535
65535
65535
65535
65535
65535
65535
65535
65535
65535
65535
65535
65535
65535
65535
65535
65535
65535
65535
65535
65535
65535
65535
65535
65535
65535
65535
65535
65535
65535
65535
65535
65535
65535
65535
65535
65535
65535
65535
65535
65535
65535
65535
65535
65535
65535
65535
65535
65535
65535
65535
65535
65535
65535
65535
65535
65535
65535
65535
65535
65535
65535
65535
65535
65535
65535
65535
65535
65535
65535
65535
65535
65535
65535
65535
65535
65535
65535
65535
65535
65535
65535
65535
65535
65535
65535
65535
65535
65535
65535
65535
65535
65535
65535
65535
65535
65535
65535
65535
65535
65535
65535
65535
65535
65535
65535
65535
65535
65535
65535
65535
65535
65535
65535
65535
65535
65535
65535
65535
65535
65535
65535
65535
65535
65535
65535
65535
65535
65535
65535
65535
65535
65535
65535
65535
65535
65535
65535
65535
65535
65535
65535
65535
65535
65535
65535
65535
65535
65535
65535
65535
65535
65535
65535
65535
65535
65535
65535
65535
65535
65535
65535
65535
65535
65535
65535
65535
65535
65535
65535
65535
65535
65535
65535
65535
65535
65535
65535
65535
65535
65535
65535
65535
65535
65535
65535
65535
65535
65535
65535
65535
65535
65535
65535
65535
65535
65535
65535
65535
65535
65535
65535
65535
65535
65535
65535
65535
65535
65535
65535
65535
65535
65535
65535
65535
65535
65535
65535
65535
65535
65535
65535
65535
65535
65535
65535
65535
65535
65535
65535
65535
65535
65535
65535
65535
65535
65535
65535
65535
65535
65535
65535
65535
65535
65535
65535
65535
65535
65535
65535
65535
65535
65535
65535
65535
65535
65535
65535
65535
65535
65535
65535
65535
65535
65535
65535
65535
65535
65535
65535
65535
65535
65535
65535
65535
65535
65535
65535
65535
65535
65535
65535
65535
65535
65535
65535
65535
65535
65535
65535
65535
65535
65535
65535
65535
65535
65535
65535
65535
65535
65535
65535
65535
65535
65535
65535
65535
65535
65535
65535
65535
65535
65535
65535
65535
65535
65535
65535
65535
65535
65535
65535
65535
65535
65535
65535
65535
65535
65535
65535
65535
65535
65535
65535
65535
65535
65535
65535
65535
65535
65535
65535
65535
65535
65535
65535
65535
65535
65535
65535
65535
65535
65535
65535
65535
65535
65535
65535
65535
65535
65535
65535
65535
65535
65535
65535
65535
65535
65535
65535
65535
65535
65535
65535
65535
65535
65535
65535
65535
65535
65535
65535
65535
65535
65535
65535
65535
65535
65535
65535
65535
65535
65535
65535
65535
65535
65535
65535
65535
65535
65535
65535
65535
65535
65535
65535
65535
65535
65535
65535
65535
65535
65535
65535
65535
65535
65535
65535
65535
65535
65535
65535
65535
65535
65535
65535
65535
65535
65535
65535
65535
65535
65535
65535
65535
65535
65535
65535
65535
65535
65535
65535
65535
65535
65535
65535
65535
65535
65535
65535
65535
65535
65535
65535
65535
65535
65535
65535
65535
65535
65535
65535
65535
65535
65535
65535
65535
65535
65535
65535
65535
65535
65535
65535
65535
65535
65535
65535
65535
65535
65535
65535
65535
65535
65535
65535
65535
65535
65535
65535
65535
65535
65535
65535
65535
65535
65535
65535
65535
65535
65535
65535
65535
65535
65535
65535
65535
65535
65535
65535
65535
65535
65535
65535
65535
65535
65535
65535
65535
65535
65535
65535
65535
65535
65535
65535
65535
65535
65535
65535
65535
65535
65535
65535
65535
65535
65535
65535
65535
65535
65535
65535
65535
65535
65535
65535
65535
65535
65535
65535
65535
65535
65535
65535
65535
65535
65535
65535
65535
65535
65535
65535
65535
65535
65535
65535
65535
65535
65535
65535
65535
65535
65535
65535
65535
65535
65535
65535
65535
65535
65535
65535
65535
65535
65535
65535
65535
65535
65535
65535
65535
65535
65535
65535
65535
65535
65535
65535
65535
65535
65535
65535
65535
65535
65535
65535
65535
65535
65535
65535
65535
65535
65535
65535
65535
65535
65535
65535
65535
65535
65535
65535
65535
65535
65535
65535
65535
65535
65535
65535
65535
65535
65535
65535
65535
65535
65535
65535
65535
65535
65535
65535
65535
65535
65535
65535
65535
65535
65535
65535
65535
65535
65535
65535
65535
65535
65535
65535
65535
65535
65535
65535
65535
65535
65535
65535
65535
65535
65535
65535
65535
65535
65535
65535
65535
65535
65535
65535
65535
65535
65535
65535
65535
65535
65535
65535
65535
65535
65535
65535
65535
65535
65535
65535
65535
65535
65535
65535
65535
65535
65535
65535
65535
65535
65535
65535
65535
65535
65535
65535
65535
65535
65535
65535
65535
65535
65535
65535
65535
65535
65535
65535
65535
65535
65535
65535
65535
65535
65535
65535
65535
65535
65535
65535
65535
65535
65535
65535
65535
65535
65535
65535
65535
65535
65535
65535
65535
65535
65535
65535
65535
65535
65535
65535
65535
65535
65535
65535
65535
65535
65535
65535
65535
65535
65535
65535
65535
65535
65535
65535
65535
65535
65535
65535
65535
65535
65535
65535
65535
65535
65535
65535
65535
65535
65535
65535
65535
65535
65535
65535
65535
65535
65535
65535
65535
65535
65535
65535
65535
65535
65535
65535
65535
65535
65535
65535
65535
65535
65535
65535
65535
65535
65535
65535
65535
65535
65535
65535
65535
65535
65535
65535
65535
65535
65535
65535
65535
65535
65535
65535
65535
65535
65535
65535
65535
65535
65535
65535
65535
65535
65535
65535
65535
65535
65535
65535
65535
65535
65535
65535
65535
65535
65535
65535
65535
65535
65535
65535
65535
65535
65535
65535
65535
65535
65535
65535
65535
65535
65535
65535
65535
65535
65535
65535
65535
65535
65535
65535
65535
65535
65535
65535
65535
65535
65535
65535
65535
65535
65535
65535
65535
65535
65535
65535
65535
65535
65535
65535
65535
65535
65535
65535
65535
65535
65535
65535
65535
65535
65535
65535
65535
65535
65535
65535
65535
65535
65535
65535
65535
65535
65535
65535
65535
65535
65535
65535
65535
65535
65535
65535
65535
65535
65535
65535
65535
65535
65535
65535
65535
65535
65535
65535
65535
65535
65535
65535
65535
65535
65535
65535
65535
65535
65535
65535
65535
65535
65535
65535
65535
65535
65535
65535
65535
65535
65535
65535
65535
65535
65535
65535
65535
65535
65535
65535
65535
65535
65535
65535
65535
65535
65535
65535
65535
65535
65535
65535
65535
65535
65535
65535
65535
65535
65535
65535
65535
65535
65535
65535
65535
65535
65535
65535
65535
65535
65535
65535
65535
65535
65535
65535
65535
65535
65535
65535
65535
65535
65535
65535
65535
65535
65535
65535
65535
65535
65535
65535
65535
65535
65535
65535
65535
65535
65535
65535
65535
65535
65535
65535
65535
65535
65535
65535
65535
65535
65535
65535
65535
65535
65535
65535
65535
65535
65535
65535
65535
65535
65535
65535
65535
65535
65535
65535
65535
65535
65535
65535
65535
65535
65535
65535
65535
65535
65535
65535
65535
65535
65535
65535
65535
65535
65535
65535
65535
65535
65535
65535
65535
65535
65535
65535
65535
65535
65535
65535
65535
65535
65535
65535
65535
65535
65535
65535
65535
65535
65535
65535
65535
65535
65535
65535
65535
65535
65535
65535
65535
65535
65535
65535
65535
65535
65535
65535
65535
65535
65535
65535
65535
65535
65535
65535
65535
65535
65535
65535
65535
65535
65535
65535
65535
65535
65535
65535
65535
65535
65535
65535
65535
65535
65535
65535
65535
65535
65535
65535
65535
65535
65535
65535
65535
65535
65535
65535
65535
65535
65535
65535
65535
65535
65535
65535
65535
65535
65535
65535
65535
65535
65535
65535
65535
65535
65535
65535
65535
65535
65535
65535
65535
65535
65535
65535
65535
65535
65535
65535
65535
65535
65535
65535
65535
65535
65535
65535
65535
65535
65535
65535
65535
65535
65535
65535
65535
65535
65535
65535
65535
65535
65535
65535
65535
65535
65535
65535
65535
65535
65535
65535
65535
65535
65535
65535
65535
65535
65535
65535
65535
65535
65535
65535
65535
65535
65535
65535
65535
65535
65535
65535
65535
65535
65535
65535
65535
65535
65535
65535
65535
65535
65535
65535
65535
65535
65535
65535
65535
65535
65535
65535
65535
65535
65535
65535
65535
65535
65535
65535
65535
65535
65535
65535
65535
65535
65535
65535
65535
65535
65535
65535
65535
65535
65535
65535
65535
65535
65535
65535
65535
65535
65535
65535
65535
65535
65535
65535
65535
65535
65535
65535
65535
65535
65535
65535
65535
65535
65535
65535
65535
65535
65535
65535
65535
65535
65535
65535
65535
65535
65535
65535
65535
65535
65535
65535
65535
65535
65535
65535
65535
65535
65535
65535
65535
65535
65535
65535
65535
65535
65535
65535
65535
65535
65535
65535
65535
65535
65535
65535
65535
65535
65535
65535
65535
65535
65535
65535
65535
65535
65535
65535
65535
65535
65535
65535
65535
65535
65535
65535
65535
65535
65535
65535
65535
65535
65535
65535
65535
65535
65535
65535
65535
65535
65535
65535
65535
65535
65535
65535
65535
65535
65535
65535
65535
65535
65535
65535
65535
65535
65535
65535
65535
65535
65535
65535
65535
65535
65535
65535
65535
65535
65535
65535
65535
65535
65535
65535
65535
65535
65535
65535
65535
65535
65535
65535
65535
65535
65535
65535
65535
65535
65535
65535
65535
65535
65535
65535
65535
65535
65535
65535
65535
65535
65535
65535
65535
65535
65535
65535
65535
65535
65535
65535
65535
65535
65535
65535
65535
65535
65535
65535
65535
65535
65535
65535
65535
65535
65535
65535
65535
65535
65535
65535
65535
65535
65535
65535
65535
65535
65535
65535
65535
65535
65535
65535
65535
65535
65535
65535
65535
65535
65535
65535
65535
65535
65535
65535
65535
65535
65535
65535
65535
65535
65535
65535
65535
65535
65535
65535
65535
65535
65535
65535
65535
65535
65535
65535
65535
65535
65535
65535
65535
65535
65535
65535
65535
65535
65535
65535
65535
65535
65535
65535
65535
65535
65535
65535
65535
65535
65535
65535
65535
65535
65535
65535
65535
65535
65535
65535
65535
65535
65535
65535
65535
65535
65535
65535
65535
65535
65535
65535
65535
65535
65535
65535
65535
65535
65535
65535
65535
65535
65535
65535
65535
65535
65535
65535
65535
65535
65535
65535
65535
65535
65535
65535
65535
65535
65535
65535
65535
65535
65535
65535
65535
65535
65535
65535
65535
65535
65535
65535
65535
65535
65535
65535
65535
65535
65535
65535
65535
65535
65535
65535
65535
65535
65535
65535
65535
65535
65535
65535
65535
65535
65535
65535
65535
65535
65535
65535
65535
65535
65535
65535
65535
65535
65535
65535
65535
65535
65535
65535
65535
65535
65535
65535
65535
65535
65535
65535
65535
65535
65535
65535
65535
65535
65535
65535
65535
65535
65535
65535
65535
65535
65535
65535
65535
65535
65535
65535
65535
65535
65535
65535
65535
65535
65535
65535
65535
65535
65535
65535
65535
65535
65535
65535
65535
65535
65535
65535
65535
65535
65535
65535
65535
65535
65535
65535
65535
65535
65535
65535
65535
65535
65535
65535
65535
65535
65535
65535
65535
65535
65535
65535
65535
65535
65535
65535
65535
65535
65535
65535
65535
65535
65535
65535
65535
65535
65535
65535
65535
65535
65535
65535
65535
65535
65535
65535
65535
65535
65535
65535
65535
65535
65535
65535
65535
65535
65535
65535
65535
65535
65535
65535
65535
65535
65535
65535
65535
65535
65535
65535
65535
65535
65535
65535
65535
65535
65535
65535
65535
65535
65535
65535
65535
65535
65535
65535
65535
65535
65535
65535
65535
65535
65535
65535
65535
65535
65535
65535
65535
65535
65535
65535
65535
65535
65535
65535
65535
65535
65535
65535
65535
65535
65535
65535
65535
65535
65535
65535
65535
65535
65535
65535
65535
65535
65535
65535
65535
65535
65535
65535
65535
65535
65535
65535
65535
65535
65535
65535
65535
65535
65535
65535
65535
65535
65535
65535
65535
65535
65535
65535
65535
65535
65535
65535
65535
65535
65535
65535
65535
65535
65535
65535
65535
65535
65535
65535
65535
65535
65535
65535
65535
65535
65535
65535
65535
65535
65535
65535
65535
65535
65535
65535
65535
65535
65535
65535
65535
65535
65535
65535
65535
65535
65535
65535
65535
65535
65535
65535
65535
65535
65535
65535
65535
65535
65535
65535
65535
65535
65535
65535
65535
65535
65535
65535
65535
65535
65535
65535
65535
65535
65535
65535
65535
65535
65535
65535
65535
65535
65535
65535
65535
65535
65535
65535
65535
65535
65535
65535
65535
65535
65535
65535
65535
65535
65535
65535
65535
65535
65535
65535
65535
65535
65535
65535
65535
65535
65535
65535
65535
65535
65535
65535
65535
65535
65535
65535
65535
65535
65535
65535
65535
65535
65535
65535
65535
65535
65535
65535
65535
65535
65535
65535
65535
65535
65535
65535
65535
65535
65535
65535
65535
65535
65535
65535
65535
65535
65535
65535
65535
65535
65535
65535
65535
65535
65535
65535
65535
65535
65535
65535
65535
65535
65535
65535
65535
65535
65535
65535
65535
65535
65535
65535
65535
65535
65535
65535
65535
65535
65535
65535
65535
65535
65535
65535
65535
65535
65535
65535
65535
65535
65535
65535
65535
65535
65535
65535
65535
65535
65535
65535
65535
65535
65535
65535
65535
65535
65535
65535
65535
65535
65535
65535
65535
65535
65535
65535
65535
65535
65535
65535
65535
65535
65535
65535
65535
65535
65535
65535
65535
65535
65535
65535
65535
65535
65535
65535
65535
65535
65535
65535
65535
65535
65535
65535
65535
65535
65535
65535
65535
65535
65535
65535
65535
65535
65535
65535
65535
65535
65535
65535
65535
65535
65535
65535
65535
65535
65535
65535
65535
65535