0
1
1
2
2
3
3
4
5
5
6
6
7
8
8
9
10
11
12
13
14
15
16
17
18
19
20
21
22
24
25
26
28
30
31
33
34
35
37
39
40
41
43
45
47
49
51
53
55
56
58
60
62
64
66
68
70
72
74
76
78
80
82
84
86
87
89
92
94
96
98
100
102
104
107
109
111
113
115
118
121
123
125
128
131
133
135
137
140
143
145
147
150
152
154
157
160
162
164
167
169
172
174
177
180
183
186
188
191
193
196
199
201
204
206
209
212
215
217
221
223
226
229
232
234
236
239
242
245
247
250
253
255
258
261
263
265
267
270
273
275
277
279
282
284
287
290
292
295
298
300
303
305
308
310
313
315
318
320
323
326
328
331
333
335
338
341
343
346
348
351
353
355
358
360
362
364
367
369
372
374
377
380
382
384
387
390
393
395
397
399
402
404
407
409
411
414
416
418
421
425
427
429
431
433
436
438
441
444
446
449
451
453
455
458
460
463
465
467
470
472
475
477
479
482
484
486
489
491
494
496
498
500
503
505
508
510
513
515
518
520
522
524
525
527
529
532
534
535
537
539
542
544
547
549
551
552
555
557
559
562
564
566
568
570
572
575
577
579
581
583
585
586
588
591
593
595
596
598
600
602
605
607
609
611
613
615
617
619
622
623
625
627
629
631
633
635
637
639
641
643
645
647
648
650
652
653
655
657
659
661
663
665
666
669
671
673
676
678
679
682
684
686
688
690
691
693
695
697
699
701
703
706
708
710
711
713
715
717
719
721
722
725
727
729
731
732
734
736
738
740
742
744
746
747
749
751
753
755
756
758
760
762
763
765
767
769
771
773
775
777
779
780
782
784
787
789
790
792
794
796
798
800
802
804
806
808
810
813
815
818
820
822
824
826
828
830
832
834
836
837
839
841
843
845
847
849
851
853
855
856
858
861
862
865
867
869
871
872
874
876
878
879
881
883
885
887
889
891
893
895
897
899
901
903
905
907
909
911
913
915
917
919
921
923
925
927
930
931
933
935
937
939
941
943
946
948
951
953
954
957
959
961
963
964
966
968
970
972
974
976
978
980
981
983
985
987
989
991
994
996
998
1000
1002
1004
1006
1008
1010
1012
1013
1015
1017
1019
1022
1023
1026
1028
1030
1032
1034
1036
1038
1040
1042
1044
1046
1048
1050
1052
1055
1057
1059
1061
1063
1065
1067
1070
1072
1074
1076
1078
1080
1083
1085
1087
1088
1091
1093
1095
1097
1099
1101
1103
1105
1107
1109
1111
1113
1114
1117
1118
1120
1122
1124
1127
1130
1132
1134
1137
1139
1141
1144
1146
1148
1150
1151
1154
1156
1159
1161
1162
1164
1166
1168
1171
1173
1175
1178
1180
1182
1184
1186
1189
1192
1194
1196
1199
1201
1203
1206
1209
1211
1214
1216
1218
1220
1222
1225
1227
1229
1231
1234
1236
1238
1240
1243
1245
1248
1250
1252
1255
1257
1260
1262
1265
1267
1269
1271
1273
1275
1277
1280
1282
1285
1288
1289
1292
1294
1296
1298
1301
1303
1306
1308
1311
1314
1316
1318
1321
1323
1325
1328
1331
1332
1335
1337
1340
1342
1344
1347
1350
1352
1356
1358
1361
1363
1365
1368
1370
1373
1375
1378
1380
1383
1385
1388
1391
1393
1396
1398
1400
1403
1406
1408
1411
1415
1418
1420
1423
1426
1429
1431
1433
1436
1438
1441
1443
1445
1448
1450
1453
1455
1458
1461
1463
1465
1468
1471
1473
1476
1477
1480
1482
1485
1488
1492
1495
1497
1500
1503
1505
1508
1510
1513
1516
1519
1522
1525
1528
1530
1533
1535
1538
1541
1543
1546
1548
1551
1554
1557
1560
1562
1566
1568
1571
1574
1576
1579
1582
1585
1588
1591
1594
1597
1600
1603
1606
1608
1611
1615
1617
1620
1622
1625
1628
1631
1634
1637
1639
1642
1644
1647
1650
1653
1657
1660
1663
1666
1668
1671
1674
1677
1680
1683
1686
1689
1693
1696
1698
1701
1705
1708
1711
1715
1718
1721
1725
1728
1731
1734
1737
1740
1743
1746
1749
1752
1755
1758
1761
1764
1766
1770
1772
1776
1779
1782
1785
1790
1793
1796
1799
1802
1805
1809
1812
1815
1818
1822
1826
1829
1833
1836
1839
1842
1845
1849
1852
1856
1860
1863
1866
1870
1874
1877
1880
1883
1887
1890
1894
1898
1901
1905
1908
1912
1916
1920
1923
1926
1930
1932
1936
1940
1942
1945
1949
1953
1957
1960
1964
1967
1971
1974
1978
1982
1986
1989
1993
1996
2000
2003
2007
2011
2014
2018
2022
2025
2028
2032
2036
2039
2042
2047
2050
2054
2057
2061
2064
2068
2072
2075
2079
2084
2087
2091
2094
2099
2103
2106
2110
2113
2117
2121
2125
2128
2132
2136
2139
2142
2146
2149
2153
2157
2161
2165
2169
2174
2178
2182
2185
2189
2193
2198
2202
2207
2211
2215
2219
2223
2227
2231
2235
2238
2242
2246
2249
2254
2259
2263
2267
2271
2275
2278
2282
2287
2291
2295
2299
2303
2308
2311
2316
2319
2323
2327
2331
2335
2340
2343
2347
2351
2355
2359
2364
2368
2372
2376
2380
2385
2388
2392
2396
2400
2404
2409
2412
2416
2420
2424
2428
2433
2437
2442
2446
2451
2455
2460
2464
2469
2473
2479
2483
2487
2490
2494
2498
2502
2506
2510
2514
2519
2523
2527
2531
2536
2540
2545
2549
2554
2558
2562
2567
2572
2576
2581
2586
2590
2594
2598
2603
2607
2612
2617
2621
2626
2631
2635
2640
2644
2648
2652
2657
2662
2667
2672
2677
2681
2685
2690
2695
2699
2704
2709
2714
2718
2723
2729
2734
2739
2743
2748
2752
2756
2761
2766
2770
2775
2779
2784
2789
2793
2798
2802
2807
2812
2816
2821
2825
2830
2835
2840
2844
2850
2854
2859
2863
2869
2874
2879
2883
2889
2893
2897
2902
2907
2912
2918
2923
2928
2932
2937
2941
2945
2950
2954
2959
2964
2968
2974
2979
2983
2987
2992
2997
3002
3006
3012
3017
3022
3027
3032
3037
3042
3047
3052
3056
3062
3068
3073
3078
3082
3086
3091
3097
3101
3106
3111
3116
3121
3126
3132
3137
3142
3147
3152
3158
3163
3168
3174
3179
3184
3189
3194
3199
3205
3210
3214
3219
3224
3229
3234
3239
3244
3249
3254
3259
3263
3268
3273
3279
3283
3289
3294
3299
3305
3311
3317
3323
3327
3333
3338
3343
3347
3353
3359
3364
3370
3375
3381
3387
3393
3398
3403
3408
3414
3419
3424
3429
3434
3440
3445
3450
3456
3462
3466
3471
3475
3480
3484
3489
3495
3500
3505
3510
3516
3521
3526
3532
3536
3542
3547
3553
3558
3563
3569
3575
3581
3587
3592
3598
3603
3608
3614
3619
3624
3629
3634
3639
3644
3649
3654
3658
3664
3670
3675
3681
3686
3691
3698
3703
3709
3715
3720
3726
3731
3737
3742
3747
3753
3758
3764
3769
3774
3779
3785
3790
3796
3802
3807
3812
3817
3823
3829
3835
3841
3846
3852
3858
3864
3870
3875
3881
3887
3891
3897
3903
3909
3914
3918
3924
3929
3935
3940
3946
3952
3958
3964
3970
3976
3981
3988
3994
3999
4005
4011
4017
4022
4027
4032
4039
4044
4050
4056
4062
4067
4073
4079
4085
4090
4097
4103
4109
4114
4121
4126
4131
4137
4143
4148
4153
4159
4164
4171
4176
4182
4188
4193
4200
4207
4212
4218
4223
4229
4234
4240
4246
4252
4256
4262
4267
4273
4279
4285
4291
4297
4303
4308
4314
4320
4326
4332
4339
4345
4351
4357
4363
4369
4375
4381
4387
4393
4400
4406
4412
4418
4424
4430
4436
4442
4449
4455
4460
4465
4472
4479
4485
4490
4496
4502
4509
4514
4520
4526
4533
4538
4545
4550
4556
4562
4568
4574
4580
4585
4591
4596
4602
4608
4614
4621
4627
4633
4639
4644
4651
4657
4663
4670
4676
4682
4688
4694
4701
4706
4712
4717
4724
4730
4736
4742
4748
4754
4761
4767
4773
4779
4785
4790
4796
4803
4808
4815
4821
4828
4834
4840
4846
4853
4858
4865
4871
4878
4883
4889
4895
4901
4906
4912
4917
4923
4928
4935
4941
4946
4953
4958
4964
4970
4977
4983
4990
4997
5002
5008
5015
5021
5026
5032
5037
5043
5049
5055
5061
5067
5073
5080
5086
5092
5098
5104
5110
5116
5122
5129
5134
5140
5147
5152
5159
5166
5172
5178
5184
5190
5196
5202
5208
5213
5219
5225
5231
5236
5241
5247
5255
5261
5268
5273
5280
5287
5292
5297
5304
5310
5316
5322
5328
5336
5342
5348
5354
5359
5364
5370
5376
5382
5388
5394
5400
5407
5412
5419
5425
5431
5437
5444
5451
5456
5461
5467
5473
5480
5486
5492
5498
5503
5509
5516
5522
5528
5535
5541
5546
5551
5557
5562
5568
5574
5581
5586
5592
5598
5605
5611
5617
5622
5628
5633
5639
5646
5652
5658
5664
5670
5676
5682
5687
5693
5699
5705
5711
5717
5724
5730
5736
5742
5749
5754
5760
5765
5772
5777
5783
5789
5796
5802
5808
5814
5820
5825
5831
5837
5843
5848
5854
5860
5866
5871
5877
5883
5890
5896
5902
5907
5913
5919
5925
5932
5937
5943
5949
5955
5961
5967
5974
5979
5985
5991
5996
6003
6008
6013
6019
6025
6030
6035
6041
6046
6052
6058
6064
6070
6076
6081
6087
6092
6098
6102
6109
6114
6120
6126
6130
6136
6142
6148
6153
6158
6164
6169
6174
6179
6185
6191
6197
6202
6207
6213
6217
6223
6228
6234
6240
6245
6251
6255
6260
6266
6271
6276
6281
6287
6291
6297
6301
6306
6312
6317
6322
6327
6332
6337
6343
6349
6354
6359
6364
6368
6373
6379
6384
6389
6394
6398
6404
6409
6413
6418
6423
6427
6432
6437
6441
6445
6451
6455
6459
6463
6469
6474
6479
6484
6488
6493
6498
6503
6507
6512
6516
6521
6526
6531
6535
6540
6544
6549
6553
6557
6562
6566
6571
6576
6580
6585
6590
6595
6599
6604
6610
6614
6619
6624
6628
6633
6637
6641
6645
6650
6654
6658
6663
6667
6672
6677
6681
6684
6689
6694
6699
6703
6707
6712
6717
6721
6726
6730
6734
6739
6744
6748
6753
6757
6762
6765
6771
6775
6779
6784
6789
6793
6798
6803
6807
6812
6817
6821
6826
6830
6835
6840
6844
6848
6852
6857
6861
6865
6869
6873
6877
6883
6887
6891
6896
6902
6906
6910
6915
6919
6924
6929
6933
6937
6942
6947
6951
6956
6961
6967
6971
6975
6979
6984
6987
6992
6997
7002
7006
7011
7017
7022
7027
7031
7035
7040
7045
7050
7054
7060
7065
7070
7074
7079
7083
7088
7092
7097
7102
7106
7111
7116
7120
7125
7129
7134
7139
7145
7149
7154
7159
7164
7168
7173
7178
7183
7188
7193
7199
7205
7209
7214
7219
7224
7229
7234
7239
7244
7249
7253
7258
7263
7269
7273
7278
7283
7288
7293
7298
7303
7307
7312
7317
7323
7328
7333
7340
7345
7350
7355
7360
7365
7371
7376
7382
7386
7392
7397
7402
7407
7413
7419
7424
7431
7436
7442
7447
7452
7458
7464
7470
7475
7480
7486
7490
7497
7502
7507
7513
7519
7525
7531
7536
7541
7548
7553
7558
7564
7569
7574
7579
7585
7591
7597
7602
7607
7614
7620
7625
7631
7637
7644
7649
7655
7662
7668
7673
7680
7684
7691
7697
7704
7710
7716
7722
7728
7735
7741
7747
7753
7759
7765
7771
7777
7783
7789
7795
7801
7809
7815
7821
7827
7834
7840
7847
7853
7860
7865
7872
7878
7885
7890
7896
7901
7908
7914
7921
7926
7934
7940
7947
7954
7961
7967
7973
7979
7986
7992
7999
8005
8011
8018
8023
8031
8037
8043
8050
8056
8063
8070
8076
8083
8090
8097
8104
8109
8116
8122
8128
8135
8141
8148
8154
8161
8168
8174
8181
8188
8195
8202
8209
8216
8223
8230
8236
8242
8248
8256
8264
8271
8278
8285
8292
8299
8306
8312
8319
8325
8332
8339
8347
8354
8361
8369
8377
8384
8393
8402
8408
8416
8423
8431
8438
8445
8453
8461
8470
8478
8486
8493
8501
8508
8516
8523
8531
8539
8547
8555
8561
8570
8577
8586
8594
8602
8609
8619
8627
8635
8642
8650
8658
8665
8673
8681
8688
8696
8705
8713
8721
8731
8739
8747
8755
8761
8769
8777
8785
8793
8801
8808
8815
8823
8831
8839
8848
8857
8865
8873
8881
8889
8898
8904
8912
8921
8930
8940
8948
8956
8964
8973
8981
8989
8997
9006
9015
9022
9031
9040
9049
9058
9067
9075
9084
9093
9103
9112
9121
9130
9139
9148
9157
9167
9176
9185
9194
9203
9212
9222
9230
9240
9249
9259
9269
9277
9285
9296
9305
9315
9324
9334
9343
9354
9363
9372
9381
9390
9399
9409
9418
9427
9437
9447
9456
9466
9475
9485
9497
9507
9517
9527
9537
9547
9557
9567
9577
9587
9597
9608
9617
9626
9637
9647
9657
9668
9678
9687
9698
9709
9720
9731
9742
9751
9761
9772
9783
9794
9804
9815
9825
9835
9844
9854
9865
9875
9885
9895
9906
9918
9929
9940
9950
9960
9971
9981
9991
10002
10014
10023
10034
10044
10055
10066
10079
10090
10100
10112
10123
10133
10144
10156
10167
10180
10191
10202
10213
10223
10234
10245
10255
10266
10278
10289
10302
10313
10324
10334
10346
10357
10368
10379
10392
10403
10413
10423
10435
10446
10459
10472
10484
10495
10507
10520
10532
10542
10556
10567
10581
10592
10605
10616
10628
10639
10651
10663
10675
10688
10702
10714
10727
10741
10754
10767
10782
10795
10809
10825
10838
10851
10864
10877
10890
10903
10916
10931
10945
10959
10971
10984
10997
11011
11024
11039
11054
11066
11080
11095
11109
11123
11135
11150
11163
11177
11191
11204
11219
11234
11248
11264
11278
11293
11306
11320
11334
11349
11361
11374
11389
11404
11419
11433
11447
11463
11476
11491
11505
11521
11535
11550
11566
11581
11596
11612
11627
11641
11656
11671
11685
11700
11716
11731
11746
11762
11778
11795
11812
11827
11845
11861
11877
11894
11909
11925
11940
11956
11973
11990
12005
12021
12040
12056
12074
12090
12106
12122
12140
12157
12172
12189
12204
12223
12239
12257
12273
12293
12310
12327
12343
12359
12375
12392
12409
12426
12442
12459
12477
12495
12511
12528
12547
12565
12585
12602
12620
12639
12657
12674
12693
12712
12730
12749
12766
12784
12805
12823
12842
12859
12877
12896
12915
12935
12953
12971
12990
13009
13028
13047
13066
13084
13105
13125
13144
13165
13185
13207
13229
13248
13267
13287
13309
13329
13351
13372
13393
13412
13434
13454
13473
13495
13517
13538
13558
13581
13601
13622
13641
13664
13686
13707
13730
13750
13774
13796
13818
13840
13861
13881
13904
13926
13949
13972
13993
14015
14039
14062
14086
14110
14132
14154
14175
14199
14222
14248
14272
14295
14319
14345
14368
14392
14416
14440
14464
14489
14516
14541
14566
14592
14619
14645
14670
14695
14722
14747
14773
14801
14826
14852
14878
14904
14931
14956
14982
15010
15036
15062
15088
15116
15141
15168
15194
15219
15245
15272
15299
15328
15356
15384
15413
15441
15470
15496
15525
15552
15580
15608
15636
15665
15696
15727
15755
15785
15816
15845
15874
15905
15937
15967
15998
16028
16059
16089
16123
16151
16182
16212
16243
16276
16307
16339
16369
16402
16433
16465
16499
16532
16565
16595
16628
16661
16697
16730
16765
16798
16832
16867
16901
16934
16967
17001
17037
17074
17110
17146
17183
17217
17254
17289
17326
17364
17399
17437
17473
17512
17550
17588
17625
17667
17706
17743
17780
17819
17858
17894
17934
17975
18014
18055
18096
18137
18178
18221
18259
18302
18343
18384
18425
18469
18514
18557
18600
18645
18688
18731
18775
18819
18866
18910
18955
18999
19045
19092
19137
19184
19232
19279
19328
19376
19426
19472
19523
19572
19622
19672
19721
19768
19817
19867
19915
19969
20020
20070
20124
20177
20229
20283
20337
20391
20448
20504
20557
20614
20669
20725
20781
20838
20895
20954
21012
21073
21129
21188
21246
21304
21363
21424
21485
21545
21606
21670
21732
21792
21856
21922
21988
22052
22118
22185
22256
22322
22390
22456
22527
22599
22664
22733
22803
22873
22944
23016
23089
23164
23236
23312
23385
23459
23538
23616
23694
23773
23852
23934
24016
24099
24181
24262
24345
24429
24520
24606
24689
24774
24863
24952
25045
25136
25228
25321
25416
25511
25607
25704
25803
25899
26002
26104
26202
26305
26405
26511
26615
26721
26828
26937
27046
27154
27266
27378
27493
27607
27726
27846
27964
28085
28213
28336
28460
28586
28717
28845
28976
29106
29245
29386
29526
29670
29813
29957
30106
30258
30412
30563
30717
30875
31035
31196
31360
31525
31693
31868
32044
32223
32404
32593
32776
32968
33162
33357
33563
33765
33970
34177
34396
34616
34839
35075
35307
35542
35783
36032
36283
36547
36812
37080
37358
37645
37933
38234
38544
38853
39168
39489
39824
40169
40525
40889
41264
41649
42049
42456
42867
43300
43743
44189
44654
45136
45634
46143
46660
47198
47745
48307
48879
49470
50067
50680
51303
51933
52571
53213
53862
54506
55144
55796
56429
57047
57659
58250
58826
59387
59926
60448
60928
61390
61821
62219
62604
62950
63272
63564
63827
64060
64271
64454
64618
64761
64890
65001
65092
65169
65239
65297
65344
65382
65415
65440
65460
65477
65490
65500
65510
65517
65522
65525
65527
65529
65531
65532
65533
65534
65534
65535
65535
65535
65535
65535
65535
65535
65535
65535
65535
65535
65535
65535
65535
65535
65535
65535
65535
65535
65535
65535
65535
65535
65535
65535
65535
65535
65535
65535
65535
65535
65535
65535
65535
65535
65535
65535
65535
65535
65535
65535
65535
65535
65535
65535
65535
65535
65535
65535
65535
65535
65535
65535
65535
65535
65535
65535
65535
65535
65535
65535
65535
65535
65535
65535
65535
65535
65535
65535
65535
65535
65535
65535
65535
65535
65535
65535
65535
65535
65535
65535
65535
65535
65535
65535
65535
65535
65535
65535
65535
65535
65535
65535
65535
65535
65535
65535
65535
65535
65535
65535
65535
65535
65535
65535
65535
65535
65535
65535
65535
65535
65535
65535
65535
65535
65535
65535
65535
65535
65535
65535
65535
65535
65535
65535
65535
65535
65535
65535
65535
65535
65535
65535
65535
65535
65535
65535
65535
65535
65535
65535
65535
65535
65535
65535
65535
65535
65535
65535
65535
65535
65535
65535
65535
65535
65535
65535
65535
65535
65535
65535
65535
65535
65535
65535
65535
65535
65535
65535
65535
65535
65535
65535
65535
65535
65535
65535
65535
65535
65535
65535
65535
65535
65535
65535
65535
65535
65535
65535
65535
65535
65535
65535
65535
65535
65535
65535
65535
65535
65535
65535
65535
65535
65535
65535
65535
65535
65535
65535
65535
65535
65535
65535
65535
65535
65535
65535
65535
65535
65535
65535
65535
65535
65535
65535
65535
65535
65535
65535
65535
65535
65535
65535
65535
65535
65535
65535
65535
65535
65535
65535
65535
65535
65535
65535
65535
65535
65535
65535
65535
65535
65535
65535
65535
65535
65535
65535
65535
65535
65535
65535
65535
65535
65535
65535
65535
65535
65535
65535
65535
65535
65535
65535
65535
65535
65535
65535
65535
65535
65535
65535
65535
65535
65535
65535
65535
65535
65535
65535
65535
65535
65535
65535
65535
65535
65535
65535
65535
65535
65535
65535
65535
65535
65535
65535
65535
65535
65535
65535
65535
65535
65535
65535
65535
65535
65535
65535
65535
65535
65535
65535
65535
65535
65535
65535
65535
65535
65535
65535
65535
65535
65535
65535
65535
65535
65535
65535
65535
65535
65535
65535
65535
65535
65535
65535
65535
65535
65535
65535
65535
65535
65535
65535
65535
65535
65535
65535
65535
65535
65535
65535
65535
65535
65535
65535
65535
65535
65535
65535
65535
65535
65535
65535
65535
65535
65535
65535
65535
65535
65535
65535
65535
65535
65535
65535
65535
65535
65535
65535
65535
65535
65535
65535
65535
65535
65535
65535
65535
65535
65535
65535
65535
65535
65535
65535
65535
65535
65535
65535
65535
65535
65535
65535
65535
65535
65535
65535
65535
65535
65535
65535
65535
65535
65535
65535
65535
65535
65535
65535
65535
65535
65535
65535
65535
65535
65535
65535
65535
65535
65535
65535
65535
65535
65535
65535
65535
65535
65535
65535
65535
65535
65535
65535
65535
65535
65535
65535
65535
65535
65535
65535
65535
65535
65535
65535
65535
65535
65535
65535
65535
65535
65535
65535
65535
65535
65535
65535
65535
65535
65535
65535
65535
65535
65535
65535
65535
65535
65535
65535
65535
65535
65535
65535
65535
65535
65535
65535
65535
65535
65535
65535
65535
65535
65535
65535
65535
65535
65535
65535
65535
65535
65535
65535
65535
65535
65535
65535
65535
65535
65535
65535
65535
65535
65535
65535
65535
65535
65535
65535
65535
65535
65535
65535
65535
65535
65535
65535
65535
65535
65535
65535
65535
65535
65535
65535
65535
65535
65535
65535
65535
65535
65535
65535
65535
65535
65535
65535
65535
65535
65535
65535
65535
65535
65535
65535
65535
65535
65535
65535
65535
65535
65535
65535
65535
65535
65535
65535
65535
65535
65535
65535
65535
65535
65535
65535
65535
65535
65535
65535
65535
65535
65535
65535
65535
65535
65535
65535
65535
65535
65535
65535
65535
65535
65535
65535
65535
65535
65535
65535
65535
65535
65535
65535
65535
65535
65535
65535
65535
65535
65535
65535
65535
65535
65535
65535
65535
65535
65535
65535
65535
65535
65535
65535
65535
65535
65535
65535
65535
65535
65535
65535
65535
65535
65535
65535
65535
65535
65535
65535
65535
65535
65535
65535
65535
65535
65535
65535
65535
65535
65535
65535
65535
65535
65535
65535
65535
65535
65535
65535
65535
65535
65535
65535
65535
65535
65535
65535
65535
65535
65535
65535
65535
65535
65535
65535
65535
65535
65535
65535
65535
65535
65535
65535
65535
65535
65535
65535
65535
65535
65535
65535
65535
65535
65535
65535
65535
65535
65535
65535
65535
65535
65535
65535
65535
65535
65535
65535
65535
65535
65535
65535
65535
65535
65535
65535
65535
65535
65535
65535
65535
65535
65535
65535
65535
65535
65535
65535
65535
65535
65535
65535
65535
65535
65535
65535
65535
65535
65535
65535
65535
65535
65535
65535
65535
65535
65535
65535
65535
65535
65535
65535
65535
65535
65535
65535
65535
65535
65535
65535
65535
65535
65535
65535
65535
65535
65535
65535
65535
65535
65535
65535
65535
65535
65535
65535
65535
65535
65535
65535
65535
65535
65535
65535
65535
65535
65535
65535
65535
65535
65535
65535
65535
65535
65535
65535
65535
65535
65535
65535
65535
65535
65535
65535
65535
65535
65535
65535
65535
65535
65535
65535
65535
65535
65535
65535
65535
65535
65535
65535
65535
65535
65535
65535
65535
65535
65535
65535
65535
65535
65535
65535
65535
65535
65535
65535
65535
65535
65535
65535
65535
65535
65535
65535
65535
65535
65535
65535
65535
65535
65535
65535
65535
65535
65535
65535
65535
65535
65535
65535
65535
65535
65535
65535
65535
65535
65535
65535
65535
65535
65535
65535
65535
65535
65535
65535
65535
65535
65535
65535
65535
65535
65535
65535
65535
65535
65535
65535
65535
65535
65535
65535
65535
65535
65535
65535
65535
65535
65535
65535
65535
65535
65535
65535
65535
65535
65535
65535
65535
65535
65535
65535
65535
65535
65535
65535
65535
65535
65535
65535
65535
65535
65535
65535
65535
65535
65535
65535
65535
65535
65535
65535
65535
65535
65535
65535
65535
65535
65535
65535
65535
65535
65535
65535
65535
65535
65535
65535
65535
65535
65535
65535
65535
65535
65535
65535
65535
65535
65535
65535
65535
65535
65535
65535
65535
65535
65535
65535
65535
65535
65535
65535
65535
65535
65535
65535
65535
65535
65535
65535
65535
65535
65535
65535
65535
65535
65535
65535
65535
65535
65535
65535
65535
65535
65535
65535
65535
65535
65535
65535
65535
65535
65535
65535
65535
65535
65535
65535
65535
65535
65535
65535
65535
65535
65535
65535
65535
65535
65535
65535
65535
65535
65535
65535
65535
65535
65535
65535
65535
65535
65535
65535
65535
65535
65535
65535
65535
65535
65535
65535
65535
65535
65535
65535
65535
65535
65535
65535
65535
65535
65535
65535
65535
65535
65535
65535
65535
65535
65535
65535
65535
65535
65535
65535
65535
65535
65535
65535
65535
65535
65535
65535
65535
65535
65535
65535
65535
65535
65535
65535
65535
65535
65535
65535
65535
65535
65535
65535
65535
65535
65535
65535
65535
65535
65535
65535
65535
65535
65535
65535
65535
65535
65535
65535
65535
65535
65535
65535
65535
65535
65535
65535
65535
65535
65535
65535
65535
65535
65535
65535
65535
65535
65535
65535
65535
65535
65535
65535
65535
65535
65535
65535
65535
65535
65535
65535
65535
65535
65535
65535
65535
65535
65535
65535
65535
65535
65535
65535
65535
65535
65535
65535
65535
65535
65535
65535
65535
65535
65535
65535
65535
65535
65535
65535
65535
65535
65535
65535
65535
65535
65535
65535
65535
65535
65535
65535
65535
65535
65535
65535
65535
65535
65535
65535
65535
65535
65535
65535
65535
65535
65535
65535
65535
65535
65535
65535
65535
65535
65535
65535
65535
65535
65535
65535
65535
65535
65535
65535
65535
65535
65535
65535
65535
65535
65535
65535
65535
65535
65535
65535
65535
65535
65535
65535
65535
65535
65535
65535
65535
65535
65535
65535
65535
65535
65535
65535
65535
65535
65535
65535
65535
65535
65535
65535
65535
65535
65535
65535
65535
65535
65535
65535
65535
65535
65535
65535
65535
65535
65535
65535
65535
65535
65535
65535
65535
65535
65535
65535
65535
65535
65535
65535
65535
65535
65535
65535
65535
65535
65535
65535
65535
65535
65535
65535
65535
65535
65535
65535
65535
65535
65535
65535
65535
65535
65535
65535
65535
65535
65535
65535
65535
65535
65535
65535
65535
65535
65535
65535
65535
65535
65535
65535
65535
65535
65535
65535
65535
65535
65535
65535
65535
65535
65535
65535
65535
65535
65535
65535
65535
65535
65535
65535
65535
65535
65535
65535
65535
65535
65535
65535
65535
65535
65535
65535
65535
65535
65535
65535
65535
65535
65535
65535
65535
65535
65535
65535
65535
65535
65535
65535
65535
65535
65535
65535
65535
65535
65535
65535
65535
65535
65535
65535
65535
65535
65535
65535
65535
65535
65535
65535
65535
65535
65535
65535
65535
65535
65535
65535
65535
65535
65535
65535
65535
65535
65535
65535
65535
65535
65535
65535
65535
65535
65535
65535
65535
65535
65535
65535
65535
65535
65535
65535
65535
65535
65535
65535
65535
65535
65535
65535
65535
65535
65535
65535
65535
65535
65535
65535
65535
65535
65535
65535
65535
65535
65535
65535
65535
65535
65535
65535
65535
65535
65535
65535
65535
65535
65535
65535
65535
65535
65535
65535
65535
65535
65535
65535
65535
65535
65535
65535
65535
65535
65535
65535
65535
65535
65535
65535
65535
65535
65535
65535
65535
65535
65535
65535
65535
65535
65535
65535
65535
65535
65535
65535
65535
65535
65535
65535
65535
65535
65535
65535
65535
65535
65535
65535
65535
65535
65535
65535
65535
65535
65535
65535
65535
65535
65535
65535
65535
65535
65535
65535
65535
65535
65535
65535
65535
65535
65535
65535
65535
65535
65535
65535
65535
65535
65535
65535
65535
65535
65535
65535
65535
65535
65535
65535
65535
65535
65535
65535
65535
65535
65535
65535
65535
65535
65535
65535
65535
65535
65535
65535
65535
65535
65535
65535
65535
65535
65535
65535
65535
65535
65535
65535
65535
65535
65535
65535
65535
65535
65535
65535
65535
65535
65535
65535
65535
65535
65535
65535
65535
65535
65535
65535
65535
65535
65535
65535
65535
65535
65535
65535
65535
65535
65535
65535
65535
65535
65535
65535
65535
65535
65535
65535
65535
65535
65535
65535
65535
65535
65535
65535
65535
65535
65535
65535
65535
65535
65535
65535
65535
65535
65535
65535
65535
65535
65535
65535
65535
65535
65535
65535
65535
65535
65535
65535
65535
65535
65535
65535
65535
65535
65535
65535
65535
65535
65535
65535
65535
65535
65535
65535
65535
65535
65535
65535
65535
65535
65535
65535
65535
65535
65535
65535
65535
65535
65535
65535
65535
65535
65535
65535
65535
65535
65535
65535
65535
65535
65535
65535
65535
65535
65535
65535
65535
65535
65535
65535
65535
65535
65535
65535
65535
65535
65535
65535
65535
65535
65535
65535
65535
65535
65535
65535
65535
65535
65535
65535
65535
65535
65535
65535
65535
65535
65535
65535
65535
65535
65535
65535
65535
65535
65535
65535
65535
65535
65535
65535
65535
65535
65535
65535
65535
65535
65535
65535
65535
65535
65535
65535
65535
65535
65535
65535
65535
65535
65535
65535
65535
65535
65535
65535
65535
65535
65535
65535
65535
65535
65535
65535
65535
65535
65535
65535
65535
65535
65535
65535
65535
65535
65535
65535
65535
65535
65535
65535
65535
65535
65535
65535
65535
65535
65535
65535
65535
65535
65535
65535
65535
65535
65535
65535
65535
65535
65535
65535
65535
65535
65535
65535
65535
65535
65535
65535
65535
65535
65535
65535
65535
65535
65535
65535
65535
65535
65535
65535
65535
65535
65535
65535
65535
65535
65535
65535
65535
65535
65535
65535
65535
65535
65535
65535
65535
65535
65535
65535
65535
65535
65535
65535
65535
65535
65535
65535
65535
65535
65535
65535
65535
65535
65535
65535
65535
65535
65535
65535
65535
65535
65535
65535
65535
65535
65535
65535
65535
65535
65535
65535
65535
65535
65535
65535
65535
65535
65535
65535
65535
65535
65535
65535
65535
65535
65535
65535
65535
65535
65535
65535
65535
65535
65535
65535
65535
65535
65535
65535
65535
65535
65535
65535
65535
65535
65535
65535
65535
65535
65535
65535
65535
65535
65535
65535
65535
65535
65535
65535
65535
65535
65535
65535
65535
65535
65535
65535
65535
65535
65535
65535
65535
65535
65535
65535
65535
65535
65535
65535
65535
65535
65535
65535
65535
65535
65535
65535
65535
65535
65535
65535
65535
65535
65535
65535
65535
65535
65535
65535
65535
65535
65535
65535
65535
65535
65535
65535
65535
65535
65535
65535
65535
65535
65535
65535
65535
65535
65535
65535
65535
65535
65535
65535
65535
65535
65535
65535
65535
65535
65535
65535
65535
65535
65535
65535
65535
65535
65535
65535
65535
65535
65535
65535
65535
65535
65535
65535
65535
65535
65535
65535
65535
65535
65535
65535
65535
65535
65535
65535
65535
65535
65535
65535
65535
65535
65535
65535
65535
65535
65535
65535
65535
65535
65535
65535
65535
65535
65535
65535
65535
65535
65535
65535
65535
65535
65535
65535
65535
65535
65535
65535
65535
65535
65535
65535
65535
65535
65535
65535
65535
65535
65535
65535
65535
65535
65535
65535
65535
65535
65535
65535
65535
65535
65535
65535
65535
65535
65535
65535
65535
65535
65535
65535
65535
65535
65535
65535
65535
65535
65535
65535
65535
65535
65535
65535
65535
65535
65535
65535
65535
65535
65535
65535
65535
65535
65535
65535
65535
65535
65535
65535
65535
65535
65535
65535
65535
65535
65535
65535
65535
65535
65535
65535
65535
65535
65535
65535
65535
65535
65535
65535
65535
65535
65535
65535
65535
65535
65535
65535
65535
65535
65535
65535
65535
65535
65535
65535
65535
65535
65535
65535
65535
65535
65535
65535
65535
65535
65535
65535
65535
65535
65535
65535
65535
65535
65535
65535
65535
65535
65535
65535
65535
65535
65535
65535
65535
65535
65535
65535
65535
65535
65535
65535
65535
65535
65535
65535
65535
65535
65535
65535
65535
65535
65535
65535
65535
65535
65535
65535
65535
65535
65535
65535
65535
65535
65535
65535
65535
65535
65535
65535
65535
65535
65535
65535
65535
65535
65535
65535
65535
65535
65535
65535
65535
65535
65535
65535
65535
65535
65535
65535
65535
65535
65535
65535
65535
65535
65535
65535
65535
65535
65535
65535
65535
65535
65535
65535
65535
65535
65535
65535
65535
65535
65535
65535
65535
65535
65535
65535
65535
65535
65535
65535
65535
65535
65535
65535
65535
65535
65535
65535
65535
65535
65535
65535
65535
65535
65535
65535
65535
65535
65535
65535
65535
65535
65535
65535
65535
65535
65535
65535
65535
65535
65535
65535
65535
65535
65535
65535
65535
65535
65535
65535
65535
65535
65535
65535
65535
65535
65535
65535
65535
65535
65535
65535
65535
65535
65535
65535
65535
65535
65535
65535
65535
65535
65535
65535
65535
65535
65535
65535
65535
65535
65535
65535
65535
65535
65535
65535
65535
65535
65535
65535
65535
65535
65535
65535
65535
65535
65535
65535
65535
65535
65535
65535
65535
65535
65535
65535
65535
65535
65535
65535
65535
65535
65535
65535
65535
65535
65535
65535
65535
65535
65535
65535
65535
65535
65535
65535
65535
65535
65535
65535
65535
65535
65535
65535
65535
65535
65535
65535
65535
65535
65535
65535
65535
65535
65535
65535
65535
65535
65535
65535
65535
65535
65535
65535
65535
65535
65535
65535
65535
65535
65535
65535
65535
65535
65535
65535
65535
65535
65535
65535
65535
65535
65535
65535
65535
65535
65535
65535
65535
65535
65535
65535
65535
65535
65535
65535
65535
65535
65535
65535
65535
65535
65535
65535
65535
65535
65535
65535
65535
65535
65535
65535
65535
65535
65535
65535
65535
65535
65535
65535
65535
65535
65535
65535
65535
65535
65535
65535
65535
65535
65535
65535
65535
65535
65535
65535
65535
65535
65535
65535
65535
65535
65535
65535
65535
65535
65535
65535
65535
65535
65535
65535
65535
65535
65535
65535
65535
65535
65535
65535
65535
65535
65535
65535
65535
65535
65535
65535
65535
65535
65535
65535
65535
65535
65535
65535
65535
65535
65535
65535
65535
65535
65535
65535
65535
65535
65535
65535
65535
65535
65535
65535
65535
65535
65535
65535
65535
65535
65535
65535
65535
65535
65535
65535
65535
65535
65535
65535
65535
65535
65535
65535
65535
65535
65535
65535
65535
65535
65535
65535
65535
65535
65535
65535
65535
65535
65535
65535
65535
65535
65535
65535
65535
65535
65535
65535
65535
65535
65535
65535
65535
65535
65535
65535
65535
65535
65535
65535
65535
65535
65535
65535
65535
65535
65535
65535
65535
65535
65535
65535
65535
65535
65535
65535
65535
65535
65535
65535
65535
65535
65535
65535
65535
65535
65535
65535
65535
65535
65535
65535
65535
65535
65535
65535
65535
65535
65535
65535
65535
65535
65535
65535
65535
65535
65535
65535
65535
65535
65535
65535
65535
65535
65535
65535
65535
65535
65535
65535
65535
65535
65535
65535
65535
65535
65535
65535
65535
65535
65535
65535
65535
65535
65535
65535
65535
65535
65535
65535
65535
65535
65535
65535
65535
65535
65535
65535
65535
65535
65535
65535
65535
65535
65535
65535
65535
65535
65535
65535
65535
65535
65535
65535
65535
65535
65535
65535
65535
65535
65535
65535
65535
65535
65535
65535
65535
65535
65535
65535
65535
65535
65535
65535
65535
65535
65535
65535
65535
65535
65535
65535
65535
65535
65535
65535
65535
65535
65535
65535
65535
65535
65535
65535
65535
65535
65535
65535
65535
65535
65535
65535
65535
65535
65535
65535
65535
65535
65535
65535
65535
65535
65535
65535
65535
65535
65535
65535
65535
65535
65535
65535
65535
65535
65535
65535
65535
65535
65535
65535
65535
65535
65535
65535
65535
65535
65535
65535
65535
65535
65535
65535
65535
65535
65535
65535
65535
65535
65535
65535
65535
65535
65535
65535
65535
65535
65535
65535
65535
65535
65535
65535
65535
65535
65535
65535
65535
65535
65535
65535
65535
65535
65535
65535
65535
65535
65535
65535
65535
65535
65535
65535
65535
65535
65535
65535
65535
65535
65535
65535
65535
65535
65535
65535
65535
65535
65535
65535
65535
65535
65535
65535
65535
65535
65535
65535
65535
65535
65535
65535
65535
65535
65535
65535
65535
65535
65535
65535
65535
65535
65535
65535
65535
65535
65535
65535
65535
65535
65535
65535
65535
65535
65535
65535
65535
65535
65535
65535
65535
65535
65535
65535
65535
65535
65535
65535
65535
65535
65535
65535
65535
65535
65535
65535
65535
65535
65535
65535
65535
65535
65535
65535
65535
65535
65535
65535
65535
65535
65535
65535
65535
65535
65535
65535
65535
65535
65535
65535
65535
65535
65535
65535
65535
65535
65535
65535
65535
65535
65535
65535
65535
65535
65535
65535
65535
65535
65535
65535
65535
65535
65535
65535
65535
65535
65535
65535
65535
65535
65535
65535
65535
65535
65535
65535
65535
65535
65535
65535
65535
65535
65535
65535
65535
65535
65535
65535
65535
65535
65535
65535
65535
65535
65535
65535
65535
65535
65535
65535
65535
65535
65535
65535
65535
65535
65535
65535
65535
65535
65535
65535
65535
65535
65535
65535
65535
65535
65535
65535
65535
65535
65535
65535
65535
65535
65535
65535
65535
65535
65535
65535
65535
65535
65535
65535
65535
65535
65535
65535
65535
65535
65535
65535
65535
65535
65535
65535
65535
65535
65535
65535
65535
65535
65535
65535
65535
65535
65535
65535
65535
65535
65535
65535
65535
65535
65535
65535
65535
65535
65535
65535
65535
65535
65535
65535
65535
65535
65535
65535
65535
65535
65535
65535
65535
65535
65535
65535
65535
65535
65535
65535
65535
65535
65535
65535
65535
65535
65535
65535
65535
65535
65535
65535
65535
65535
65535
65535
65535
65535
65535
65535
65535
65535
65535
65535
65535
65535
65535
65535
65535
65535
65535
65535
65535
65535
65535
65535
65535
65535
65535
65535
65535
65535
65535
65535
65535
65535
65535
65535
65535
65535
65535
65535
65535
65535
65535
65535
65535
65535
65535
65535
65535
65535
65535
65535
65535
65535
65535
65535
65535
65535
65535
65535
65535
65535
65535
65535
65535
65535
65535
65535
65535
65535
65535
65535
65535
65535
65535
65535
65535
65535
65535
65535
65535
65535
65535
65535
65535
65535
65535
65535
65535
65535
65535
65535
65535
65535
65535
65535
65535
65535
65535
65535
65535
65535
65535
65535
65535
65535
65535
65535
65535
65535
65535
65535
65535
65535
65535
65535
65535
65535
65535
65535
65535
65535
65535
65535
65535
65535
65535
65535
65535
65535
65535
65535
65535
65535
65535
65535
65535
65535
65535
65535
65535
65535
65535
65535
65535
65535
65535
65535
65535
65535
65535
65535
65535
65535
65535
65535
65535
65535
65535
65535
65535
65535
65535
65535
65535
65535
65535
65535
65535
65535
65535
65535
65535
65535
65535
65535
65535
65535
65535
65535
65535
65535
65535
65535
65535
65535
65535
65535
65535
65535
65535
65535
65535
65535
65535
65535
65535
65535
65535
65535
65535
65535
65535
65535
65535
65535
65535
65535
65535
65535
65535
65535
65535
65535
65535
65535
65535
65535
65535
65535
65535
65535
65535
65535
65535
65535
65535
65535
65535
65535
65535
65535
65535
65535
65535
65535
65535
65535
65535
65535
65535
65535
65535
65535
65535
65535
65535
65535
65535
65535
65535
65535
65535
65535
65535
65535
65535
65535
65535
65535
65535
65535
65535
65535
65535
65535
65535
65535
65535
65535
65535
65535
65535
65535
65535
65535
65535
65535
65535
65535
65535
65535
65535
65535
65535
65535
65535
65535
65535
65535
65535
65535
65535
65535
65535
65535
65535
65535
65535
65535
65535
65535
65535
65535
65535
65535
65535
65535
65535
65535
65535
65535
65535
65535
65535
65535
65535
65535
65535
65535
65535
65535
65535
65535
65535
65535
65535
65535
65535
65535
65535
65535
65535
65535
65535
65535
65535
65535
65535
65535
65535
65535
65535
65535
65535
65535
65535
65535
65535
65535
65535
65535
65535
65535
65535
65535
65535
65535
65535
65535
65535
65535
65535
65535
65535
65535
65535
65535
65535
65535
65535
65535
65535
65535
65535
65535
65535
65535
65535
65535
65535
65535
65535
65535
65535
65535
65535
65535
65535
65535
65535
65535
65535
65535
65535
65535
65535
65535
65535
65535
65535
65535
65535
65535
65535
65535
65535
65535
65535
65535
65535
65535
65535
65535
65535
65535
65535
65535
65535
65535
65535
65535
65535
65535
65535
65535
65535
65535
65535
65535
65535
65535
65535
65535
65535
65535
65535
65535
65535
65535
65535
65535
65535
65535
65535
65535
65535
65535
65535
65535
65535
65535
65535
65535
65535
65535
65535
65535
65535
65535
65535
65535
65535
65535
65535
65535
65535
65535
65535
65535
65535
65535
65535
65535
65535
65535
65535
65535
65535
65535
65535
65535
65535
65535
65535
65535
65535
65535
65535
65535
65535
65535
65535
65535
65535
65535
65535
65535
65535
65535
65535
65535
65535
65535
65535
65535
65535
65535
65535
65535
65535
65535
65535
65535
65535
65535
65535
65535
65535
65535
65535
65535
65535
65535
65535
65535
65535
65535
65535
65535
65535
65535
65535
65535
65535
65535
65535
65535
65535
65535
65535
65535
65535
65535
65535
65535
65535
65535
65535
65535
65535
65535
65535
65535
65535
65535
65535
65535
65535
65535
65535
65535
65535
65535
65535
65535
65535
65535
65535
65535
65535
65535
65535
65535
65535
65535
65535
65535
65535
65535
65535
65535
65535
65535
65535
65535
65535
65535
65535
65535
65535
65535
65535
65535
65535
65535
65535
65535
65535
65535
65535
65535
65535
65535
65535
65535
65535
65535
65535
65535
65535
65535
65535
65535
65535
65535
65535
65535
65535
65535
65535
65535
65535
65535
65535
65535
65535
65535
65535
65535
65535
65535
65535
65535
65535
65535
65535
65535
65535
65535
65535
65535
65535
65535
65535
65535
65535
65535
65535
65535
65535
65535
65535
65535
65535
65535
65535
65535
65535
65535
65535
65535
65535
65535
65535
65535
65535
65535
65535
65535
65535
65535
65535
65535
65535
65535
65535
65535
65535
65535
65535
65535
65535
65535
65535
65535
65535
65535
65535
65535
65535
65535
65535
65535
65535
65535
65535
65535
65535
65535
65535
65535
65535
65535
65535
65535
65535
65535
65535
65535
65535
65535
65535
65535
65535
65535
65535
65535
65535
65535
65535
65535
65535
65535
65535
65535
65535
65535
65535
65535
65535
65535
65535
65535
65535
65535
65535
65535
65535
65535
65535
65535
65535
65535
65535
65535
65535
65535
65535
65535
65535
65535
65535
65535
65535
65535
65535
65535
65535
65535
65535
65535
65535
65535
65535
65535
65535
65535
65535
65535
65535
65535
65535
65535
65535
65535
65535
65535
65535
65535
65535
65535
65535
65535
65535
65535
65535
65535
65535
65535
65535
65535
65535
65535
65535
65535
65535
65535
65535
65535
65535
65535
65535
65535
65535
65535
65535
65535
65535
65535
65535
65535
65535
65535
65535
65535
65535
65535
65535
65535
65535
65535
65535
65535
65535
65535
65535
65535
65535
65535
65535
65535
65535
65535
65535
65535
65535
65535
65535
65535
65535
65535
65535
65535
65535
65535
65535
65535
65535
65535
65535
65535
65535
65535
65535
65535
65535
65535
65535
65535
65535
65535
65535
65535
65535
65535
65535
65535
65535
65535
65535
65535
65535
65535
65535
65535
65535
65535
65535
65535
65535
65535
65535
65535
65535
65535
65535
65535
65535
65535
65535
65535
65535
65535
65535
65535
65535
65535
65535
65535
65535
65535
65535
65535
65535
65535
65535
65535
65535
65535
65535
65535
65535
65535
65535
65535
65535
65535
65535
65535
65535
65535
65535
65535
65535
65535
65535
65535
65535
65535
65535
65535
65535
65535
65535
65535
65535
65535
65535
65535
65535
65535
65535
65535
65535
65535
65535
65535
65535
65535
65535
65535
65535
65535
65535
65535
65535
65535
65535
65535
65535
65535
65535
65535
65535
65535
65535
65535
65535
65535
65535
65535
65535
65535
65535
65535
65535
65535
65535
65535
65535
65535
65535
65535
65535
65535
65535
65535
65535
65535
65535
65535
65535
65535
65535
65535
65535
65535
65535
65535
65535
65535
65535
65535
65535
65535
65535
65535
65535
65535
65535
65535
65535
65535
65535
65535
65535
65535
65535
65535
65535
65535
65535
65535
65535
65535
65535
65535
65535
65535
65535
65535
65535
65535
65535
65535
65535
65535
65535
65535
65535
65535
65535
65535
65535
65535
65535
65535
65535
65535
65535
65535
65535
65535
65535
65535
65535
65535
65535
65535
65535
65535
65535
65535
65535
65535
65535
65535
65535
65535
65535
65535
65535
65535
65535
65535
65535
65535
65535
65535
65535
65535
65535
65535
65535
65535
65535
65535
65535
65535
65535
65535
65535
65535
65535
65535
65535
65535
65535
65535
65535
65535
65535
65535
65535
65535
65535
65535
65535
65535
65535
65535
65535
65535
65535
65535
65535
65535
65535
65535
65535
65535
65535
65535
65535
65535
65535
65535
65535
65535
65535
65535
65535
65535
65535
65535
65535
65535
65535
65535
65535
65535
65535
65535
65535
65535
65535
65535
65535
65535
65535
65535
65535
65535
65535
65535
65535
65535
65535
65535
65535
65535
65535
65535
65535
65535
65535
65535
65535
65535
65535
65535
65535
65535
65535
65535
65535
65535
65535
65535
65535
65535
65535
65535
65535
65535
65535
65535
65535
65535
65535
65535
65535
65535
65535
65535
65535
65535
65535
65535
65535
65535
65535
65535
65535
65535
65535
65535
65535
65535
65535
65535
65535
65535
65535
65535
65535
65535
65535
65535
65535
65535
65535
65535
65535
65535
65535
65535
65535
65535
65535
65535
65535
65535
65535
65535
65535
65535
65535
65535
65535
65535
65535
65535
65535
65535
65535
65535
65535
65535
65535
65535
65535
65535
65535
65535
65535
65535
65535
65535
65535
65535
65535
65535
65535
65535
65535
65535
65535
65535
65535
65535
65535
65535
65535
65535
65535
65535
65535
65535
65535
65535
65535
65535
65535
65535
65535
65535
65535
65535
65535
65535
65535
65535
65535
65535
65535
65535
65535
65535
65535
65535
65535
65535
65535
65535
65535
65535
65535
65535
65535
65535
65535
65535
65535
65535
65535
65535
65535
65535
65535
65535
65535
65535
65535
65535
65535
65535
65535
65535
65535
65535
65535
65535
65535
65535
65535
65535
65535
65535
65535
65535
65535
65535
65535
65535
65535
65535
65535
65535
65535
65535
65535
65535
65535
65535
65535
65535
65535
65535
65535
65535
65535
65535
65535
65535
65535
65535
65535
65535
65535
65535
65535
65535
65535
65535
65535
65535
65535
65535
65535
65535
65535
65535
65535
65535
65535
65535
65535
65535
65535
65535
65535
65535
65535
65535
65535
65535
65535
65535
65535
65535
65535
65535
65535
65535
65535
65535
65535
65535
65535
65535
65535
65535
65535
65535
65535
65535
65535
65535
65535
65535
65535
65535
65535
65535
65535
65535
65535
65535
65535
65535
65535
65535
65535
65535
65535
65535
65535
65535
65535
65535
65535
65535
65535
65535
65535
65535
65535
65535
65535
65535
65535
65535
65535
65535
65535
65535
65535
65535
65535
65535
65535
65535
65535
65535
65535
65535
65535
65535
65535
65535
65535
65535
65535
65535
65535
65535
65535
65535
65535
65535
65535
65535
65535
65535
65535
65535
65535
65535
65535
65535
65535
65535
65535
65535
65535
65535
65535
65535
65535
65535
65535
65535
65535
65535
65535
65535
65535
65535
65535
65535
65535
65535
65535
65535
65535
65535
65535
65535
65535
65535
65535
65535
65535
65535
65535
65535
65535
65535
65535
65535
65535
65535
65535
65535
65535
65535
65535
65535
65535
65535
65535
65535
65535
65535
65535
65535
65535
65535
65535
65535
65535
65535
65535
65535
65535
65535
65535
65535
65535
65535
65535
65535
65535
65535
65535
65535
65535
65535
65535
65535
65535
65535
65535
65535
65535
65535
65535
65535
65535
65535
65535
65535
65535
65535
65535
65535
65535
65535
65535
65535
65535
65535
65535
65535
65535
65535
65535
65535
65535
65535
65535
65535
65535
65535
65535
65535
65535
65535
65535
65535
65535
65535
65535
65535
65535
65535
65535
65535
65535
65535
65535
65535
65535
65535
65535
65535
65535
65535
65535
65535
65535
65535
65535
65535
65535
65535
65535
65535
65535
65535
65535
65535
65535
65535
65535
65535
65535
65535
65535
65535
65535
65535
65535
65535
65535
65535
65535
65535
65535
65535
65535
65535
65535
65535
65535
65535
65535
65535
65535
65535
65535
65535
65535
65535
65535
65535
65535
65535
65535
65535
65535
65535
65535
65535
65535
65535
65535
65535
65535
65535
65535
65535
65535
65535
65535
65535
65535
65535
65535
65535
65535
65535
65535
65535
65535
65535
65535
65535
65535
65535
65535
65535
65535
65535
65535
65535
65535
65535
65535
65535
65535
65535
65535
65535
65535
65535
65535
65535
65535
65535
65535
65535
65535
65535
65535
65535
65535
65535
65535
65535
65535
65535
65535
65535
65535
65535
65535
65535
65535
65535
65535
65535
65535
65535
65535
65535
65535
65535
65535
65535
65535
65535
65535
65535
65535
65535
65535
65535
65535
65535
65535
65535
65535
65535
65535
65535
65535
65535
65535
65535
65535
65535
65535
65535
65535
65535
65535
65535
65535
65535
65535
65535
65535
65535
65535
65535
65535
65535
65535
65535
65535
65535
65535
65535
65535
65535
65535
65535
65535
65535
65535
65535
65535
65535
65535
65535
65535
65535
65535
65535
65535
65535
65535
65535
65535
65535
65535
65535
65535
65535
65535
65535
65535
65535
65535
65535
65535
65535
65535
65535
65535
65535
65535
65535
65535
65535
65535
65535
65535
65535
65535
65535
65535
65535
65535
65535
65535
65535
65535
65535
65535
65535
65535
65535
65535
65535
65535
65535
65535
65535
65535
65535
65535
65535
65535
65535
65535
65535
65535
65535
65535
65535
65535
65535
65535
65535
65535
65535
65535
65535
65535
65535
65535
65535
65535
65535
65535
65535
65535
65535
65535
65535
65535
65535
65535
65535
65535
65535
65535
65535
65535
65535
65535
65535
65535
65535
65535
65535
65535
65535
65535
65535
65535
65535
65535
65535
65535
65535
65535
65535
65535
65535
65535
65535
65535
65535
65535
65535
65535
65535
65535
65535
65535
65535
65535
65535
65535
65535
65535
65535
65535
65535
65535
65535
65535
65535
65535
65535
65535
65535
65535
65535
65535
65535
65535
65535
65535
65535
65535
65535
65535
65535
65535
65535
65535
65535
65535
65535
65535
65535
65535
65535
65535
65535
65535
65535
65535
65535
65535
65535
65535
65535
65535
65535
65535
65535
65535
65535
65535
65535
65535
65535
65535
65535
65535
65535
65535
65535
65535
65535
65535
65535
65535
65535
65535
65535
65535
65535
65535
65535
65535
65535
65535
65535
65535
65535
65535
65535
65535
65535
65535
65535
65535
65535
65535
65535
65535
65535
65535
65535
65535
65535
65535
65535
65535
65535
65535
65535
65535
65535
65535
65535
65535
65535
65535
65535
65535
65535
65535
65535
65535
65535
65535
65535
65535
65535
65535
65535
65535
65535
65535
65535
65535
65535
65535
65535
65535
65535
65535
65535
65535
65535
65535
65535
65535
65535
65535
65535
65535
65535
65535
65535
65535
65535
65535
65535
65535
65535
65535
65535
65535
65535
65535
65535
65535
65535
65535
65535
65535
65535
65535
65535
65535
65535
65535
65535
65535
65535
65535
65535
65535
65535
65535
65535
65535
65535
65535
65535
65535
65535
65535
65535
65535
65535
65535
65535
65535
65535
65535
65535
65535
65535
65535
65535
65535
65535
65535
65535
65535
65535
65535
65535
65535
65535
65535
65535
65535
65535
65535
65535
65535
65535
65535
65535
65535
65535
65535
65535
65535
65535
65535
65535
65535
65535
65535
65535
65535
65535
65535
65535
65535
65535
65535
65535
65535