0
1
1
1
2
2
3
3
4
5
5
6
7
7
8
9
10
11
12
12
13
14
15
16
17
19
20
21
22
24
25
26
28
29
30
31
33
34
36
37
39
41
42
44
46
47
49
50
52
54
55
57
59
61
64
67
70
72
73
75
77
79
81
83
86
88
90
92
94
96
98
100
101
104
106
108
110
113
115
117
119
122
123
126
128
131
133
135
137
140
142
144
146
150
153
155
158
160
163
165
168
170
173
175
177
180
183
185
188
190
192
195
198
201
204
206
209
212
214
217
219
222
225
227
230
233
236
238
240
243
245
248
250
252
255
258
260
263
266
268
270
273
275
278
280
282
285
287
290
292
295
297
300
303
305
308
310
313
315
318
320
322
325
328
330
333
335
338
340
342
345
348
350
352
354
357
359
362
364
367
370
373
375
378
380
382
384
386
389
391
393
396
399
402
403
407
409
411
413
416
418
420
422
425
428
430
433
435
437
439
442
444
446
448
451
454
456
458
461
463
465
468
470
473
475
478
480
483
485
487
489
492
495
497
500
502
504
506
509
511
514
515
517
519
521
523
525
527
529
532
533
536
538
540
542
544
547
549
551
554
556
558
559
561
563
566
568
570
572
575
577
579
581
583
585
587
590
592
594
596
598
600
602
604
605
607
609
611
613
615
617
618
620
623
625
626
628
630
633
635
637
639
641
644
645
648
649
651
652
654
657
659
661
663
665
667
669
671
673
675
677
678
681
682
684
686
688
690
691
693
696
698
699
702
703
704
706
709
710
712
713
715
717
719
721
722
724
726
728
729
732
733
734
736
738
741
742
744
746
748
751
753
754
756
758
760
762
764
766
768
770
772
774
776
778
780
782
785
786
788
790
791
793
795
797
799
801
803
805
807
809
811
813
815
817
818
820
822
824
826
828
830
832
834
836
838
840
841
843
846
848
850
851
853
855
857
859
861
863
864
866
868
870
872
875
877
879
881
883
884
886
888
890
892
894
896
898
900
901
903
905
907
909
911
913
916
918
920
922
924
926
928
930
932
934
936
938
940
942
944
946
948
950
952
953
954
957
959
960
962
964
966
968
970
972
974
976
978
980
982
984
986
988
990
992
994
996
998
1000
1002
1004
1006
1008
1010
1012
1014
1016
1019
1021
1023
1025
1027
1029
1031
1033
1036
1038
1040
1042
1044
1046
1048
1050
1052
1054
1055
1057
1060
1061
1064
1065
1067
1069
1070
1072
1074
1077
1079
1081
1083
1085
1087
1089
1092
1094
1097
1098
1100
1101
1103
1106
1108
1110
1113
1115
1117
1119
1120
1123
1125
1127
1129
1131
1133
1135
1137
1139
1141
1143
1146
1147
1150
1153
1154
1157
1159
1161
1162
1164
1167
1169
1171
1173
1176
1178
1181
1183
1185
1187
1190
1192
1194
1197
1200
1202
1205
1206
1208
1210
1212
1215
1218
1220
1223
1226
1228
1230
1232
1235
1237
1239
1242
1244
1246
1248
1250
1253
1255
1257
1259
1262
1264
1267
1269
1271
1274
1276
1278
1281
1283
1285
1287
1290
1292
1294
1296
1298
1301
1304
1306
1308
1311
1314
1316
1319
1322
1324
1327
1329
1331
1333
1336
1339
1341
1344
1346
1348
1350
1352
1354
1356
1358
1361
1363
1365
1368
1371
1373
1376
1378
1381
1384
1386
1389
1391
1394
1396
1399
1400
1403
1406
1409
1411
1413
1416
1419
1422
1424
1427
1430
1433
1436
1439
1442
1444
1447
1449
1452
1455
1457
1459
1462
1465
1467
1470
1472
1474
1478
1480
1483
1485
1488
1490
1493
1495
1498
1500
1502
1505
1508
1510
1513
1515
1518
1521
1524
1526
1529
1531
1534
1537
1540
1543
1546
1549
1552
1554
1557
1560
1563
1566
1568
1571
1575
1577
1580
1582
1586
1589
1591
1594
1597
1601
1603
1605
1608
1610
1613
1616
1619
1622
1625
1627
1630
1633
1637
1640
1643
1645
1648
1651
1654
1656
1659
1662
1664
1667
1670
1673
1676
1679
1682
1685
1688
1691
1694
1698
1701
1704
1707
1711
1714
1716
1719
1722
1725
1728
1732
1734
1737
1740
1743
1746
1750
1752
1755
1758
1760
1763
1766
1770
1773
1776
1779
1782
1786
1789
1793
1796
1799
1803
1805
1809
1812
1815
1817
1820
1823
1827
1830
1833
1836
1839
1843
1846
1849
1853
1857
1861
1864
1867
1871
1874
1877
1880
1884
1888
1892
1895
1898
1902
1905
1909
1912
1916
1919
1923
1926
1931
1935
1938
1942
1946
1949
1952
1956
1959
1963
1966
1970
1973
1976
1979
1983
1986
1990
1994
1997
2000
2004
2008
2011
2015
2019
2022
2026
2030
2033
2037
2041
2044
2048
2052
2054
2058
2062
2066
2069
2073
2077
2081
2084
2088
2091
2095
2098
2102
2106
2111
2115
2118
2121
2125
2128
2132
2136
2140
2144
2147
2151
2154
2157
2161
2166
2169
2173
2177
2180
2185
2189
2193
2196
2199
2203
2206
2211
2214
2218
2222
2227
2231
2235
2239
2243
2247
2250
2255
2259
2263
2266
2271
2275
2279
2284
2288
2293
2298
2303
2307
2311
2314
2319
2322
2327
2330
2334
2338
2342
2346
2350
2354
2358
2362
2367
2371
2375
2378
2381
2385
2389
2393
2397
2401
2405
2409
2413
2417
2422
2426
2430
2435
2439
2443
2448
2451
2456
2459
2464
2468
2472
2476
2480
2484
2489
2493
2498
2501
2505
2510
2513
2517
2522
2527
2531
2536
2539
2543
2547
2551
2555
2559
2564
2568
2573
2577
2582
2586
2591
2596
2600
2605
2610
2615
2619
2624
2628
2632
2636
2640
2643
2648
2653
2658
2663
2668
2673
2679
2683
2687
2693
2697
2702
2707
2712
2716
2720
2725
2729
2733
2738
2742
2747
2752
2757
2761
2766
2770
2775
2779
2785
2790
2795
2800
2805
2809
2814
2819
2823
2828
2832
2836
2840
2845
2849
2854
2858
2863
2868
2873
2877
2881
2886
2891
2895
2900
2904
2909
2913
2919
2923
2929
2934
2938
2944
2948
2953
2959
2963
2967
2973
2978
2982
2987
2992
2997
3001
3006
3011
3016
3020
3026
3030
3036
3041
3045
3049
3056
3061
3066
3072
3077
3081
3085
3090
3094
3099
3103
3109
3114
3119
3124
3129
3134
3139
3144
3148
3153
3157
3162
3167
3172
3177
3182
3187
3192
3198
3203
3209
3214
3220
3224
3230
3234
3239
3244
3250
3255
3260
3265
3269
3274
3279
3285
3289
3294
3300
3305
3310
3316
3321
3326
3331
3337
3342
3347
3351
3357
3363
3369
3374
3379
3384
3389
3394
3400
3405
3410
3416
3422
3428
3433
3438
3443
3448
3454
3458
3463
3468
3474
3479
3484
3488
3493
3499
3503
3508
3514
3519
3525
3529
3534
3540
3545
3551
3555
3561
3566
3572
3577
3581
3587
3593
3598
3604
3608
3613
3619
3625
3631
3636
3641
3647
3652
3657
3662
3667
3673
3677
3682
3686
3692
3697
3703
3708
3713
3719
3724
3730
3735
3741
3747
3752
3758
3763
3768
3774
3779
3785
3790
3796
3801
3807
3812
3817
3823
3829
3836
3841
3848
3853
3859
3865
3869
3874
3880
3885
3890
3895
3901
3907
3913
3919
3924
3930
3936
3942
3949
3954
3959
3965
3971
3977
3982
3987
3992
3998
4003
4008
4015
4020
4025
4030
4035
4042
4048
4054
4060
4065
4071
4076
4081
4087
4093
4100
4105
4110
4116
4121
4127
4133
4139
4144
4150
4156
4161
4167
4172
4179
4185
4190
4196
4202
4208
4214
4219
4225
4229
4234
4240
4246
4252
4257
4261
4267
4273
4278
4285
4290
4295
4302
4307
4313
4319
4325
4332
4338
4345
4350
4357
4364
4369
4375
4380
4387
4393
4399
4405
4412
4418
4424
4430
4435
4441
4447
4453
4458
4464
4470
4476
4483
4490
4495
4500
4506
4512
4518
4524
4529
4535
4541
4546
4552
4559
4566
4571
4577
4583
4589
4595
4600
4607
4613
4619
4626
4632
4636
4642
4649
4655
4661
4666
4672
4678
4684
4690
4695
4701
4707
4712
4719
4725
4732
4736
4742
4749
4755
4762
4767
4773
4778
4784
4790
4795
4802
4808
4814
4820
4826
4832
4838
4844
4849
4854
4860
4866
4872
4878
4885
4891
4897
4903
4909
4916
4921
4927
4932
4939
4945
4951
4958
4963
4969
4974
4980
4985
4992
4998
5004
5009
5014
5020
5026
5033
5039
5045
5051
5057
5063
5069
5074
5080
5086
5092
5098
5104
5110
5116
5122
5128
5134
5140
5146
5152
5158
5164
5170
5176
5182
5189
5195
5201
5206
5212
5219
5226
5232
5238
5245
5250
5256
5261
5267
5273
5279
5284
5291
5297
5303
5309
5316
5322
5328
5333
5339
5345
5351
5357
5362
5369
5375
5381
5387
5393
5399
5405
5411
5417
5423
5429
5435
5441
5446
5452
5458
5464
5471
5477
5483
5489
5495
5501
5507
5513
5519
5525
5532
5537
5543
5549
5555
5561
5567
5573
5579
5583
5589
5595
5600
5606
5612
5618
5624
5630
5636
5642
5647
5653
5661
5667
5672
5679
5685
5690
5696
5702
5707
5714
5719
5725
5731
5738
5743
5749
5754
5761
5765
5772
5779
5785
5791
5796
5802
5808
5815
5821
5827
5833
5838
5844
5850
5855
5860
5866
5872
5877
5882
5887
5893
5898
5904
5910
5915
5922
5928
5933
5939
5944
5950
5955
5962
5968
5974
5979
5984
5990
5996
6002
6008
6014
6019
6026
6032
6037
6043
6048
6055
6060
6065
6071
6078
6084
6089
6095
6101
6107
6112
6118
6122
6129
6135
6140
6145
6150
6155
6159
6164
6170
6175
6181
6187
6192
6197
6203
6209
6215
6219
6224
6230
6235
6240
6245
6251
6256
6260
6265
6270
6275
6280
6286
6290
6296
6301
6306
6311
6316
6321
6326
6331
6336
6341
6346
6352
6357
6362
6367
6372
6377
6382
6387
6391
6396
6402
6406
6411
6416
6421
6426
6430
6435
6440
6445
6449
6454
6459
6463
6468
6473
6478
6483
6487
6492
6496
6501
6505
6510
6514
6518
6523
6528
6533
6537
6542
6546
6551
6555
6560
6566
6571
6575
6579
6584
6588
6593
6597
6601
6606
6610
6615
6619
6623
6627
6631
6636
6641
6645
6650
6654
6659
6663
6667
6671
6675
6680
6687
6692
6696
6701
6705
6710
6714
6719
6724
6727
6731
6735
6739
6745
6749
6753
6758
6763
6768
6772
6776
6780
6784
6789
6793
6798
6802
6807
6811
6816
6821
6825
6828
6833
6837
6841
6846
6851
6855
6859
6863
6868
6873
6877
6881
6886
6889
6894
6899
6903
6908
6912
6916
6921
6926
6930
6935
6939
6943
6948
6953
6957
6961
6965
6970
6974
6980
6984
6990
6994
6999
7004
7008
7012
7017
7022
7026
7031
7036
7041
7045
7049
7054
7059
7063
7068
7073
7078
7083
7089
7094
7099
7104
7109
7114
7119
7123
7128
7132
7136
7141
7146
7150
7155
7160
7164
7168
7173
7178
7183
7188
7193
7198
7204
7208
7213
7219
7224
7229
7234
7239
7244
7249
7253
7258
7263
7268
7272
7276
7282
7287
7292
7297
7302
7308
7313
7317
7323
7327
7332
7337
7343
7348
7354
7358
7365
7370
7375
7380
7385
7390
7396
7400
7405
7410
7416
7421
7427
7433
7438
7444
7449
7454
7460
7465
7469
7474
7479
7484
7490
7495
7501
7507
7512
7518
7523
7529
7534
7539
7545
7551
7556
7562
7568
7572
7579
7584
7590
7595
7601
7606
7612
7618
7623
7630
7635
7642
7648
7653
7659
7664
7671
7677
7682
7688
7693
7699
7706
7712
7717
7724
7731
7737
7743
7749
7756
7762
7768
7774
7779
7785
7792
7797
7803
7809
7815
7821
7828
7834
7841
7847
7853
7859
7864
7870
7876
7882
7889
7895
7902
7907
7914
7921
7928
7935
7941
7947
7954
7961
7967
7973
7979
7985
7992
7998
8004
8011
8017
8023
8031
8038
8044
8050
8058
8063
8069
8077
8084
8091
8097
8104
8110
8117
8123
8130
8137
8142
8149
8156
8163
8170
8177
8184
8190
8197
8204
8211
8217
8223
8229
8236
8244
8251
8258
8264
8272
8279
8286
8293
8301
8307
8315
8321
8328
8335
8341
8349
8355
8363
8370
8377
8384
8390
8397
8405
8412
8420
8427
8435
8441
8448
8455
8463
8470
8477
8484
8492
8500
8507
8514
8521
8529
8537
8545
8554
8562
8569
8576
8585
8593
8601
8609
8618
8626
8635
8643
8651
8658
8666
8675
8683
8691
8698
8706
8715
8723
8731
8738
8745
8753
8761
8769
8777
8785
8793
8800
8809
8817
8825
8833
8841
8848
8855
8863
8870
8878
8886
8894
8902
8911
8919
8929
8937
8946
8954
8962
8970
8979
8988
8996
9004
9013
9022
9030
9040
9050
9058
9068
9076
9085
9093
9102
9112
9121
9129
9138
9146
9156
9165
9173
9183
9191
9200
9209
9218
9226
9236
9246
9256
9264
9274
9283
9292
9301
9310
9318
9327
9336
9345
9354
9363
9372
9382
9390
9399
9407
9418
9429
9438
9447
9457
9466
9477
9488
9497
9507
9518
9528
9538
9547
9557
9566
9575
9586
9596
9606
9616
9626
9636
9646
9656
9665
9675
9685
9694
9703
9713
9723
9733
9743
9755
9767
9775
9785
9795
9806
9816
9827
9836
9846
9857
9868
9877
9888
9899
9910
9922
9933
9943
9954
9964
9976
9987
9998
10009
10020
10031
10042
10053
10065
10077
10088
10098
10107
10117
10129
10139
10149
10161
10171
10182
10194
10205
10216
10227
10238
10250
10262
10272
10284
10294
10305
10315
10327
10339
10350
10362
10373
10384
10396
10408
10419
10431
10442
10453
10464
10477
10488
10500
10511
10521
10534
10545
10558
10569
10579
10592
10604
10617
10629
10640
10652
10665
10677
10689
10700
10713
10726
10738
10751
10764
10777
10791
10803
10816
10830
10843
10855
10868
10882
10898
10911
10923
10937
10951
10965
10979
10993
11007
11020
11033
11047
11060
11073
11085
11100
11114
11127
11140
11153
11168
11182
11194
11208
11223
11237
11251
11265
11280
11295
11308
11322
11336
11350
11364
11379
11393
11408
11424
11438
11453
11469
11483
11497
11512
11526
11541
11555
11570
11585
11600
11614
11630
11645
11659
11674
11690
11705
11721
11735
11751
11766
11782
11798
11812
11829
11843
11858
11874
11889
11904
11918
11935
11951
11967
11983
11998
12012
12029
12044
12058
12074
12090
12106
12124
12140
12157
12174
12192
12209
12226
12243
12261
12277
12295
12311
12328
12344
12363
12380
12398
12415
12432
12450
12469
12485
12502
12519
12537
12555
12572
12589
12607
12626
12642
12661
12679
12699
12717
12736
12752
12771
12789
12809
12828
12846
12863
12881
12899
12919
12937
12956
12975
12993
13014
13032
13051
13072
13091
13111
13131
13151
13170
13190
13210
13229
13251
13271
13289
13308
13327
13349
13368
13388
13409
13429
13449
13471
13491
13511
13532
13551
13573
13595
13617
13637
13658
13679
13700
13723
13745
13768
13790
13811
13833
13856
13878
13901
13925
13947
13969
13992
14014
14037
14060
14081
14102
14125
14147
14167
14190
14214
14237
14261
14286
14311
14333
14357
14382
14406
14431
14457
14480
14504
14529
14553
14576
14601
14628
14652
14675
14702
14726
14752
14778
14802
14825
14851
14876
14902
14927
14954
14981
15007
15033
15059
15086
15113
15138
15165
15191
15218
15248
15275
15302
15330
15356
15384
15410
15438
15466
15494
15521
15550
15578
15605
15635
15666
15695
15724
15752
15782
15812
15840
15868
15898
15928
15958
15987
16019
16050
16081
16112
16144
16174
16205
16236
16266
16299
16330
16361
16392
16422
16456
16486
16516
16549
16581
16615
16647
16679
16711
16744
16778
16813
16847
16882
16918
16952
16985
17018
17050
17085
17118
17152
17187
17224
17261
17297
17332
17370
17406
17444
17480
17518
17557
17596
17633
17671
17710
17750
17786
17823
17864
17904
17942
17979
18017
18057
18098
18141
18178
18218
18259
18301
18343
18386
18427
18471
18514
18554
18600
18643
18685
18731
18773
18817
18862
18907
18950
18993
19040
19084
19130
19173
19220
19266
19313
19361
19405
19453
19500
19546
19593
19639
19690
19738
19789
19841
19889
19941
19991
20042
20095
20148
20200
20254
20308
20362
20418
20472
20524
20581
20637
20693
20748
20801
20854
20909
20966
21023
21081
21137
21199
21257
21319
21377
21436
21495
21553
21617
21675
21739
21805
21867
21933
21997
22063
22123
22188
22252
22320
22389
22455
22524
22591
22656
22725
22792
22862
22934
23004
23076
23148
23221
23297
23373
23448
23522
23600
23674
23752
23831
23915
23995
24074
24156
24239
24322
24407
24491
24575
24664
24751
24838
24925
25012
25097
25190
25285
25376
25467
25559
25653
25750
25846
25947
26046
26144
26243
26341
26448
26553
26658
26766
26872
26980
27089
27198
27310
27422
27536
27652
27768
27889
28008
28127
28249
28368
28492
28617
28744
28874
29003
29139
29276
29413
29546
29685
29828
29968
30115
30263
30414
30566
30722
30878
31034
31197
31362
31528
31694
31863
32033
32207
32387
32569
32759
32945
33139
33328
33523
33722
33932
34137
34351
34569
34788
35007
35236
35466
35703
35944
36192
36442
36699
36968
37240
37516
37800
38086
38377
38672
38979
39302
39623
39955
40294
40645
41006
41384
41766
42156
42563
42979
43402
43843
44287
44753
45232
45728
46225
46747
47290
47849
48421
49003
49608
50225
50855
51494
52147
52799
53461
54128
54791
55466
56140
56801
57449
58083
58703
59301
59873
60427
60951
61440
61907
62335
62730
63097
63426
63730
63991
64226
64436
64616
64770
64904
65021
65113
65196
65266
65323
65370
65405
65435
65459
65477
65492
65503
65511
65517
65522
65526
65528
65530
65532
65533
65534
65535
65535
65535
65535
65535
65535
65535
65535
65535
65535
65535
65535
65535
65535
65535
65535
65535
65535
65535
65535
65535
65535
65535
65535
65535
65535
65535
65535
65535
65535
65535
65535
65535
65535
65535
65535
65535
65535
65535
65535
65535
65535
65535
65535
65535
65535
65535
65535
65535
65535
65535
65535
65535
65535
65535
65535
65535
65535
65535
65535
65535
65535
65535
65535
65535
65535
65535
65535
65535
65535
65535
65535
65535
65535
65535
65535
65535
65535
65535
65535
65535
65535
65535
65535
65535
65535
65535
65535
65535
65535
65535
65535
65535
65535
65535
65535
65535
65535
65535
65535
65535
65535
65535
65535
65535
65535
65535
65535
65535
65535
65535
65535
65535
65535
65535
65535
65535
65535
65535
65535
65535
65535
65535
65535
65535
65535
65535
65535
65535
65535
65535
65535
65535
65535
65535
65535
65535
65535
65535
65535
65535
65535
65535
65535
65535
65535
65535
65535
65535
65535
65535
65535
65535
65535
65535
65535
65535
65535
65535
65535
65535
65535
65535
65535
65535
65535
65535
65535
65535
65535
65535
65535
65535
65535
65535
65535
65535
65535
65535
65535
65535
65535
65535
65535
65535
65535
65535
65535
65535
65535
65535
65535
65535
65535
65535
65535
65535
65535
65535
65535
65535
65535
65535
65535
65535
65535
65535
65535
65535
65535
65535
65535
65535
65535
65535
65535
65535
65535
65535
65535
65535
65535
65535
65535
65535
65535
65535
65535
65535
65535
65535
65535
65535
65535
65535
65535
65535
65535
65535
65535
65535
65535
65535
65535
65535
65535
65535
65535
65535
65535
65535
65535
65535
65535
65535
65535
65535
65535
65535
65535
65535
65535
65535
65535
65535
65535
65535
65535
65535
65535
65535
65535
65535
65535
65535
65535
65535
65535
65535
65535
65535
65535
65535
65535
65535
65535
65535
65535
65535
65535
65535
65535
65535
65535
65535
65535
65535
65535
65535
65535
65535
65535
65535
65535
65535
65535
65535
65535
65535
65535
65535
65535
65535
65535
65535
65535
65535
65535
65535
65535
65535
65535
65535
65535
65535
65535
65535
65535
65535
65535
65535
65535
65535
65535
65535
65535
65535
65535
65535
65535
65535
65535
65535
65535
65535
65535
65535
65535
65535
65535
65535
65535
65535
65535
65535
65535
65535
65535
65535
65535
65535
65535
65535
65535
65535
65535
65535
65535
65535
65535
65535
65535
65535
65535
65535
65535
65535
65535
65535
65535
65535
65535
65535
65535
65535
65535
65535
65535
65535
65535
65535
65535
65535
65535
65535
65535
65535
65535
65535
65535
65535
65535
65535
65535
65535
65535
65535
65535
65535
65535
65535
65535
65535
65535
65535
65535
65535
65535
65535
65535
65535
65535
65535
65535
65535
65535
65535
65535
65535
65535
65535
65535
65535
65535
65535
65535
65535
65535
65535
65535
65535
65535
65535
65535
65535
65535
65535
65535
65535
65535
65535
65535
65535
65535
65535
65535
65535
65535
65535
65535
65535
65535
65535
65535
65535
65535
65535
65535
65535
65535
65535
65535
65535
65535
65535
65535
65535
65535
65535
65535
65535
65535
65535
65535
65535
65535
65535
65535
65535
65535
65535
65535
65535
65535
65535
65535
65535
65535
65535
65535
65535
65535
65535
65535
65535
65535
65535
65535
65535
65535
65535
65535
65535
65535
65535
65535
65535
65535
65535
65535
65535
65535
65535
65535
65535
65535
65535
65535
65535
65535
65535
65535
65535
65535
65535
65535
65535
65535
65535
65535
65535
65535
65535
65535
65535
65535
65535
65535
65535
65535
65535
65535
65535
65535
65535
65535
65535
65535
65535
65535
65535
65535
65535
65535
65535
65535
65535
65535
65535
65535
65535
65535
65535
65535
65535
65535
65535
65535
65535
65535
65535
65535
65535
65535
65535
65535
65535
65535
65535
65535
65535
65535
65535
65535
65535
65535
65535
65535
65535
65535
65535
65535
65535
65535
65535
65535
65535
65535
65535
65535
65535
65535
65535
65535
65535
65535
65535
65535
65535
65535
65535
65535
65535
65535
65535
65535
65535
65535
65535
65535
65535
65535
65535
65535
65535
65535
65535
65535
65535
65535
65535
65535
65535
65535
65535
65535
65535
65535
65535
65535
65535
65535
65535
65535
65535
65535
65535
65535
65535
65535
65535
65535
65535
65535
65535
65535
65535
65535
65535
65535
65535
65535
65535
65535
65535
65535
65535
65535
65535
65535
65535
65535
65535
65535
65535
65535
65535
65535
65535
65535
65535
65535
65535
65535
65535
65535
65535
65535
65535
65535
65535
65535
65535
65535
65535
65535
65535
65535
65535
65535
65535
65535
65535
65535
65535
65535
65535
65535
65535
65535
65535
65535
65535
65535
65535
65535
65535
65535
65535
65535
65535
65535
65535
65535
65535
65535
65535
65535
65535
65535
65535
65535
65535
65535
65535
65535
65535
65535
65535
65535
65535
65535
65535
65535
65535
65535
65535
65535
65535
65535
65535
65535
65535
65535
65535
65535
65535
65535
65535
65535
65535
65535
65535
65535
65535
65535
65535
65535
65535
65535
65535
65535
65535
65535
65535
65535
65535
65535
65535
65535
65535
65535
65535
65535
65535
65535
65535
65535
65535
65535
65535
65535
65535
65535
65535
65535
65535
65535
65535
65535
65535
65535
65535
65535
65535
65535
65535
65535
65535
65535
65535
65535
65535
65535
65535
65535
65535
65535
65535
65535
65535
65535
65535
65535
65535
65535
65535
65535
65535
65535
65535
65535
65535
65535
65535
65535
65535
65535
65535
65535
65535
65535
65535
65535
65535
65535
65535
65535
65535
65535
65535
65535
65535
65535
65535
65535
65535
65535
65535
65535
65535
65535
65535
65535
65535
65535
65535
65535
65535
65535
65535
65535
65535
65535
65535
65535
65535
65535
65535
65535
65535
65535
65535
65535
65535
65535
65535
65535
65535
65535
65535
65535
65535
65535
65535
65535
65535
65535
65535
65535
65535
65535
65535
65535
65535
65535
65535
65535
65535
65535
65535
65535
65535
65535
65535
65535
65535
65535
65535
65535
65535
65535
65535
65535
65535
65535
65535
65535
65535
65535
65535
65535
65535
65535
65535
65535
65535
65535
65535
65535
65535
65535
65535
65535
65535
65535
65535
65535
65535
65535
65535
65535
65535
65535
65535
65535
65535
65535
65535
65535
65535
65535
65535
65535
65535
65535
65535
65535
65535
65535
65535
65535
65535
65535
65535
65535
65535
65535
65535
65535
65535
65535
65535
65535
65535
65535
65535
65535
65535
65535
65535
65535
65535
65535
65535
65535
65535
65535
65535
65535
65535
65535
65535
65535
65535
65535
65535
65535
65535
65535
65535
65535
65535
65535
65535
65535
65535
65535
65535
65535
65535
65535
65535
65535
65535
65535
65535
65535
65535
65535
65535
65535
65535
65535
65535
65535
65535
65535
65535
65535
65535
65535
65535
65535
65535
65535
65535
65535
65535
65535
65535
65535
65535
65535
65535
65535
65535
65535
65535
65535
65535
65535
65535
65535
65535
65535
65535
65535
65535
65535
65535
65535
65535
65535
65535
65535
65535
65535
65535
65535
65535
65535
65535
65535
65535
65535
65535
65535
65535
65535
65535
65535
65535
65535
65535
65535
65535
65535
65535
65535
65535
65535
65535
65535
65535
65535
65535
65535
65535
65535
65535
65535
65535
65535
65535
65535
65535
65535
65535
65535
65535
65535
65535
65535
65535
65535
65535
65535
65535
65535
65535
65535
65535
65535
65535
65535
65535
65535
65535
65535
65535
65535
65535
65535
65535
65535
65535
65535
65535
65535
65535
65535
65535
65535
65535
65535
65535
65535
65535
65535
65535
65535
65535
65535
65535
65535
65535
65535
65535
65535
65535
65535
65535
65535
65535
65535
65535
65535
65535
65535
65535
65535
65535
65535
65535
65535
65535
65535
65535
65535
65535
65535
65535
65535
65535
65535
65535
65535
65535
65535
65535
65535
65535
65535
65535
65535
65535
65535
65535
65535
65535
65535
65535
65535
65535
65535
65535
65535
65535
65535
65535
65535
65535
65535
65535
65535
65535
65535
65535
65535
65535
65535
65535
65535
65535
65535
65535
65535
65535
65535
65535
65535
65535
65535
65535
65535
65535
65535
65535
65535
65535
65535
65535
65535
65535
65535
65535
65535
65535
65535
65535
65535
65535
65535
65535
65535
65535
65535
65535
65535
65535
65535
65535
65535
65535
65535
65535
65535
65535
65535
65535
65535
65535
65535
65535
65535
65535
65535
65535
65535
65535
65535
65535
65535
65535
65535
65535
65535
65535
65535
65535
65535
65535
65535
65535
65535
65535
65535
65535
65535
65535
65535
65535
65535
65535
65535
65535
65535
65535
65535
65535
65535
65535
65535
65535
65535
65535
65535
65535
65535
65535
65535
65535
65535
65535
65535
65535
65535
65535
65535
65535
65535
65535
65535
65535
65535
65535
65535
65535
65535
65535
65535
65535
65535
65535
65535
65535
65535
65535
65535
65535
65535
65535
65535
65535
65535
65535
65535
65535
65535
65535
65535
65535
65535
65535
65535
65535
65535
65535
65535
65535
65535
65535
65535
65535
65535
65535
65535
65535
65535
65535
65535
65535
65535
65535
65535
65535
65535
65535
65535
65535
65535
65535
65535
65535
65535
65535
65535
65535
65535
65535
65535
65535
65535
65535
65535
65535
65535
65535
65535
65535
65535
65535
65535
65535
65535
65535
65535
65535
65535
65535
65535
65535
65535
65535
65535
65535
65535
65535
65535
65535
65535
65535
65535
65535
65535
65535
65535
65535
65535
65535
65535
65535
65535
65535
65535
65535
65535
65535
65535
65535
65535
65535
65535
65535
65535
65535
65535
65535
65535
65535
65535
65535
65535
65535
65535
65535
65535
65535
65535
65535
65535
65535
65535
65535
65535
65535
65535
65535
65535
65535
65535
65535
65535
65535
65535
65535
65535
65535
65535
65535
65535
65535
65535
65535
65535
65535
65535
65535
65535
65535
65535
65535
65535
65535
65535
65535
65535
65535
65535
65535
65535
65535
65535
65535
65535
65535
65535
65535
65535
65535
65535
65535
65535
65535
65535
65535
65535
65535
65535
65535
65535
65535
65535
65535
65535
65535
65535
65535
65535
65535
65535
65535
65535
65535
65535
65535
65535
65535
65535
65535
65535
65535
65535
65535
65535
65535
65535
65535
65535
65535
65535
65535
65535
65535
65535
65535
65535
65535
65535
65535
65535
65535
65535
65535
65535
65535
65535
65535
65535
65535
65535
65535
65535
65535
65535
65535
65535
65535
65535
65535
65535
65535
65535
65535
65535
65535
65535
65535
65535
65535
65535
65535
65535
65535
65535
65535
65535
65535
65535
65535
65535
65535
65535
65535
65535
65535
65535
65535
65535
65535
65535
65535
65535
65535
65535
65535
65535
65535
65535
65535
65535
65535
65535
65535
65535
65535
65535
65535
65535
65535
65535
65535
65535
65535
65535
65535
65535
65535
65535
65535
65535
65535
65535
65535
65535
65535
65535
65535
65535
65535
65535
65535
65535
65535
65535
65535
65535
65535
65535
65535
65535
65535
65535
65535
65535
65535
65535
65535
65535
65535
65535
65535
65535
65535
65535
65535
65535
65535
65535
65535
65535
65535
65535
65535
65535
65535
65535
65535
65535
65535
65535
65535
65535
65535
65535
65535
65535
65535
65535
65535
65535
65535
65535
65535
65535
65535
65535
65535
65535
65535
65535
65535
65535
65535
65535
65535
65535
65535
65535
65535
65535
65535
65535
65535
65535
65535
65535
65535
65535
65535
65535
65535
65535
65535
65535
65535
65535
65535
65535
65535
65535
65535
65535
65535
65535
65535
65535
65535
65535
65535
65535
65535
65535
65535
65535
65535
65535
65535
65535
65535
65535
65535
65535
65535
65535
65535
65535
65535
65535
65535
65535
65535
65535
65535
65535
65535
65535
65535
65535
65535
65535
65535
65535
65535
65535
65535
65535
65535
65535
65535
65535
65535
65535
65535
65535
65535
65535
65535
65535
65535
65535
65535
65535
65535
65535
65535
65535
65535
65535
65535
65535
65535
65535
65535
65535
65535
65535
65535
65535
65535
65535
65535
65535
65535
65535
65535
65535
65535
65535
65535
65535
65535
65535
65535
65535
65535
65535
65535
65535
65535
65535
65535
65535
65535
65535
65535
65535
65535
65535
65535
65535
65535
65535
65535
65535
65535
65535
65535
65535
65535
65535
65535
65535
65535
65535
65535
65535
65535
65535
65535
65535
65535
65535
65535
65535
65535
65535
65535
65535
65535
65535
65535
65535
65535
65535
65535
65535
65535
65535
65535
65535
65535
65535
65535
65535
65535
65535
65535
65535
65535
65535
65535
65535
65535
65535
65535
65535
65535
65535
65535
65535
65535
65535
65535
65535
65535
65535
65535
65535
65535
65535
65535
65535
65535
65535
65535
65535
65535
65535
65535
65535
65535
65535
65535
65535
65535
65535
65535
65535
65535
65535
65535
65535
65535
65535
65535
65535
65535
65535
65535
65535
65535
65535
65535
65535
65535
65535
65535
65535
65535
65535
65535
65535
65535
65535
65535
65535
65535
65535
65535
65535
65535
65535
65535
65535
65535
65535
65535
65535
65535
65535
65535
65535
65535
65535
65535
65535
65535
65535
65535
65535
65535
65535
65535
65535
65535
65535
65535
65535
65535
65535
65535
65535
65535
65535
65535
65535
65535
65535
65535
65535
65535
65535
65535
65535
65535
65535
65535
65535
65535
65535
65535
65535
65535
65535
65535
65535
65535
65535
65535
65535
65535
65535
65535
65535
65535
65535
65535
65535
65535
65535
65535
65535
65535
65535
65535
65535
65535
65535
65535
65535
65535
65535
65535
65535
65535
65535
65535
65535
65535
65535
65535
65535
65535
65535
65535
65535
65535
65535
65535
65535
65535
65535
65535
65535
65535
65535
65535
65535
65535
65535
65535
65535
65535
65535
65535
65535
65535
65535
65535
65535
65535
65535
65535
65535
65535
65535
65535
65535
65535
65535
65535
65535
65535
65535
65535
65535
65535
65535
65535
65535
65535
65535
65535
65535
65535
65535
65535
65535
65535
65535
65535
65535
65535
65535
65535
65535
65535
65535
65535
65535
65535
65535
65535
65535
65535
65535
65535
65535
65535
65535
65535
65535
65535
65535
65535
65535
65535
65535
65535
65535
65535
65535
65535
65535
65535
65535
65535
65535
65535
65535
65535
65535
65535
65535
65535
65535
65535
65535
65535
65535
65535
65535
65535
65535
65535
65535
65535
65535
65535
65535
65535
65535
65535
65535
65535
65535
65535
65535
65535
65535
65535
65535
65535
65535
65535
65535
65535
65535
65535
65535
65535
65535
65535
65535
65535
65535
65535
65535
65535
65535
65535
65535
65535
65535
65535
65535
65535
65535
65535
65535
65535
65535
65535
65535
65535
65535
65535
65535
65535
65535
65535
65535
65535
65535
65535
65535
65535
65535
65535
65535
65535
65535
65535
65535
65535
65535
65535
65535
65535
65535
65535
65535
65535
65535
65535
65535
65535
65535
65535
65535
65535
65535
65535
65535
65535
65535
65535
65535
65535
65535
65535
65535
65535
65535
65535
65535
65535
65535
65535
65535
65535
65535
65535
65535
65535
65535
65535
65535
65535
65535
65535
65535
65535
65535
65535
65535
65535
65535
65535
65535
65535
65535
65535
65535
65535
65535
65535
65535
65535
65535
65535
65535
65535
65535
65535
65535
65535
65535
65535
65535
65535
65535
65535
65535
65535
65535
65535
65535
65535
65535
65535
65535
65535
65535
65535
65535
65535
65535
65535
65535
65535
65535
65535
65535
65535
65535
65535
65535
65535
65535
65535
65535
65535
65535
65535
65535
65535
65535
65535
65535
65535
65535
65535
65535
65535
65535
65535
65535
65535
65535
65535
65535
65535
65535
65535
65535
65535
65535
65535
65535
65535
65535
65535
65535
65535
65535
65535
65535
65535
65535
65535
65535
65535
65535
65535
65535
65535
65535
65535
65535
65535
65535
65535
65535
65535
65535
65535
65535
65535
65535
65535
65535
65535
65535
65535
65535
65535
65535
65535
65535
65535
65535
65535
65535
65535
65535
65535
65535
65535
65535
65535
65535
65535
65535
65535
65535
65535
65535
65535
65535
65535
65535
65535
65535
65535
65535
65535
65535
65535
65535
65535
65535
65535
65535
65535
65535
65535
65535
65535
65535
65535
65535
65535
65535
65535
65535
65535
65535
65535
65535
65535
65535
65535
65535
65535
65535
65535
65535
65535
65535
65535
65535
65535
65535
65535
65535
65535
65535
65535
65535
65535
65535
65535
65535
65535
65535
65535
65535
65535
65535
65535
65535
65535
65535
65535
65535
65535
65535
65535
65535
65535
65535
65535
65535
65535
65535
65535
65535
65535
65535
65535
65535
65535
65535
65535
65535
65535
65535
65535
65535
65535
65535
65535
65535
65535
65535
65535
65535
65535
65535
65535
65535
65535
65535
65535
65535
65535
65535
65535
65535
65535
65535
65535
65535
65535
65535
65535
65535
65535
65535
65535
65535
65535
65535
65535
65535
65535
65535
65535
65535
65535
65535
65535
65535
65535
65535
65535
65535
65535
65535
65535
65535
65535
65535
65535
65535
65535
65535
65535
65535
65535
65535
65535
65535
65535
65535
65535
65535
65535
65535
65535
65535
65535
65535
65535
65535
65535
65535
65535
65535
65535
65535
65535
65535
65535
65535
65535
65535
65535
65535
65535
65535
65535
65535
65535
65535
65535
65535
65535
65535
65535
65535
65535
65535
65535
65535
65535
65535
65535
65535
65535
65535
65535
65535
65535
65535
65535
65535
65535
65535
65535
65535
65535
65535
65535
65535
65535
65535
65535
65535
65535
65535
65535
65535
65535
65535
65535
65535
65535
65535
65535
65535
65535
65535
65535
65535
65535
65535
65535
65535
65535
65535
65535
65535
65535
65535
65535
65535
65535
65535
65535
65535
65535
65535
65535
65535
65535
65535
65535
65535
65535
65535
65535
65535
65535
65535
65535
65535
65535
65535
65535
65535
65535
65535
65535
65535
65535
65535
65535
65535
65535
65535
65535
65535
65535
65535
65535
65535
65535
65535
65535
65535
65535
65535
65535
65535
65535
65535
65535
65535
65535
65535
65535
65535
65535
65535
65535
65535
65535
65535
65535
65535
65535
65535
65535
65535
65535
65535
65535
65535
65535
65535
65535
65535
65535
65535
65535
65535
65535
65535
65535
65535
65535
65535
65535
65535
65535
65535
65535
65535
65535
65535
65535
65535
65535
65535
65535
65535
65535
65535
65535
65535
65535
65535
65535
65535
65535
65535
65535
65535
65535
65535
65535
65535
65535
65535
65535
65535
65535
65535
65535
65535
65535
65535
65535
65535
65535
65535
65535
65535
65535
65535
65535
65535
65535
65535
65535
65535
65535
65535
65535
65535
65535
65535
65535
65535
65535
65535
65535
65535
65535
65535
65535
65535
65535
65535
65535
65535
65535
65535
65535
65535
65535
65535
65535
65535
65535
65535
65535
65535
65535
65535
65535
65535
65535
65535
65535
65535
65535
65535
65535
65535
65535
65535
65535
65535
65535
65535
65535
65535
65535
65535
65535
65535
65535
65535
65535
65535
65535
65535
65535
65535
65535
65535
65535
65535
65535
65535
65535
65535
65535
65535
65535
65535
65535
65535
65535
65535
65535
65535
65535
65535
65535
65535
65535
65535
65535
65535
65535
65535
65535
65535
65535
65535
65535
65535
65535
65535
65535
65535
65535
65535
65535
65535
65535
65535
65535
65535
65535
65535
65535
65535
65535
65535
65535
65535
65535
65535
65535
65535
65535
65535
65535
65535
65535
65535
65535
65535
65535
65535
65535
65535
65535
65535
65535
65535
65535
65535
65535
65535
65535
65535
65535
65535
65535
65535
65535
65535
65535
65535
65535
65535
65535
65535
65535
65535
65535
65535
65535
65535
65535
65535
65535
65535
65535
65535
65535
65535
65535
65535
65535
65535
65535
65535
65535
65535
65535
65535
65535
65535
65535
65535
65535
65535
65535
65535
65535
65535
65535
65535
65535
65535
65535
65535
65535
65535
65535
65535
65535
65535
65535
65535
65535
65535
65535
65535
65535
65535
65535
65535
65535
65535
65535
65535
65535
65535
65535
65535
65535
65535
65535
65535
65535
65535
65535
65535
65535
65535
65535
65535
65535
65535
65535
65535
65535
65535
65535
65535
65535
65535
65535
65535
65535
65535
65535
65535
65535
65535
65535
65535
65535
65535
65535
65535
65535
65535
65535
65535
65535
65535
65535
65535
65535
65535
65535
65535
65535
65535
65535
65535
65535
65535
65535
65535
65535
65535
65535
65535
65535
65535
65535
65535
65535
65535
65535
65535
65535
65535
65535
65535
65535
65535
65535
65535
65535
65535
65535
65535
65535
65535
65535
65535
65535
65535
65535
65535
65535
65535
65535
65535
65535
65535
65535
65535
65535
65535
65535
65535
65535
65535
65535
65535
65535
65535
65535
65535
65535
65535
65535
65535
65535
65535
65535
65535
65535
65535
65535
65535
65535
65535
65535
65535
65535
65535
65535
65535
65535
65535
65535
65535
65535
65535
65535
65535
65535
65535
65535
65535
65535
65535
65535
65535
65535
65535
65535
65535
65535
65535
65535
65535
65535
65535
65535
65535
65535
65535
65535
65535
65535
65535
65535
65535
65535
65535
65535
65535
65535
65535
65535
65535
65535
65535
65535
65535
65535
65535
65535
65535
65535
65535
65535
65535
65535
65535
65535
65535
65535
65535
65535
65535
65535
65535
65535
65535
65535
65535
65535
65535
65535
65535
65535
65535
65535
65535
65535
65535
65535
65535
65535
65535
65535
65535
65535
65535
65535
65535
65535
65535
65535
65535
65535
65535
65535
65535
65535
65535
65535
65535
65535
65535
65535
65535
65535
65535
65535
65535
65535
65535
65535
65535
65535
65535
65535
65535
65535
65535
65535
65535
65535
65535
65535
65535
65535
65535
65535
65535
65535
65535
65535
65535
65535
65535
65535
65535
65535
65535
65535
65535
65535
65535
65535
65535
65535
65535
65535
65535
65535
65535
65535
65535
65535
65535
65535
65535
65535
65535
65535
65535
65535
65535
65535
65535
65535
65535
65535
65535
65535
65535
65535
65535
65535
65535
65535
65535
65535
65535
65535
65535
65535
65535
65535
65535
65535
65535
65535
65535
65535
65535
65535
65535
65535
65535
65535
65535
65535
65535
65535
65535
65535
65535
65535
65535
65535
65535
65535
65535
65535
65535
65535
65535
65535
65535
65535
65535
65535
65535
65535
65535
65535
65535
65535
65535
65535
65535
65535
65535
65535
65535
65535
65535
65535
65535
65535
65535
65535
65535
65535
65535
65535
65535
65535
65535
65535
65535
65535
65535
65535
65535
65535
65535
65535
65535
65535
65535
65535
65535
65535
65535
65535
65535
65535
65535
65535
65535
65535
65535
65535
65535
65535
65535
65535
65535
65535
65535
65535
65535
65535
65535
65535
65535
65535
65535
65535
65535
65535
65535
65535
65535
65535
65535
65535
65535
65535
65535
65535
65535
65535
65535
65535
65535
65535
65535
65535
65535
65535
65535
65535
65535
65535
65535
65535
65535
65535
65535
65535
65535
65535
65535
65535
65535
65535
65535
65535
65535
65535
65535
65535
65535
65535
65535
65535
65535
65535
65535
65535
65535
65535
65535
65535
65535
65535
65535
65535
65535
65535
65535
65535
65535
65535
65535
65535
65535
65535
65535
65535
65535
65535
65535
65535
65535
65535
65535
65535
65535
65535
65535
65535
65535
65535
65535
65535
65535
65535
65535
65535
65535
65535
65535
65535
65535
65535
65535
65535
65535
65535
65535
65535
65535
65535
65535
65535
65535
65535
65535
65535
65535
65535
65535
65535
65535
65535
65535
65535
65535
65535
65535
65535
65535
65535
65535
65535
65535
65535
65535
65535
65535
65535
65535
65535
65535
65535
65535
65535
65535
65535
65535
65535
65535
65535
65535
65535
65535
65535
65535
65535
65535
65535
65535
65535
65535
65535
65535
65535
65535
65535
65535
65535
65535
65535
65535
65535
65535
65535
65535
65535
65535
65535
65535
65535
65535
65535
65535
65535
65535
65535
65535
65535
65535
65535
65535
65535
65535
65535
65535
65535
65535
65535
65535
65535
65535
65535
65535
65535
65535
65535
65535
65535
65535
65535
65535
65535
65535
65535
65535
65535
65535
65535
65535
65535
65535
65535
65535
65535
65535
65535
65535
65535
65535
65535
65535
65535
65535
65535
65535
65535
65535
65535
65535
65535
65535
65535
65535
65535
65535
65535
65535
65535
65535
65535
65535
65535
65535
65535
65535
65535
65535
65535
65535
65535
65535
65535
65535
65535
65535
65535
65535
65535
65535
65535
65535
65535
65535
65535
65535
65535
65535
65535
65535
65535
65535
65535
65535
65535
65535
65535
65535
65535
65535
65535
65535
65535
65535
65535
65535
65535
65535
65535
65535
65535
65535
65535
65535
65535
65535
65535
65535
65535
65535
65535
65535
65535
65535
65535
65535
65535
65535
65535
65535
65535
65535
65535
65535
65535
65535
65535
65535
65535
65535
65535
65535
65535
65535
65535
65535
65535
65535
65535
65535
65535
65535
65535
65535
65535
65535
65535
65535
65535
65535
65535
65535
65535
65535
65535
65535
65535
65535
65535
65535
65535
65535
65535
65535
65535
65535
65535
65535
65535
65535
65535
65535
65535
65535
65535
65535
65535
65535
65535
65535
65535
65535
65535
65535
65535
65535
65535
65535
65535
65535
65535
65535
65535
65535
65535
65535
65535
65535
65535
65535
65535
65535
65535
65535
65535
65535
65535
65535
65535
65535
65535
65535
65535
65535
65535
65535
65535
65535
65535
65535
65535
65535
65535
65535
65535
65535
65535
65535
65535
65535
65535
65535
65535
65535
65535
65535
65535
65535
65535
65535
65535
65535
65535
65535
65535
65535
65535
65535
65535
65535
65535
65535
65535
65535
65535
65535
65535
65535
65535
65535
65535
65535
65535
65535
65535
65535
65535
65535
65535
65535
65535
65535
65535
65535
65535
65535
65535
65535
65535
65535
65535
65535
65535
65535
65535
65535
65535
65535
65535
65535
65535
65535
65535
65535
65535
65535
65535
65535
65535
65535
65535
65535
65535
65535
65535
65535
65535
65535
65535
65535
65535
65535
65535
65535
65535
65535
65535
65535
65535
65535
65535
65535
65535
65535
65535
65535
65535
65535
65535
65535
65535
65535
65535
65535
65535
65535
65535
65535
65535
65535
65535
65535
65535
65535
65535
65535
65535
65535
65535
65535
65535
65535
65535
65535
65535
65535
65535
65535
65535
65535
65535
65535
65535
65535
65535
65535
65535
65535
65535
65535
65535
65535
65535
65535
65535
65535
65535
65535
65535
65535
65535
65535
65535
65535
65535
65535
65535
65535
65535
65535
65535
65535
65535
65535
65535
65535
65535
65535
65535
65535
65535
65535
65535
65535
65535
65535
65535
65535
65535
65535
65535
65535
65535
65535
65535
65535
65535
65535
65535
65535
65535
65535
65535
65535
65535
65535
65535
65535
65535
65535
65535
65535
65535
65535
65535
65535
65535
65535
65535
65535
65535
65535
65535
65535
65535
65535
65535
65535
65535
65535
65535
65535
65535
65535
65535
65535
65535
65535
65535
65535
65535
65535
65535
65535
65535
65535
65535
65535
65535
65535
65535
65535
65535
65535
65535
65535
65535
65535
65535
65535
65535
65535
65535
65535
65535
65535
65535
65535
65535
65535
65535
65535
65535
65535
65535
65535
65535
65535
65535
65535
65535
65535
65535
65535
65535
65535
65535
65535
65535
65535
65535
65535
65535
65535
65535
65535
65535
65535
65535
65535
65535
65535
65535
65535
65535
65535
65535
65535
65535
65535
65535
65535
65535
65535
65535
65535
65535
65535
65535
65535
65535
65535
65535
65535
65535
65535
65535
65535
65535
65535
65535
65535
65535
65535
65535
65535
65535
65535
65535
65535
65535
65535
65535
65535
65535
65535
65535
65535
65535
65535
65535
65535
65535
65535
65535
65535
65535
65535
65535
65535
65535
65535
65535
65535
65535
65535
65535
65535
65535
65535
65535
65535
65535
65535
65535
65535
65535
65535
65535
65535
65535
65535
65535
65535
65535
65535
65535
65535
65535
65535
65535
65535
65535
65535
65535
65535
65535
65535
65535
65535
65535
65535
65535
65535
65535
65535
65535
65535
65535
65535
65535
65535
65535
65535
65535
65535
65535
65535
65535
65535
65535
65535
65535
65535
65535
65535
65535
65535
65535
65535
65535
65535
65535
65535
65535
65535
65535
65535
65535
65535
65535
65535
65535
65535
65535
65535
65535
65535
65535
65535
65535
65535
65535
65535
65535
65535
65535
65535
65535
65535
65535
65535
65535
65535
65535
65535
65535
65535
65535
65535
65535
65535
65535
65535
65535
65535
65535
65535
65535
65535
65535
65535
65535
65535
65535
65535
65535
65535
65535
65535
65535
65535
65535
65535
65535
65535
65535
65535
65535
65535
65535
65535
65535
65535
65535
65535
65535
65535
65535
65535
65535
65535
65535
65535
65535
65535
65535
65535
65535
65535
65535
65535
65535
65535
65535
65535
65535
65535
65535
65535
65535
65535
65535
65535
65535
65535
65535
65535
65535
65535
65535
65535
65535
65535
65535
65535
65535
65535
65535
65535
65535
65535
65535
65535
65535
65535
65535
65535
65535
65535
65535
65535
65535
65535
65535
65535
65535
65535
65535
65535
65535
65535
65535
65535
65535
65535
65535
65535
65535
65535
65535
65535
65535
65535
65535
65535
65535
65535
65535
65535
65535
65535
65535
65535
65535
65535
65535
65535
65535
65535
65535
65535
65535
65535
65535
65535
65535
65535
65535
65535
65535
65535
65535
65535
65535
65535
65535
65535
65535
65535
65535
65535
65535
65535
65535
65535
65535
65535
65535
65535
65535
65535
65535
65535
65535
65535
65535
65535
65535
65535
65535
65535
65535
65535
65535
65535
65535
65535
65535
65535
65535
65535
65535
65535
65535
65535
65535
65535
65535
65535
65535
65535
65535
65535
65535
65535
65535
65535
65535
65535
65535
65535
65535
65535
65535
65535
65535
65535
65535
65535
65535
65535
65535
65535
65535
65535
65535
65535
65535
65535
65535
65535
65535
65535
65535
65535
65535
65535
65535
65535
65535
65535
65535
65535
65535
65535
65535
65535
65535
65535
65535
65535
65535
65535
65535
65535
65535
65535
65535
65535
65535
65535
65535
65535
65535
65535
65535
65535
65535
65535
65535
65535
65535
65535
65535
65535
65535
65535
65535
65535
65535
65535
65535
65535
65535
65535
65535
65535
65535
65535
65535
65535
65535
65535
65535
65535
65535
65535
65535
65535
65535
65535
65535
65535
65535
65535
65535
65535
65535
65535
65535
65535
65535
65535
65535
65535
65535
65535
65535
65535
65535
65535
65535
65535
65535
65535
65535
65535
65535
65535
65535
65535
65535
65535
65535
65535
65535
65535
65535
65535
65535
65535
65535
65535
65535
65535
65535
65535
65535
65535
65535
65535
65535
65535
65535
65535
65535
65535
65535
65535
65535
65535
65535
65535
65535
65535
65535
65535
65535
65535
65535
65535
65535
65535
65535
65535
65535
65535
65535
65535
65535
65535
65535
65535
65535
65535
65535
65535
65535
65535
65535
65535
65535
65535
65535
65535
65535
65535
65535
65535
65535
65535
65535
65535
65535
65535
65535
65535
65535
65535
65535
65535
65535
65535
65535
65535
65535
65535
65535
65535
65535
65535
65535
65535
65535
65535
65535
65535
65535
65535
65535
65535
65535
65535
65535
65535
65535
65535
65535
65535
65535
65535
65535
65535
65535
65535
65535
65535
65535
65535
65535
65535
65535
65535
65535
65535
65535
65535
65535
65535
65535
65535
65535
65535
65535
65535
65535
65535
65535
65535
65535
65535
65535
65535
65535
65535
65535
65535
65535
65535
65535
65535
65535
65535
65535
65535
65535
65535
65535
65535
65535
65535
65535
65535
65535
65535
65535
65535
65535
65535
65535
65535
65535
65535
65535
65535
65535
65535
65535
65535
65535
65535
65535
65535
65535
65535
65535
65535
65535
65535
65535
65535
65535
65535
65535
65535
65535
65535
65535
65535
65535
65535
65535
65535
65535
65535
65535
65535
65535
65535
65535
65535
65535
65535
65535
65535
65535
65535
65535
65535
65535
65535
65535
65535
65535
65535
65535
65535
65535
65535
65535
65535
65535
65535
65535
65535
65535
65535
65535
65535
65535
65535
65535
65535
65535
65535
65535
65535
65535
65535
65535
65535
65535
65535
65535
65535
65535
65535
65535
65535
65535
65535
65535
65535
65535
65535
65535
65535
65535
65535
65535
65535
65535
65535
65535
65535
65535
65535
65535
65535
65535
65535
65535
65535
65535
65535
65535
65535
65535
65535
65535
65535
65535
65535
65535
65535
65535
65535
65535
65535
65535
65535
65535
65535
65535
65535
65535
65535
65535
65535
65535
65535
65535
65535
65535
65535
65535
65535
65535
65535
65535
65535
65535
65535
65535
65535
65535
65535
65535
65535
65535
65535
65535
65535
65535
65535
65535
65535
65535
65535
65535
65535
65535
65535
65535
65535
65535
65535
65535
65535
65535
65535
65535
65535
65535
65535
65535
65535
65535
65535
65535
65535
65535
65535
65535
65535
65535
65535
65535
65535
65535
65535
65535
65535
65535
65535
65535
65535
65535
65535
65535
65535
65535
65535
65535
65535
65535
65535
65535
65535
65535
65535
65535
65535
65535
65535
65535
65535
65535
65535
65535
65535
65535
65535
65535
65535
65535
65535
65535
65535
65535
65535
65535
65535
65535
65535
65535
65535
65535
65535
65535
65535
65535
65535
65535
65535
65535
65535
65535
65535
65535
65535
65535
65535
65535
65535
65535
65535
65535
65535
65535
65535
65535
65535
65535
65535
65535
65535
65535
65535
65535
65535
65535
65535
65535
65535
65535
65535
65535
65535
65535
65535
65535
65535
65535
65535
65535
65535
65535
65535
65535
65535
65535
65535
65535
65535
65535
65535
65535
65535
65535
65535
65535
65535
65535
65535
65535
65535
65535
65535
65535
65535
65535
65535
65535
65535
65535
65535
65535
65535
65535
65535
65535
65535
65535
65535
65535
65535
65535
65535
65535
65535
65535
65535
65535
65535
65535
65535
65535
65535
65535
65535
65535
65535
65535
65535
65535
65535
65535
65535
65535
65535
65535
65535
65535
65535
65535
65535
65535
65535
65535
65535
65535
65535
65535
65535
65535
65535