40414
12183
24618
46379
11931
58562
24114
64528
48732
17392
51589
23358
10671
54193
41506
38145
37893
43859
18736
65368
37137
55537
52177
48816
64107
13863
47807
56882
62847
21929
43438
55621
14703
29995
45287
57470
38313
53605
3360
46631
24365
14535
48479
19996
10166
44110
24953
43354
5545
1932
45202
38481
44194
62342
30499
57721
35204
503
49991
65031
8569
36044
44866
63014
28062
43101
30162
29658
44698
31759
43689
27641
55368
17307
26129
41169
34447
8821
2099
4704
19743
335
59149
17979
51671
16718
31758
31254
43185
5123
32598
47638
62677
8820
1846
57300
34782
49822
36631
39235
41588
59736
12349
36715
61081
23019
502
31085
2350
45369
63517
37891
40243
14617
7643
38227
28144
11844
51754
13693
44276
49737
11676
45368
50829
34529
2686
33269
63852
16465
37722
15205
20918
35958
19658
15793
43267
2097
7558
25707
28311
15120
55030
29404
28899
56374
5878
45787
4617
38310
37553
55702
42511
7558
50576
21841
21337
29907
26294
3777
25034
21421
29991
23017
10078
34192
58558
11170
41754
63011
37385
2432
42342
32511
59986
25034
55617
2012
57465
44274
21757
2348
23605
1087
25453
37384
49315
42593
23185
35116
47046
55616
51752
4364
60069
6212
18143
51835
57549
3944
53180
55784
64606
38980
7136
25285
5876
27133
26629
41669
498
12429
46122
61161
51079
16126
9404
5792
23688
60489
63093
65446
64942
42424
60573
3859
40660
11925
36291
29569
50826
28309
21335
45701
1422
28897
47045
40323
11588
39063
13437
47381
62421
49481
55195
48473
29316
53682
62504
12008
61496
23435
19822
19318
12596
49397
51750
48137
47633
12680
33937
33433
61160
60656
47716
18981
27803
52169
57883
7386
6882
15704
8983
14696
26627
63428
16040
31080
15032
17637
26459
10411
13015
31164
52673
52169
60991
48052
25786
34609
37213
64940
48892
10831
19653
62923
40658
55698
20745
42002
47715
59646
43598
17972
48808
4529
38473
19316
53261
62083
11586
20409
26122
16291
28222
43262
64519
36036
19988
22593
15871
52924
17972
61242
26542
19820
16207
159
37212
30491
4864
4360
63174
243
40405
52588
48975
17131
38640
3940
53428
62250
30658
2175
17215
54268
22676
28390
15450
58721
14442
39060
51243
38304
56452
21500
49226
45614
35783
47714
326
2931
39984
33262
57628
47798
56620
49898
64938
36455
54603
54099
50486
43765
33934
27213
39144
1082
38135
9652
9148
46201
64350
60737
47797
41076
21919
61829
48890
48385
19902
34942
34438
5955
8560
51830
45108
1082
578
34270
21331
39479
29649
38471
22423
12592
2762
46032
61072
23011
6963
6459
62164
61660
48721
20238
47713
19230
12508
65105
58383
60988
29396
38218
21918
24523
20910
39058
10575
63172
44015
49729
55442
51829
32672
35277
16120
12508
61996
58383
36117
41831
25783
22170
49644
39562
57710
29227
34941
31328
18389
52081
57794
32420
38133
46955
52669
42838
33008
51156
35108
34604
18556
2508
24018
64179
19901
25614
59558
37293
58550
33176
32672
29059
34772
24942
43090
39477
35864
29143
44182
59222
64935
61322
63927
23009
41157
53088
65019
58297
26706
44854
38132
40737
24689
61490
57877
4272
3768
37460
33847
48887
51491
38552
56701
9313
18135
17631
32671
32166
16119
9397
18219
27041
26537
48046
56868
154
55860
8472
61069
35695
995
59809
31326
55692
36283
63758
53927
50314
49810
39980
30149
26284
47542
154
55860
21159
61321
63925
25864
28469
65270
30317
17378
4439
7043
44096
2926
30401
39223
54263
47541
40819
18554
8724
17546
7715
22755
237
62160
39643
4690
57287
573
31157
12000
64597
57875
26031
47289
49893
36954
5110
29476
31829
43759
33929
61404
4690
16621
53422
40230
2169
48296
909
59723
46784
52497
61319
60563
16284
46868
33677
29812
32416
53673
50060
33760
33256
38970
56866
37709
52749
55353
61067
1244
25610
56194
61907
42498
54429
10150
40734
18468
2168
14099
47791
19056
12335
14939
5109
26114
28718
49976
49471
48967
29559
823
22081
37120
51908
13847
56865
6369
24265
48631
13678
19392
56193
49471
39388
7545
53672
3176
18215
17711
26533
35355
41069
65435
61822
42413
35691
63166
65518
11913
54932
23088
50563
21828
2419
33002
1158
37959
18551
39808
11073
63670
41152
40396
17878
45353
57284
37875
18466
58124
63837
47537
18802
52242
60812
25860
9560
33926
26952
57535
19474
65
15105
11492
16953
13088
43672
61568
61064
60560
485
40395
5442
32917
57031
56527
6030
61484
14096
35353
53502
65181
5358
63920
47620
40899
46360
45604
41739
62996
43587
52409
20565
7374
37705
24514
14432
19893
3593
65264
11659
7794
820
3173
55517
45435
4013
59466
36949
64423
26110
22245
46611
17876
54425
3676
56021
58626
17456
41822
53500
34092
17792
26362
22497
43754
5692
36024
28798
12498
14851
36108
29134
53248
8969
24009
26361
31822
37536
15018
11153
4180
3423
27537
8128
22916
19051
18295
11321
7204
43753
46105
60893
22580
3171
21319
11237
7372
43921
40056
7960
57196
44004
30813
30057
44845
6531
55767
55011
10732
53751
43668
42912
20142
22495
15521
33417
41987
25435
58875
23671
29132
50137
11824
61060
985
229
5690
61144
60387
28544
52405
45432
38458
34593
21402
20393
44507
56186
11655
26191
3421
24426
48540
4009
12579
27367
39045
38037
12159
8042
60134
62487
33500
60722
22409
37197
1992
54085
21989
64755
32407
3420
46186
14091
16191
52740
55092
35432
56437
27450
48455
19467
12494
5520
63830
28626
58957
36187
10309
9553
36775
41985
31650
49546
23668
7116
59208
42656
13669
25348
18122
17114
25684
24676
8124
57360
22155
5603
1486
25600
46353
51562
31901
37362
39463
57359
25263
58703
63913
59796
42991
1569
16357
59123
30136
41815
19045
42907
54334
22238
43243
17365
60131
40722
42823
4257
62567
61559
41898
59795
8794
7786
34756
43326
36353
32236
53241
20893
32572
28454
11902
10642
18960
2408
26270
28370
8709
57693
3584
33663
23329
50551
2660
45174
44166
5600
48114
18875
26941
811
55760
1903
19799
2995
64414
978
40636
2323
44837
15850
45929
38703
59456
33578
54331
6439
2322
1314
12993
37106
42316
25764
52734
17530
13412
34165
23831
13496
31141
8119
28872
43407
26603
44247
46348
7782
47440
11983
45424
13076
52481
35929
13159
33912
57774
22318
24418
1396
44163
52481
1480
56682
58782
51304
22065
61471
22905
34584
33576
38785
9798
24333
51304
43826
58361
22905
31223
23745
63150
24585
17107
47186
30382
13578
18535
39288
16266
5932
29793
28785
33994
48782
56848
58696
63653
9544
30045
56764
2402
54243
53235
1982
44496
40127
7779
15845
61468
63569
133
17777
57183
40379
54914
62980
46176
4502
53234
2233
19877
3073
17609
19205
14836
32228
21641
11055
62895
11895
10634
59366
33236
41554
34328
64407
47603
65247
14247
19456
21304
13827
9457
27102
57181
59029
26681
31891
18195
26513
6600
33571
22732
52811
35755
6516
61465
31974
52727
20379
214
20967
60373
6011
10968
59700
61549
57180
40375
36258
50542
33738
1390
62557
5086
50709
15001
1305
34493
52138
633
24243
22982
24579
1557
28527
46172
13824
28359
33316
63396
37013
45079
56254
42558
47515
24494
35668
212
5421
7269
37349
42306
59698
24241
19872
59026
29786
28526
8361
31971
14914
4328
33903
51547
50035
61461
41549
30962
1471
31298
48690
7016
21551
20291
43901
5083
63141
46337
54151
28020
57848
19030
36422
60032
52554
19954
28020
26760
59948
46000
47596
36758
54150
55998
32977
28607
64652
13400
21466
60619
40
45159
28103
45495
25582
42974
35496
12223
45411
50368
58434
16507
37008
32639
37848
49023
3988
65155
29698
6424
2055
3652
46166
7601
12306
17263
206
42721
10121
43057
4239
12305
26841
16002
51795
34990
14825
48013
43644
32806
31293
39107
56499
58348
47509
36922
32553
49945
23815
19194
58599
1381
43895
48600
56666
17849
60111
65068
51121
28099
26587
50196
42466
34736
55237
7094
24486
51204
18604
42214
56245
45659
28602
27342
19612
46330
35744
37340
23393
40281
45238
9277
45322
37592
1883
35071
55572
38516
55908
54647
50278
42548
50362
42632
3815
33642
25912
46161
32213
11796
44732
43472
38851
3142
48261
22130
20870
32045
11880
35489
52881
1377
40530
51705
56662
61619
41202
24146
19525
39774
16752
9022
7762
43806
32968
53216
23473
37757
55149
28766
15071
32211
18263
19860
31034
63718
6248
54728
37672
55064
3559
2047
53635
39688
19523
21119
16498
21455
1290
43804
61197
56575
55063
28680
11876
54391
46661
23387
59432
26579
34645
55146
3642
49013
31956
24226
56910
11623
785
2129
56826
58170
3557
17840
3893
52373
44391
45987
32039
61615
22545
39685
41281
27334
47835
46322
26157
24645
60690
40525
57665
62370
23300
21536
42037
50102
36155
40860
61109
37835
55227
16410
11789
41616
43212
32121
17922
22879
24475
10528
33885
29264
55983
35566
52706
35649
9015
4394
31364
54722
108
23466
192
48672
528
11451
3721
20861
60014
36741
7249
55729
32203
61778
32035
65223
35732
24641
20020
8929
41865
37244
35983
31362
32959
53460
11281
31530
42453
44049
48754
50350
33294
10020
21195
54131
58836
35562
34050
13885
2794
23043
12204
32453
24723
26067
18589
20186
62448
10943
9431
20353
15480
39090
18925
54970
608
64632
22453
55137
6993
39929
60430
58918
57406
21445
19932
21529
13799
21612
13882
46566
60850
34467
29846
34551
36147
6656
64210
25393
20771
59673
51943
3799
17830
10100
14805
53707
52194
28921
33626
3882
14805
25728
49337
47825
52278
10099
27240
41271
8419
10267
11863
63452
30852
47992
18501
51437
6150
23290
34212
54461
15392
20097
9258
45303
59334
23625
34548
23709
59754
20684
19172
5224
37908
51939
47318
39588
38076
55216
855
24212
50679
46057
38580
43285
38663
62021
22951
18330
19926
2870
32445
37150
54291
31017
26396
43536
10684
49837
42107
65465
29756
3373
57819
46980
5054
38242
27403
16564
46391
54205
49584
10767
31015
29503
27991
1608
34544
5053
3036
7741
56221
1608
21856
48575
25301
11354
56725
11437
50591
58405
47566
2279
38324
33702
44877
18243
54539
40340
60337
33954
32442
56051
51430
34374
7739
9336
26476
18746
42355
56387
23787
22526
58571
32189
2697
4546
12612
14460
16056
21013
19501
17989
38489
49160
35213
58822
16896
24962
23449
59494
1772
15803
36052
62771
45966
44454
61594
63190
18155
16643
65123
1183
8997
41933
21768
1855
90
20591
59745
61341
34706
2106
22607
11769
28909
24288
26136
5971
57812
59156
42100
62600
14709
41427
2862
60920
44116
33277
44452
42939
10339
37058
60667
24958
1685
9499
42687
50753
18152
26218
6305
36133
3533
14707
41678
21765
1852
3700
33528
10254
55877
4624
15799
54952
16387
24453
29410
65455
36216
10085
58565
51087
9161
42097
50163
36467
28989
40164
57556
12773
61505
54027
27645
54615
47137
58312
29073
30921
61000
56631
36718
7479
43776
26972
841
43356
38987
15965
48901
4118
40415
4958
38146
24451
42095
15964
52261
32600
252
17645
47472
46463
1680
44195
30499
63687
28231
1848
19240
8906
32768
15963
46043
4368
37557
55201
1091
12518
1932
47555
43438
11342
32095
33943
1595
62762
5544
48058
12602
8485
44781
22012
42765
57048
2435
10501
46797
17558
60073
12181
51586
16130
5543
45201
16214
40075
63937
250
33438
60408
59148
39235
13104
40075
32849
22514
52594
20246
13020
24195
48056
40579
48897
25875
15288
17389
50829
15372
17473
63096
43183
17052
34696
27471
48224
22093
2180
41586
65448
5121
35452
65279
42258
53685
30663
42090
56625
55365
60322
65531
51836
53936
65363
17471
13102
2767
4868
62926
30578
63766
37384
61245
59733
61833
48138
31334
45869
63514
59144
8144
53767
24528
38811
12681
11672
29317
59144
23687
35114
30745
32593
31333
26964
13016
2430
38474
37214
11083
12932
2345
44860
37382
39482
29148
46540
4865
53597
8814
19989
22089
49060
50908
34104
17300
19148
42758
32171
18224
57630
47043
33095
56705
55445
57293
12510
57881
22424
64939
63678
28222
8309
7300
31162
7888
15954
5368
22760
58805
44857
31162
45697
9988
15198
4611
15786
8056
3687
11500
63341
24271
44772
43512
48469
62753
58383
25783
65189
63929
53342
48721
63004
33513
13348
24523
1249
49729
57794
15868
2173
47796
43427
48384
59558
36285
47459
52164
35108
33848
13683
34184
7801
46955
64347
41073
42670
63170
46114
1079
59137
16959
21916
1751
34687
26957
59893
17967
910
61825
13429
30822
4187
8892
57372
27881
42164
40399
4691
28300
26788
22419
58211
6707
2086
50565
17713
3514
11327
34685
17629
3429
17461
19057
2001
34937
48968
3681
27291
47539
39810
60058
58546
3933
64595
3764
42666
62915
36532
35272
2672
41573
64931
13426
64762
28802
58629
25777
51991
31574
17374
18971
39220
43673
35691
65266
63753
56023
20314
21659
48125
52830
60392
52662
38714
5610
13172
27203
38126
8131
37958
48880
28211
60643
21573
63584
40058
57198
42998
35268
39721
6869
46023
22497
11406
6533
7877
37200
13674
58793
29050
58373
34847
61314
41149
39636
50307
54508
65178
13673
55684
19471
55011
9724
35938
9052
51062
8631
13336
14681
6699
64253
28040
57615
52489
25855
11655
9891
51901
19049
1489
43247
10142
8378
18796
57698
55933
51060
8630
13082
29971
49967
7537
17955
53496
57949
37532
26189
61477
25265
16778
24088
47194
51647
15182
22491
1822
24676
34842
32825
8795
25431
10980
37194
56939
17365
2913
897
51981
21986
13499
2157
18793
17028
30807
59878
39209
21649
32067
20724
15599
63575
36436
40637
23076
55256
12826
23496
59037
13498
30386
43913
29461
58532
37863
20051
52230
43492
32149
5010
15429
25847
36266
61976
34837
17277
52565
22318
16940
39794
27947
3665
63823
11562
40633
41474
48783
46515
47103
16855
52144
52984
60293
11141
27525
41052
10553
45841
28029
3999
20383
55671
37607
38195
1478
49201
21810
28868
23490
36766
53149
57350
48864
55922
47436
57602
52225
34412
7021
48527
40041
56677
63231
10718
14666
15507
9877
63566
23488
14498
52643
25252
34914
10632
17438
64909
12648
1053
42307
17773
9035
9623
47516
41887
45583
39954
6346
63143
29535
2144
30963
3824
60370
42306
55329
65243
28022
24997
47850
48438
36591
2731
49950
6764
41800
54823
48941
15081
43900
22475
50789
60452
4578
1805
52133
12055
65492
46923
41042
25834
35496
20288
29951
8525
58601
43141
12138
24909
34823
60533
48686
2139
8944
62381
15833
50618
60280
44820
48265
57927
5414
24403
27595
5918
25158
9698
38265
16840
23645
26838
30031
17932
39777
27678
46666
34315
12638
62714
34819
16502
16838
26500
10788
26668
14317
36414
61872
30616
49605
15240
28011
47252
452
59602
9694
43974
31875
31959
703
22548
25741
22968
13474
41284
56912
41200
22379
22211
18682
12548
3054
8851
11792
33637
61448
61027
16580
868
47583
532
21873
21453
55229
33047
13974
13806
41617
3891
9940
37751
62705
37163
61612
45900
55058
33129
10695
7166
56990
56570
65224
30607
58166
54637
41529
3552
46906
43377
8761
33210
11029
25900
31698
40351
14557
45224
32117
3214
12120
49004
60767
41694
34804
65472
2624
29931
51020
59926
12370
17915
45473
63454
50094
5899
20519
63621
16065
65133
5142
4218
44211
30600
45723
20181
37909
65215
5477
64123
47402
2955
36227
35303
3543
24884
5055
4383
38159
43452
23875
54038
27739
23706
19421
40006
26142
49835
23789
44374
42945
60673
34375
55211
60252
56219
29669
50253
55042
35213
18493
51261
21601
30003
28827
24541
44874
65207
26725
3787
55208
678
65038
35378
33950
10256
5718
929
65288
63608
55962
22941
27478
19832
55961
14118
46886
4539
49742
51170
24620
41843
52094
925
48984
21930
45119
49404
10166
33103
53184
35707
46210
19659
20331
12181
51166
18398
63348
11171
34361
41754
39570
59398
45030
30158
6464
38728
27217
25536
19991
45533
5791
10075
7891
24358
34609
7050
63679
5033
15031
40825
53932
17046
55023
18138
27632
59392
63172
23178
51829
33596
37125
22505
10994
54936
21412
35023
1246
20066
39139
48633
17461
42247
33592
8890
49219
18300
55520
8553
61821
58880
52578
30985
56275
31320
15188
65096
65516
18296
15355
24345
42661
21067
43248
14933
45936
51817
14428
29383
41230
50220
12578
30894
58285
17282
4763
25936
62904
9467
20557
19969
10054
55845
55508
4928
41896
25512
15345
14505
57439
62564
52397
61135
56681
23997
32230
21812
5427
7191
12064
20550
57014
46343
20129
21893
11474
37604
57768
214
32813
15421
42055
62219
10882
3320
1219
46254
50874
2646
35498
33145
38018
55326
22137
17179
27261
56500
8020
24824
47593
48348
23982
12303
59438
6841
16923
36583
22047
54394
61116
31036
50444
29187
22969
29186
7676
51702
60776
54810
20361
29939
23469
44726
53547
698
12880
37246
5402
42958
58502
63710
44301
44049
44048
28252
52365
26486
6321
56060
21107
38751
185
30012
3629
46143
38160
11777
60761
58492
19674
12195
31687
14883
3791
48406
52606
7571
58907
56385
32859
2611
63273
23447
5634
12439
340
54532
8236
43020
56295
38230
11091
4452
60746
19911
50326
53770
28227
52928
61834
45365
53767
31332
55026
50740
40237
16794
28052
64684
40990
5112
15866
2002
53926
37458
51572
40313
4183
20651
31404
31320
16699
1071
57952
36862
46860
16695
6780
57444
59964
43327
52568
32823
44669
53
62647
49371
42565
554
4922
10046
17523
6852
58860
22814
2816
50455
4327
45748
12055
34319
50114
55827
18016
14655
20871
4318
47840
40613
11373
30613
10447
40273
25820
23551
61695
24725
28421
32116
28334
25056
24887
27827
21440
27993
16985
39669
47818
40423
14123
9081
18826
7062
34451
6387
22098
43774
418
13860
43350
26208
48724
6461
7216
54350
17547
42164
1496
19391
18130
60390
23672
18545
38288
23079
45931
17783
60884
4000
8536
888
7020
464
12562
34993
40369
10540
62295
53219
53217
15153
60775
27669
13215
4979
4305
55975
4805
62441
60254
14292
26389
21430
47054
52008
48645
52592
39146
64602
64179
14352
34178
29974
40306
3754
13834
30719
16265
28025
38776
63307
62464
62964
35570
26072
23
43458
36648
16143
22609
16724
53437
31587
50488
52080
47538
43584
29128
38533
42813
21047
21882
48931
31029
24806
59668
38405
34618
43013
1584
57451
37783
8621
23569
54481
45062
10606
57817
20672
55280
46953
46693
7027
14076
46247
47499
36484
4128
31258
42173
50316
3930
52151
12823
13237
57678
29610
49014
62453
57324
59925
56646
53450
29838
25215
31851
21011
50669
20420
36971
28821
26300
45456
56546
53605
5545
4873
36296
65367
57637
28398
21172
45538
38817
35204
50495
44026
18904
31339
40665
49991
53100
56209
59317
59317
62426
65535
65535
65535
65535
65535
65535
65535
65535
65535
65535
65535
65535
65535
65535
65535
65535
65535
65535
65535
65535
65535
65535
65535
65535
65535
65535
65535
65535
65535
65535
65535
65535
65535
65535
65535
65535
65535
65535
65535
65535
65535
65535
65535
65535
65535
65535
65535
65535
65535
65535
65535
65535
65535
65535
65535
65535
65535
65535
65535
65535
65535
65535
65535
65535
65535
65535
65535
65535
65535
65535
65535
65535
65535
65535
65535
65535
65535
65535
65535
65535
65535
65535
65535
65535
65535
65535
65535
65535
65535
65535
65535
65535
65535
65535
65535
65535
65535
65535
65535
65535
65535
65535
65535
65535
65535
65535
65535
65535
65535
65535
65535
65535
65535
65535
65535
65535
65535
65535
65535
65535
65535
65535
65535
65535
65535
65535
65535
65535
65535
65535
65535
65535
65535
65535
65535
65535
65535
65535
65535
65535
65535
65535
65535
65535
65535
65535
65535
65535
65535
65535
65535
65535
65535
65535
65535
65535
65535
65535
65535
65535
65535
65535
65535
65535
65535
65535
65535
65535
65535
65535
65535
65535
65535
65535
65535
65535
65535
65535
65535
65535
65535
65535
65535
65535
65535
65535
65535
65535
65535
65535
65535
65535
65535
65535
65535
65535
65535
65535
65535
65535
65535
65535
65535
65535
65535
65535
65535
65535
65535
65535
65535
65535
65535
65535
65535
65535
65535
65535
65535
65535
65535
65535
65535
65535
65535
65535
65535
65535
65535
65535
65535
65535
65535
65535
65535
65535
65535
65535
65535
65535
65535
65535
65535
65535
65535
65535
65535
65535
65535
65535
65535
65535
65535
65535
65535
65535
65535
65535
65535
65535
65535
65535
65535
65535
65535
65535
65535
65535
65535
65535
65535
65535
65535
65535
65535
65535
65535
65535
65535
65535
65535
65535
65535
65535
65535
65535
65535
65535
65535
65535
65535
65535
65535
65535
65535
65535
65535
65535
65535
65535
65535
65535
65535
65535
65535
65535
65535
65535
65535
65535
65535
65535
65535
65535
65535
65535
65535
65535
65535
65535
65535
65535
65535
65535
65535
65535
65535
65535
65535
65535
65535
65535
65535
65535
65535
65535
65535
65535
65535
65535
65535
65535
65535
65535
65535
65535
65535
65535
65535
65535
65535
65535
65535
65535
65535
65535
65535
65535
65535
65535
65535
65535
65535
65535
65535
65535
65535
65535
65535
65535
65535
65535
65535
65535
65535
65535
65535
65535
65535
65535
65535
65535
65535
65535
65535
65535
65535
65535
65535
65535
65535
65535
65535
65535
65535
65535
65535
65535
65535
65535
65535
65535
65535
65535
65535
65535
65535
65535
65535
65535
65535
65535
65535
65535
65535
65535
65535
65535
65535
65535
65535
65535
65535
65535
65535
65535
65535
65535
65535
65535
65535
65535
65535
65535
65535
65535
65535
65535
65535
65535
65535
65535
65535
65535
65535
65535
65535
65535
65535
65535
65535
65535
65535
65535
65535
65535
65535
65535
65535
65535
65535
65535
65535
65535
65535
65535
65535
65535
65535
65535
65535
65535
65535
65535
65535
65535
65535
65535
65535
65535
65535
65535
65535
65535
65535
65535
65535
65535
65535
65535
65535
65535
65535
65535
65535
65535
65535
65535
65535
65535
65535
65535
65535
65535
65535
65535
65535
65535
65535
65535
65535
65535
65535
65535
65535
65535
65535
65535
65535
65535
65535
65535
65535
65535
65535
65535
65535
65535
65535
65535
65535
65535
65535
65535
65535
65535
65535
65535
65535
65535
65535
65535
65535
65535
65535
65535
65535
65535
65535
65535
65535
65535
65535
65535
65535
65535
65535
65535
65535
65535
65535
65535
65535
65535
65535
65535
65535
65535
65535
65535
65535
65535
65535
65535
65535
65535
65535
65535
65535
65535
65535
65535
65535
65535
65535
65535
65535
65535
65535
65535
65535
65535
65535
65535
65535
65535
65535
65535
65535
65535
65535
65535
65535
65535
65535
65535
65535
65535
65535
65535
65535
65535
65535
65535
65535
65535
65535
65535
65535
65535
65535
65535
65535
65535
65535
65535
65535
65535
65535
65535
65535
65535
65535
65535
65535
65535
65535
65535
65535
65535
65535
65535
65535
65535
65535
65535
65535
65535
65535
65535
65535
65535
65535
65535
65535
65535
65535
65535
65535
65535
65535
65535
65535
65535
65535
65535
65535
65535
65535
65535
65535
65535
65535
65535
65535
65535
65535
65535
65535
65535
65535
65535
65535
65535
65535
65535
65535
65535
65535
65535
65535
65535
65535
65535
65535
65535
65535
65535
65535
65535
65535
65535
65535
65535
65535
65535
65535
65535
65535
65535
65535
65535
65535
65535
65535
65535
65535
65535
65535
65535
65535
65535
65535
65535
65535
65535
65535
65535
65535
65535
65535
65535
65535
65535
65535
65535
65535
65535
65535
65535
65535
65535
65535
65535
65535
65535
65535
65535
65535
65535
65535
65535
65535
65535
65535
65535
65535
65535
65535
65535
65535
65535
65535
65535
65535
65535
65535
65535
65535
65535
65535
65535
65535
65535
65535
65535
65535
65535
65535
65535
65535
65535
65535
65535
65535
65535
65535
65535
65535
65535
65535
65535
65535
65535
65535
65535
65535
65535
65535
65535
65535
65535
65535
65535
65535
65535
65535
65535
65535
65535
65535
65535
65535
65535
65535
65535
65535
65535
65535
65535
65535
65535
65535
65535
65535
65535
65535
65535
65535
65535
65535
65535
65535
65535
65535
65535
65535
65535
65535
65535
65535
65535
65535
65535
65535
65535
65535
65535
65535
65535
65535
65535
65535
65535
65535
65535
65535
65535
65535
65535
65535
65535
65535
65535
65535
65535
65535
65535
65535
65535
65535
65535
65535
65535
65535
65535
65535
65535
65535
65535
65535
65535
65535
65535
65535
65535
65535
65535
65535
65535
65535
65535
65535
65535
65535
65535
65535
65535
65535
65535
65535
65535
65535
65535
65535
65535
65535
65535
65535
65535
65535
65535
65535
65535
65535
65535
65535
65535
65535
65535
65535
65535
65535
65535
65535
65535
65535
65535
65535
65535
65535
65535
65535
65535
65535
65535
65535
65535
65535
65535
65535
65535
65535
65535
65535
65535
65535
65535
65535
65535
65535
65535
65535
65535
65535
65535
65535
65535
65535
65535
65535
65535
65535
65535
65535
65535
65535
65535
65535
65535
65535
65535
65535
65535
65535
65535
65535
65535
65535
65535
65535
65535
65535
65535
65535
65535
65535
65535
65535
65535
65535
65535
65535
65535
65535
65535
65535
65535
65535
65535
65535
65535
65535
65535
65535
65535
65535
65535
65535
65535
65535
65535
65535
65535
65535
65535
65535
65535
65535
65535
65535
65535
65535
65535
65535
65535
65535
65535
65535
65535
65535
65535
65535
65535
65535
65535
65535
65535
65535
65535
65535
65535
65535
65535
65535
65535
65535
65535
65535
65535
65535
65535
65535
65535
65535
65535
65535
65535
65535
65535
65535
65535
65535
65535
65535
65535
65535
65535
65535
65535
65535
65535
65535
65535
65535
65535
65535
65535
65535
65535
65535
65535
65535
65535
65535
65535
65535
65535
65535
65535
65535
65535
65535
65535
65535
65535
65535
65535
65535
65535
65535
65535
65535
65535
65535
65535
65535
65535
65535
65535
65535
65535
65535
65535
65535
65535
65535
65535
65535
65535
65535
65535
65535
65535
65535
65535
65535
65535
65535
65535
65535
65535
65535
65535
65535
65535
65535
65535
65535
65535
65535
65535
65535
65535
65535
65535
65535
65535
65535
65535
65535
65535
65535
65535
65535
65535
65535
65535
65535
65535
65535
65535
65535
65535
65535
65535
65535
65535
65535
65535
65535
65535
65535
65535
65535
65535
65535
65535
65535
65535
65535
65535
65535
65535
65535
65535
65535
65535
65535
65535
65535
65535
65535
65535
65535
65535
65535
65535
65535
65535
65535
65535
65535
65535
65535
65535
65535
65535
65535
65535
65535
65535
65535
65535
65535
65535
65535
65535
65535
65535
65535
65535
65535
65535
65535
65535
65535
65535
65535
65535
65535
65535
65535
65535
65535
65535
65535
65535
65535
65535
65535
65535
65535
65535
65535
65535
65535
65535
65535
65535
65535
65535
65535
65535
65535
65535
65535
65535
65535
65535
65535
65535
65535
65535
65535
65535
65535
65535
65535
65535
65535
65535
65535
65535
65535
65535
65535
65535
65535
65535
65535
65535
65535
65535
65535
65535
65535
65535
65535
65535
65535
65535
65535
65535
65535
65535
65535
65535
65535
65535
65535
65535
65535
65535
65535
65535
65535
65535
65535
65535
65535
65535
65535
65535
65535
65535
65535
65535
65535
65535
65535
65535
65535
65535
65535
65535
65535
65535
65535
65535
65535
65535
65535
65535
65535
65535
65535
65535
65535
65535
65535
65535
65535
65535
65535
65535
65535
65535
65535
65535
65535
65535
65535
65535
65535
65535
65535
65535
65535
65535
65535
65535
65535
65535
65535
65535
65535
65535
65535
65535
65535
65535
65535
65535
65535
65535
65535
65535
65535
65535
65535
65535
65535
65535
65535
65535
65535
65535
65535
65535
65535
65535
65535
65535
65535
65535
65535
65535
65535
65535
65535
65535
65535
65535
65535
65535
65535
65535
65535
65535
65535
65535
65535
65535
65535
65535
65535
65535
65535
65535
65535
65535
65535
65535
65535
65535
65535
65535
65535
65535
65535
65535
65535
65535
65535
65535
65535
65535
65535
65535
65535
65535
65535
65535
65535
65535
65535
65535
65535
65535
65535
65535
65535
65535
65535
65535
65535
65535
65535
65535
65535
65535
65535
65535
65535
65535
65535
65535
65535
65535
65535
65535
65535
65535
65535
65535
65535
65535
65535
65535
65535
65535
65535
65535
65535
65535
65535
65535
65535
65535
65535
65535
65535
65535
65535
65535
65535
65535
65535
65535
65535
65535
65535
65535
65535
65535
65535
65535
65535
65535
65535
65535
65535
65535
65535
65535
65535
65535
65535
65535
65535
65535
65535
65535
65535
65535
65535
65535
65535
65535
65535
65535
65535
65535
65535
65535
65535
65535
65535
65535
65535
65535
65535
65535
65535
65535
65535
65535
65535
65535
65535
65535
65535
65535
65535
65535
65535
65535
65535
65535
65535
65535
65535
65535
65535
65535
65535
65535
65535
65535
65535
65535
65535
65535
65535
65535
65535
65535
65535
65535
65535
65535
65535
65535
65535
65535
65535
65535
65535
65535
65535
65535
65535
65535
65535
65535
65535
65535
65535
65535
65535
65535
65535
65535
65535
65535
65535
65535
65535
65535
65535
65535
65535
65535
65535
65535
65535
65535
65535
65535
65535
65535
65535
65535
65535
65535
65535
65535
65535
65535
65535
65535
65535
65535
65535
65535
65535
65535
65535
65535
65535
65535
65535
65535
65535
65535
65535
65535
65535
65535
65535
65535
65535
65535
65535
65535
65535
65535
65535
65535
65535
65535
65535
65535
65535
65535
65535
65535
65535
65535
65535
65535
65535
65535
65535
65535
65535
65535
65535
65535
65535
65535
65535
65535
65535
65535
65535
65535
65535
65535
65535
65535
65535
65535
65535
65535
65535
65535
65535
65535
65535
65535
65535
65535
65535
65535
65535
65535
65535
65535
65535
65535
65535
65535
65535
65535
65535
65535
65535
65535
65535
65535
65535
65535
65535
65535
65535
65535
65535
65535
65535
65535
65535
65535
65535
65535
65535
65535
65535
65535
65535
65535
65535
65535
65535
65535
65535
65535
65535
65535
65535
65535
65535
65535
65535
65535
65535
65535
65535
65535
65535
65535
65535
65535
65535
65535
65535
65535
65535
65535
65535
65535
65535
65535
65535
65535
65535
65535
65535
65535
65535
65535
65535
65535
65535
65535
65535
65535
65535
65535
65535
65535
65535
65535
65535
65535
65535
65535
65535
65535
65535
65535
65535
65535
65535
65535
65535
65535
65535
65535
65535
65535
65535
65535
65535
65535
65535
65535
65535
65535
65535
65535
65535
65535
65535
65535
65535
65535
65535
65535
65535
65535
65535
65535
65535
65535
65535
65535
65535
65535
65535
65535
65535
65535
65535
65535
65535
65535
65535
65535
65535
65535
65535
65535
65535
65535
65535
65535
65535
65535
65535
65535
65535
65535
65535
65535
65535
65535
65535
65535
65535
65535
65535
65535
65535
65535
65535
65535
65535
65535
65535
65535
65535
65535
65535
65535
65535
65535
65535
65535
65535
65535
65535
65535
65535
65535
65535
65535
65535
65535
65535
65535
65535
65535
65535
65535
65535
65535
65535
65535
65535
65535
65535
65535
65535
65535
65535
65535
65535
65535
65535
65535
65535
65535
65535
65535
65535
65535
65535
65535
65535
65535
65535
65535
65535
65535
65535
65535
65535
65535
65535
65535
65535
65535
65535
65535
65535
65535
65535
65535
65535
65535
65535
65535
65535
65535
65535
65535
65535
65535
65535
65535
65535
65535
65535
65535
65535
65535
65535
65535
65535
65535
65535
65535
65535
65535
65535
65535
65535
65535
65535
65535
65535
65535
65535
65535
65535
65535
65535
65535
65535
65535
65535
65535
65535
65535
65535
65535
65535
65535
65535
65535
65535
65535
65535
65535
65535
65535
65535
65535
65535
65535
65535
65535
65535
65535
65535
65535
65535
65535
65535
65535
65535
65535
65535
65535
65535
65535
65535
65535
65535
65535
65535
65535
65535
65535
65535
65535
65535
65535
65535
65535
65535
65535
65535
65535
65535
65535
65535
65535
65535
65535
65535
65535
65535
65535
65535
65535
65535
65535
65535
65535
65535
65535
65535
65535
65535
65535
65535
65535
65535
65535
65535
65535
65535
65535
65535
65535
65535
65535
65535
65535
65535
65535
65535
65535
65535
65535
65535
65535
65535
65535
65535
65535
65535
65535
65535
65535
65535
65535
65535
65535
65535
65535
65535
65535
65535
65535
65535
65535
65535
65535
65535
65535
65535
65535
65535
65535
65535
65535
65535
65535
65535
65535
65535
65535
65535
65535
65535
65535
65535
65535
65535
65535
65535
65535
65535
65535
65535
65535
65535
65535
65535
65535
65535
65535
65535
65535
65535
65535
65535
65535
65535
65535
65535
65535
65535
65535
65535
65535
65535
65535
65535
65535
65535
65535
65535
65535
65535
65535
65535
65535
65535
65535
65535
65535
65535
65535
65535
65535
65535
65535
65535
65535
65535
65535
65535
65535
65535
65535
65535
65535
65535
65535
65535
65535
65535
65535
65535
65535
65535
65535
65535
65535
65535
65535
65535
65535
65535
65535
65535
65535
65535
65535
65535
65535
65535
65535
65535
65535
65535
65535
65535
65535
65535
65535
65535
65535
65535
65535
65535
65535
65535
65535
65535
65535
65535
65535
65535
65535
65535
65535
65535
65535
65535
65535
65535
65535
65535
65535
65535
65535
65535
65535
65535
65535
65535
65535
65535
65535
65535
65535
65535
65535
65535
65535
65535
65535
65535
65535
65535
65535
65535
65535
65535
65535
65535
65535
65535
65535
65535
65535
65535
65535
65535
65535
65535
65535
65535
65535
65535
65535
65535
65535
65535
65535
65535
65535
65535
65535
65535
65535
65535
65535
65535
65535
65535
65535
65535
65535
65535
65535
65535
65535
65535
65535
65535
65535
65535
65535
65535
65535
65535
65535
65535
65535
65535
65535
65535
65535
65535
65535
65535
65535
65535
65535
65535
65535
65535
65535
65535
65535
65535
65535
65535
65535
65535
65535
65535
65535
65535
65535
65535
65535
65535
65535
65535
65535
65535
65535
65535
65535
65535
65535
65535
65535
65535
65535
65535
65535
65535
65535
65535
65535
65535
65535
65535
65535
65535
65535
65535
65535
65535
65535
65535
65535
65535
65535
65535
65535
65535
65535
65535
65535
65535
65535
65535
65535
65535
65535
65535
65535
65535
65535
65535
65535
65535
65535
65535
65535
65535
65535
65535
65535
65535
65535
65535
65535
65535
65535
65535
65535
65535
65535
65535
65535
65535
65535
65535
65535
65535
65535
65535
65535
65535
65535
65535
65535
65535
65535
65535
65535
65535
65535
65535
65535
65535
65535
65535
65535
65535
65535
65535
65535
65535
65535
65535
65535
65535
65535
65535
65535
65535
65535
65535
65535
65535
65535
65535
65535
65535
65535
65535
65535
65535
65535
65535
65535
65535
65535
65535
65535
65535
65535
65535
65535
65535
65535
65535
65535
65535
65535
65535
65535
65535
65535
65535
65535
65535
65535
65535
65535
65535
65535
65535
65535
65535
65535
65535
65535
65535
65535
65535
65535
65535
65535
65535
65535
65535
65535
65535
65535
65535
65535
65535
65535
65535
65535
65535
65535
65535
65535
65535
65535
65535
65535
65535
65535
65535
65535
65535
65535
65535
65535
65535
65535
65535
65535
65535
65535
65535
65535
65535
65535
65535
65535
65535
65535
65535
65535
65535
65535
65535
65535
65535
65535
65535
65535
65535
65535
65535
65535
65535
65535
65535
65535
65535
65535
65535
65535
65535
65535
65535
65535
65535
65535
65535
65535
65535
65535
65535
65535
65535
65535
65535
65535
65535
65535
65535
65535
65535
65535
65535
65535
65535
65535
65535
65535
65535
65535
65535
65535
65535
65535
65535
65535
65535
65535
65535
65535
65535
65535
65535
65535
65535
65535
65535
65535
65535
65535
65535
65535
65535
65535
65535
65535
65535
65535
65535
65535
65535
65535
65535
65535
65535
65535
65535
65535
65535
65535
65535
65535
65535
65535
65535
65535
65535
65535
65535
65535
65535
65535
65535
65535
65535
65535
65535
65535
65535
65535
65535
65535
65535
65535
65535
65535
65535
65535
65535
65535
65535
65535
65535
65535
65535
65535
65535
65535
65535
65535
65535
65535
65535
65535
65535
65535
65535
65535
65535
65535
65535
65535
65535
65535
65535
65535
65535
65535
65535
65535
65535
65535
65535
65535
65535
65535
65535
65535
65535
65535
65535
65535
65535
65535
65535
65535
65535
65535
65535
65535
65535
65535
65535
65535
65535
65535
65535
65535
65535
65535
65535
65535
65535
65535
65535
65535
65535
65535
65535
65535
65535
65535
65535
65535
65535
65535
65535
65535
65535
65535
65535
65535
65535
65535
65535
65535
65535
65535
65535
65535
65535
65535
65535
65535
65535
65535
65535
65535
65535
65535
65535
65535
65535
65535
65535
65535
65535
65535
65535
65535
65535
65535
65535
65535
65535
65535
65535
65535
65535
65535
65535
65535
65535
65535
65535
65535
65535
65535
65535
65535
65535
65535
65535
65535
65535
65535
65535
65535
65535
65535
65535
65535
65535
65535
65535
65535
65535
65535
65535
65535
65535
65535
65535
65535
65535
65535
65535
65535
65535
65535
65535
65535
65535
65535
65535
65535
65535
65535
65535
65535
65535
65535
65535
65535
65535
65535
65535
65535
65535
65535
65535
65535
65535
65535
65535
65535
65535
65535
65535
65535
65535
65535
65535
65535
65535
65535
65535
65535
65535
65535
65535
65535
65535
65535
65535
65535
65535
65535
65535
65535
65535
65535
65535
65535
65535
65535
65535
65535
65535
65535
65535
65535
65535
65535
65535
65535
65535
65535
65535
65535
65535
65535
65535
65535
65535
65535
65535
65535
65535
65535
65535
65535
65535
65535
65535
65535
65535
65535
65535
65535
65535
65535
65535
65535
65535
65535
65535
65535
65535
65535
65535
65535
65535
65535
65535
65535
65535
65535
65535
65535
65535
65535
65535
65535
65535
65535
65535
65535
65535
65535
65535
65535
65535
65535
65535
65535
65535
65535
65535
65535
65535
65535
65535
65535
65535
65535
65535
65535
65535
65535
65535
65535
65535
65535
65535
65535
65535
65535
65535
65535
65535
65535
65535
65535
65535
65535
65535
65535
65535
65535
65535
65535
65535
65535
65535
65535
65535
65535
65535
65535
65535
65535
65535
65535
65535
65535
65535
65535
65535
65535
65535
65535
65535
65535
65535
65535
65535
65535
65535
65535
65535
65535
65535
65535
65535
65535
65535
65535
65535
65535
65535
65535
65535
65535
65535
65535
65535
65535
65535
65535
65535
65535
65535
65535
65535
65535
65535
65535
65535
65535
65535
65535
65535
65535
65535
65535
65535
65535
65535
65535
65535
65535
65535
65535
65535
65535
65535
65535
65535
65535
65535
65535
65535
65535
65535
65535
65535
65535
65535
65535
65535
65535
65535
65535
65535
65535
65535
65535
65535
65535
65535
65535
65535
65535
65535
65535
65535
65535
65535
65535
65535
65535
65535
65535
65535
65535
65535
65535
65535
65535
65535
65535
65535
65535
65535
65535
65535
65535
65535
65535
65535
65535
65535
65535
65535
65535
65535
65535
65535
65535
65535
65535
65535
65535
65535
65535
65535
65535
65535
65535
65535
65535
65535
65535
65535
65535
65535
65535
65535
65535
65535
65535
65535
65535
65535
65535
65535
65535
65535
65535
65535
65535
65535
65535
65535
65535
65535
65535
65535
65535
65535
65535
65535
65535
65535
65535
65535
65535
65535
65535
65535
65535
65535
65535
65535
65535
65535
65535
65535
65535
65535
65535
65535
65535
65535
65535
65535
65535
65535
65535
65535
65535
65535
65535
65535
65535
65535
65535
65535
65535
65535
65535
65535
65535
65535
65535
65535
65535
65535
65535
65535
65535
65535
65535
65535
65535
65535
65535
65535
65535
65535
65535
65535
65535
65535
65535
65535
65535
65535
65535
65535
65535
65535
65535
65535
65535
65535
65535
65535
65535
65535
65535
65535
65535
65535
65535
65535
65535
65535
65535
65535
65535
65535
65535
65535
65535
65535
65535
65535
65535
65535
65535
65535
65535
65535
65535
65535
65535
65535
65535
65535
65535
65535
65535
65535
65535
65535
65535
65535
65535
65535
65535
65535
65535
65535
65535
65535
65535
65535
65535
65535
65535
65535
65535
65535
65535
65535
65535
65535
65535
65535
65535
65535
65535
65535
65535
65535
65535
65535
65535
65535
65535
65535
65535
65535
65535
65535
65535
65535
65535
65535
65535
65535
65535
65535
65535
65535
65535
65535
65535
65535
65535
65535
65535
65535
65535
65535
65535
65535
65535
65535
65535
65535
65535
65535
65535
65535
65535
65535
65535
65535
65535
65535
65535
65535
65535
65535
65535
65535
65535
65535
65535
65535
65535
65535
65535
65535
65535
65535
65535
65535
65535
65535
65535
65535
65535
65535
65535
65535
65535
65535
65535
65535
65535
65535
65535
65535
65535
65535
65535
65535
65535
65535
65535
65535
65535
65535
65535
65535
65535
65535
65535
65535
65535
65535
65535
65535
65535
65535
65535
65535
65535
65535
65535
65535
65535
65535
65535
65535
65535
65535
65535
65535
65535
65535
65535
65535
65535
65535
65535
65535
65535
65535
65535
65535
65535
65535
65535
65535
65535
65535
65535
65535
65535
65535
65535
65535
65535
65535
65535
65535
65535
65535
65535
65535
65535
65535
65535
65535
65535
65535
65535
65535
65535
65535
65535
65535
65535
65535
65535
65535
65535
65535
65535
65535
65535
65535
65535
65535
65535
65535
65535
65535
65535
65535
65535
65535
65535
65535
65535
65535
65535
65535
65535
65535
65535
65535
65535
65535
65535
65535
65535
65535
65535
65535
65535
65535
65535
65535
65535
65535
65535
65535
65535
65535
65535
65535
65535
65535
65535
65535
65535
65535
65535
65535
65535
65535
65535
65535
65535
65535
65535
65535
65535
65535
65535
65535
65535
65535
65535
65535
65535
65535
65535
65535
65535
65535
65535
65535
65535
65535
65535
65535
65535
65535
65535
65535
65535
65535
65535
65535
65535
65535
65535
65535
65535
65535
65535
65535
65535
65535
65535
65535
65535
65535
65535
65535
65535
65535
65535
65535
65535
65535
65535
65535
65535
65535
65535
65535
65535
65535
65535
65535
65535
65535
65535
65535
65535
65535
65535
65535
65535
65535
65535
65535
65535
65535
65535
65535
65535
65535
65535
65535
65535
65535
65535
65535
65535
65535
65535
65535
65535
65535
65535
65535
65535
65535
65535
65535
65535
65535
65535
65535
65535
65535
65535
65535
65535
65535
65535
65535
65535
65535
65535
65535
65535
65535
65535
65535
65535
65535
65535
65535
65535
65535
65535
65535
65535
65535
65535
65535
65535
65535
65535
65535
65535
65535
65535
65535
65535
65535
65535
65535
65535
65535
65535
65535
65535
65535
65535
65535
65535
65535
65535
65535
65535
65535
65535
65535
65535
65535
65535
65535
65535
65535
65535
65535
65535
65535
65535
65535
65535
65535
65535
65535
65535
65535
65535
65535
65535
65535
65535
65535
65535
65535
65535
65535
65535
65535
65535
65535
65535
65535
65535
65535
65535
65535
65535
65535
65535
65535
65535
65535
65535
65535
65535
65535
65535
65535
65535
65535
65535
65535
65535
65535
65535
65535
65535
65535
65535
65535
65535
65535
65535
65535
65535
65535
65535
65535
65535
65535
65535
65535
65535
65535
65535
65535
65535
65535
65535
65535
65535
65535
65535
65535
65535
65535
65535
65535
65535
65535
65535
65535
65535
65535
65535
65535
65535
65535
65535
65535
65535
65535
65535
65535
65535
65535
65535
65535
65535
65535
65535
65535
65535
65535
65535
65535
65535
65535
65535
65535
65535
65535
65535
65535
65535
65535
65535
65535
65535
65535
65535
65535
65535
65535
65535
65535
65535
65535
65535
65535
65535
65535
65535
65535
65535
65535
65535
65535
65535
65535
65535
65535
65535
65535
65535
65535
65535
65535
65535
65535
65535
65535
65535
65535
65535
65535
65535
65535
65535
65535
65535
65535
65535
65535
65535
65535
65535
65535
65535
65535
65535
65535
65535
65535
65535
65535
65535
65535
65535
65535
65535
65535
65535
65535
65535
65535
65535
65535
65535
65535
65535
65535
65535
65535
65535
65535
65535
65535
65535
65535
65535
65535
65535
65535
65535
65535
65535
65535
65535
65535
65535
65535
65535
65535
65535
65535
65535
65535
65535
65535
65535
65535
65535
65535
65535
65535
65535
65535
65535
65535
65535
65535
65535
65535
65535
65535
65535
65535
65535
65535
65535
65535
65535
65535
65535
65535
65535
65535
65535
65535
65535
65535
65535
65535
65535
65535
65535
65535
65535
65535
65535
65535
65535
65535
65535
65535
65535
65535
65535
65535
65535
65535
65535
65535
65535
65535
65535
65535
65535
65535
65535
65535
65535
65535
65535
65535
65535
65535
65535
65535
65535
65535
65535
65535
65535
65535
65535
65535
65535
65535
65535
65535
65535
65535
65535
65535
65535
65535
65535
65535
65535
65535
65535
65535
65535
65535
65535
65535
65535
65535
65535
65535
65535
65535
65535
65535
65535
65535
65535
65535
65535
65535
65535
65535
65535
65535
65535
65535
65535
65535
65535
65535
65535
65535
65535
65535
65535
65535
65535
65535
65535
65535
65535
65535
65535
65535
65535
65535
65535
65535
65535
65535
65535
65535
65535
65535
65535
65535
65535
65535
65535
65535
65535
65535
65535
65535
65535
65535
65535
65535
65535
65535
65535
65535
65535
65535
65535
65535
65535
65535
65535
65535
65535
65535
65535
65535
65535
65535
65535
65535
65535
65535
65535
65535
65535
65535
65535
65535
65535
65535
65535
65535
65535
65535
65535
65535
65535
65535
65535
65535
65535
65535
65535
65535
65535
65535
65535
65535
65535
65535
65535
65535
65535
65535
65535
65535
65535
65535
65535
65535
65535
65535
65535
65535
65535
65535
65535
65535
65535
65535
65535
65535
65535
65535
65535
65535
65535
65535
65535
65535
65535
65535
65535
65535
65535
65535
65535
65535
65535
65535
65535
65535
65535
65535
65535
65535
65535
65535
65535
65535
65535
65535
65535
65535
65535
65535
65535
65535
65535
65535
65535
65535
65535
65535
65535
65535
65535
65535
65535
65535
65535
65535
65535
65535
65535
65535
65535
65535
65535
65535
65535
65535
65535
65535
65535
65535
65535
65535
65535
65535
65535
65535
65535
65535
65535
65535
65535
65535
65535
65535
65535
65535
65535
65535
65535
65535
65535
65535
65535
65535
65535
65535
65535
65535
65535
65535
65535
65535
65535
65535
65535
65535
65535
65535
65535
65535
65535
65535
65535
65535
65535
65535
65535
65535
65535
65535
65535
65535
65535
65535
65535
65535
65535
65535
65535
65535
65535
65535
65535
65535
65535
65535
65535
65535
65535
65535
65535
65535
65535
65535
65535
65535
65535
65535
65535
65535
65535
65535
65535
65535
65535
65535
65535
65535
65535
65535
65535
65535
65535
65535
65535
65535
65535
65535
65535
65535
65535
65535
65535
65535
65535
65535
65535
65535
65535
65535
65535
65535
65535
65535
65535
65535
65535
65535
65535
65535
65535
65535
65535
65535
65535
65535
65535
65535
65535
65535
65535
65535
65535
65535
65535
65535
65535
65535
65535
65535
65535
65535
65535
65535
65535
65535
65535
65535
65535
65535
65535
65535
65535
65535
65535
65535
65535
65535
65535
65535
65535
65535
65535
65535
65535
65535
65535
65535
65535
65535
65535
65535
65535
65535
65535
65535
65535
65535
65535
65535
65535
65535
65535
65535
65535
65535
65535
65535
65535
65535
65535
65535
65535
65535
65535
65535
65535
65535
65535
65535
65535
65535
65535
65535
65535
65535
65535
65535
65535
65535
65535
65535
65535
65535
65535
65535
65535
65535
65535
65535
65535
65535
65535
65535
65535
65535
65535
65535
65535
65535
65535
65535
65535
65535
65535
65535
65535
65535
65535
65535
65535
65535
65535
65535
65535
65535
65535
65535
65535
65535
65535
65535
65535
65535
65535
65535
65535
65535
65535
65535
65535
65535
65535
65535
65535
65535
65535
65535
65535
65535
65535
65535
65535
65535
65535
65535
65535
65535
65535
65535
65535
65535
65535
65535
65535
65535
65535
65535
65535
65535
65535
65535
65535
65535
65535
65535
65535
65535
65535
65535
65535
65535
65535
65535
65535
65535
65535
65535
65535
65535
65535
65535
65535
65535
65535
65535
65535
65535
65535
65535
65535
65535
65535
65535
65535
65535
65535
65535
65535
65535
65535
65535
65535
65535
65535
65535
65535
65535
65535
65535
65535
65535
65535
65535
65535
65535
65535
65535
65535
65535
65535
65535
65535
65535
65535
65535
65535
65535
65535
65535
65535
65535
65535
65535
65535
65535
65535
65535
65535
65535
65535
65535
65535
65535
65535
65535
65535
65535
65535
65535
65535
65535
65535
65535
65535
65535
65535
65535
65535
65535
65535
65535
65535
65535
65535
65535
65535
65535
65535
65535
65535
65535
65535
65535
65535
65535
65535
65535
65535
65535
65535
65535
65535
65535
65535
65535
65535
65535
65535
65535
65535
65535
65535
65535
65535
65535
65535
65535
65535
65535
65535
65535
65535
65535
65535
65535
65535
65535
65535
65535
65535
65535
65535
65535
65535
65535
65535
65535
65535
65535
65535
65535
65535
65535
65535
65535
65535
65535
65535
65535
65535
65535
65535
65535
65535
65535
65535
65535
65535
65535
65535
65535
65535
65535
65535
65535
65535
65535
65535
65535
65535
65535
65535
65535
65535
65535
65535
65535
65535
65535
65535
65535
65535
65535
65535
65535
65535
65535
65535
65535
65535
65535
65535
65535
65535
65535
65535
65535
65535
65535
65535
65535
65535
65535
65535
65535
65535
65535
65535
65535
65535
65535
65535
65535
65535
65535
65535
65535
65535
65535
65535
65535
65535
65535
65535
65535
65535
65535
65535
65535
65535
65535
65535
65535
65535
65535
65535
65535
65535
65535
65535
65535
65535
65535
65535
65535
65535
65535
65535
65535
65535
65535
65535
65535
65535
65535
65535
65535
65535
65535
65535
65535
65535
65535
65535
65535
65535
65535
65535
65535
65535
65535
65535
65535
65535
65535
65535
65535
65535
65535
65535
65535
65535
65535
65535
65535
65535
65535
65535
65535
65535
65535
65535
65535
65535
65535
65535
65535
65535
65535
65535
65535
65535
65535
65535
65535
65535
65535
65535
65535
65535
65535
65535
65535
65535
65535
65535
65535
65535
65535
65535
65535
65535
65535
65535
65535
65535
65535
65535
65535
65535
65535
65535
65535
65535
65535
65535
65535
65535
65535
65535
65535
65535
65535
65535
65535
65535
65535
65535
65535
65535
65535
65535
65535
65535
65535
65535
65535
65535
65535
65535
65535
65535
65535
65535
65535
65535
65535
65535
65535
65535
65535
65535
65535
65535
65535
65535
65535
65535
65535
65535
65535
65535
65535
65535
65535
65535
65535
65535
65535
65535
65535
65535
65535
65535
65535
65535
65535
65535
65535
65535
65535
65535
65535
65535
65535
65535
65535
65535
65535
65535
65535
65535
65535
65535
65535
65535
65535
65535
65535
65535
65535
65535
65535
65535
65535
65535
65535
65535
65535
65535
65535
65535
65535
65535
65535
65535
65535
65535
65535
65535
65535
65535
65535
65535
65535
65535
65535
65535
65535
65535
65535
65535
65535
65535
65535
65535
65535
65535
65535
65535
65535
65535
65535
65535
65535
65535
65535
65535
65535
65535
65535
65535
65535
65535
65535
65535
65535
65535
65535
65535
65535
65535
65535
65535
65535
65535
65535
65535
65535
65535
65535
65535
65535
65535
65535
65535
65535
65535
65535
65535
65535
65535
65535
65535
65535
65535
65535
65535
65535
65535
65535
65535
65535
65535
65535
65535
65535
65535
65535
65535
65535
65535
65535
65535
65535
65535
65535
65535
65535
65535
65535
65535
65535
65535
65535
65535
65535
65535
65535
65535
65535
65535
65535
65535
65535
65535
65535
65535
65535
65535
65535
65535
65535
65535
65535
65535
65535
65535
65535
65535
65535
65535
65535
65535
65535
65535
65535
65535
65535
65535
65535
65535
65535
65535
65535
65535
65535
65535
65535
65535
65535
65535
65535
65535
65535
65535
65535
65535
65535
65535
65535
65535
65535
65535
65535
65535
65535
65535
65535
65535
65535
65535
65535
65535
65535
65535
65535
65535
65535
65535
65535
65535
65535
65535
65535
65535
65535
65535
65535
65535
65535
65535
65535
65535
65535
65535
65535
65535
65535
65535
65535
65535
65535
65535
65535
65535
65535
65535
65535
65535
65535
65535
65535
65535
65535
65535
65535
65535
65535
65535
65535
65535
65535
65535
65535
65535
65535
65535
65535
65535
65535
65535
65535
65535
65535
65535
65535
65535
65535
65535
65535
65535
65535
65535
65535
65535
65535
65535
65535
65535
65535
65535
65535
65535
65535
65535
65535
65535
65535
65535
65535