24870
52849
21509
52596
15039
49235
21004
42766
23861
1847
45370
20247
42009
10669
60409
53939
41252
37891
37638
49821
46460
46208
49064
23942
29907
17220
1424
38476
59985
22176
56119
12092
24275
17553
63932
19905
41414
50488
12678
31078
40152
17886
33178
29564
1081
63004
15868
37377
15111
2171
45441
32502
16453
405
62328
33592
48631
10822
4099
31574
27960
30564
33168
17120
25942
13002
24932
46189
29888
23166
47532
50136
58957
5352
4847
26104
34925
43747
58786
52064
17111
25932
16102
34249
21310
45675
57606
38196
40800
24752
30213
51469
41638
44242
15507
11641
14245
29032
50289
12227
8361
10713
44404
3234
8947
11551
42134
47594
6424
5667
23562
13479
287
49522
20787
54478
41286
62543
36916
58173
38763
53802
56154
21201
45566
16831
53631
24895
14812
42286
47747
359
49594
23967
51441
19597
40854
2792
45810
20183
38330
40935
5981
52108
4720
35303
6567
21606
61515
16984
35131
25301
24796
36474
35717
60082
15803
37060
58316
64029
7315
50333
6053
45962
29662
32013
3278
55622
11342
7729
47638
59569
21507
52090
51333
57045
15875
52675
30157
54522
35113
40826
15199
55108
1502
35194
22002
37041
8306
48215
41492
3431
21578
27291
60983
19812
37960
28129
27625
61316
51233
19389
12667
27706
2079
38879
7035
25183
2664
23921
51395
7116
62821
37194
24254
20641
41898
727
31310
61893
14252
38618
59874
43826
58865
11477
20298
29120
50124
15171
11305
54323
47349
24831
36761
51800
10630
25669
34490
65073
27011
64064
26002
6845
31210
33814
45745
26335
44483
456
15495
14991
20704
10873
10368
537
3141
8854
39437
63802
32210
50358
52962
36914
51953
13891
13386
12882
53043
36995
30273
35986
4394
53629
9350
18171
20775
23379
25984
37914
49844
30687
55053
54548
16738
41104
21947
46312
58242
42194
54124
53620
50006
33958
27236
42275
7574
22613
12782
56052
52439
8160
45212
22947
41094
21937
52520
33363
29750
19919
10088
257
62180
55458
51844
20252
25965
63018
86
58900
49069
1681
54277
56881
47050
27893
30497
55115
29740
19910
28731
31335
58809
45870
26713
47969
16377
56286
49564
33516
14359
10745
28893
31497
30993
36706
36201
35696
13431
56701
9565
62161
58548
36282
7799
54178
28803
12755
65351
55520
61233
45185
60224
16197
12583
18296
30227
11069
60557
41400
56439
43499
46104
61143
54421
32155
44085
21819
15097
52150
32993
44923
19548
34588
34083
24252
17530
17025
28956
31560
49708
30551
36264
51303
16602
47185
28028
5762
23910
32731
29118
47518
19035
28109
18278
17773
4833
1220
50708
59529
59025
8528
4914
54402
41463
31632
37345
58853
58349
51627
1130
3734
43895
43391
27342
20620
23224
4067
62881
34398
27676
2301
54897
7509
34983
22044
65062
49013
4734
32208
37921
59178
27585
14646
57916
4310
47580
12880
9266
11870
52032
17331
23044
34974
18926
24639
61691
48752
54465
60178
50347
40516
33794
45724
13880
54041
47319
21944
62106
39588
29757
26143
16312
62691
18412
5472
51851
42020
44625
41011
52942
49328
61259
48319
32271
16222
3283
46553
36722
11095
47895
56717
9329
36803
51842
13780
35289
28567
62511
21340
45706
7896
16718
6887
40578
12095
36460
23521
29234
53599
46877
52590
30324
23602
63763
57041
34523
43344
42840
36118
16961
41578
31495
43425
27377
26873
26368
47624
44011
46615
61654
11157
60645
60141
53418
40479
52409
51905
23421
13338
59717
15438
11824
17537
1489
47868
41145
34423
12157
45849
60888
51057
560
12491
55761
2155
14086
35595
44416
6354
24502
14671
7949
60546
10049
12653
49453
61384
54661
16600
59617
40460
2398
5003
38694
22393
31215
49363
39532
63897
54067
3570
9283
58518
64231
16843
56752
3146
36838
8102
10706
13310
59437
2722
61536
39270
44983
25574
3056
14986
8264
13977
63465
16076
49768
30611
4984
51111
22375
9183
27331
26826
35648
32035
31530
12120
5398
45307
60347
62951
19
2623
33206
54462
10183
3209
21356
45722
20095
35134
50173
34125
46055
61094
54372
63194
50002
52606
51849
10678
38152
15634
49326
33278
42099
929
59742
40333
33359
57724
16553
9831
3109
61671
20500
32430
47469
59400
15120
5037
26294
63094
12597
52506
23771
7470
16292
40405
52335
26708
54182
40990
24690
58381
38972
60229
53506
65184
11579
42162
4100
6452
18382
61652
42243
16616
37872
15354
39720
4766
4010
59462
24509
30222
32826
7199
62652
30555
39377
7533
44333
9380
11732
42314
4253
41053
9209
30465
14164
47856
6685
52812
36511
54659
60372
56506
24662
11470
7604
47513
21887
30708
61291
29447
59777
59020
17850
42215
29023
3144
30618
26752
54226
31708
52965
11542
32546
19354
53046
30528
42206
56993
59344
2378
48504
25986
43882
8928
5063
10523
19093
31023
11614
48414
57236
269
18164
30095
42025
13290
56307
24463
20597
26058
31518
65210
39583
26391
19417
18660
30338
17146
25715
62516
5801
48819
23192
44196
6135
27391
23525
35204
15794
8567
57803
7306
59398
5540
1674
29148
56370
61830
35951
41412
46872
43007
7801
35023
34266
21074
42078
47539
37204
11324
63668
9810
21488
36275
63497
31653
15352
55261
13838
3755
27868
51981
54333
19380
65506
33410
38870
3665
52900
5260
60712
3746
9206
20884
63650
22227
21218
39113
47683
6260
2394
29616
41041
12053
29949
22722
56162
2556
48430
19695
9611
15072
36076
38428
15658
2213
60523
22208
2547
14225
57243
34472
17919
4727
53710
62280
51944
10521
3294
11864
1528
44294
21523
48745
7322
43870
30678
14125
63108
3033
2276
54368
6727
61928
29831
10169
65370
14621
60495
12854
52511
23523
50745
6213
5204
29317
6547
64856
48303
22424
49646
36454
60314
31326
5447
23090
18972
33759
17459
4014
46780
14683
57449
62909
37030
20477
563
61981
20558
57106
46771
14674
1230
220
5429
57520
50294
21306
45419
44662
49870
2230
51213
25333
40120
63981
16088
11970
32722
13060
30956
42382
47590
2806
42210
47671
37336
20783
63296
21621
64386
47833
3049
58250
54132
40940
36822
57826
56817
55808
7915
56898
9005
20431
13204
5977
36056
19503
18493
33028
32019
9248
52014
28991
12438
39660
13528
62511
49067
51166
6382
30495
51247
25116
5454
38893
25449
27549
20322
31748
2507
1498
59807
21493
29810
22584
65349
11239
13086
52490
17033
47111
55428
63745
44083
64835
51391
47273
11815
17023
34667
45840
1056
56257
52139
63564
34576
42893
57428
62636
30539
45074
290
36838
57338
6336
64645
22970
56157
11373
60356
59095
17419
6832
24475
63879
25313
64969
35729
271
45893
19762
62275
8165
10264
27908
42442
47398
39919
35549
49831
48822
47812
18572
4876
9831
30583
60662
25204
21086
63599
3019
5119
63176
18392
20491
16121
39981
48298
22167
64932
60814
53335
17625
820
34007
32745
15940
36692
38539
43748
14507
60129
27780
26519
56345
45757
44495
40377
4920
56759
33736
63814
43648
29699
62886
49190
16841
35
54984
47757
40278
64139
3558
49180
60606
28257
52118
44639
34051
4811
440
18084
63706
37574
64544
41521
15389
64120
56641
17822
26139
260
48738
16389
37141
23445
6639
39826
51000
37051
26463
12767
55280
48053
15704
64435
41412
36789
29310
53171
20822
53757
27373
60308
27959
8297
50558
43079
16695
43412
60803
16019
5179
19713
61974
54495
56342
39537
4079
46593
11135
50539
33734
29364
34320
61289
19362
52549
45322
34734
55234
38176
18262
54305
46826
5151
10107
64803
51106
12288
51440
28417
24047
35220
33959
38915
3457
51935
16225
55377
25885
43276
57558
25209
20586
6890
27389
13693
3105
8061
44357
42843
19568
27632
57711
37544
61153
47204
61486
41320
18297
45266
40896
8295
31903
39968
19801
9214
61053
473
2320
22820
6015
23406
6600
27100
50708
46338
45076
56250
48771
37931
33560
959
27676
4654
43806
39435
44644
2716
4311
55898
35732
12457
36065
50347
48833
60259
46563
38831
265
8077
16142
2445
44706
65206
7735
3364
45625
56799
36632
28901
40074
23269
46877
11420
25702
12005
38722
3012
14186
56699
52329
26197
24936
60727
49887
45516
19133
5436
35010
8626
29378
6103
54833
53572
18114
32396
46678
23403
19033
20628
25332
14491
38100
33730
44651
21628
23223
21457
57500
5994
26241
40271
1200
65222
41947
6237
54715
3462
2200
63113
2533
26142
49750
4714
59410
23700
19077
48651
6471
45875
28818
64861
1172
62086
44776
37044
54435
31160
33007
37963
18049
54093
21239
63752
37368
23672
28628
36440
50470
5181
31899
43072
38449
40044
54326
21725
54660
25167
45667
19031
48857
63139
39864
1045
18436
10705
9191
13894
25068
30024
6749
39431
25482
52199
4054
9010
57489
62192
4721
98
20346
179
2026
6730
30086
50334
58146
31762
33357
3864
30329
13019
39737
22679
11839
28977
39646
3936
43088
908
30734
63669
46611
38880
46692
23417
142
48621
12658
58028
40718
32987
15929
20633
37771
55162
12982
11721
28859
33815
13649
34149
63975
34230
32716
2971
32797
28174
48422
40690
23633
43880
8170
9765
39591
520
8584
53954
52440
35382
43195
44790
61928
23110
65370
63857
65451
32850
59567
45366
31417
64352
31751
11584
16288
11918
10404
55773
44933
40311
57449
40139
63495
9133
20054
34084
57440
43491
4672
44077
64324
6601
45753
34913
39869
22811
15080
10457
49357
4068
21207
51033
18431
44896
52709
4311
61864
47662
5483
31947
58665
10267
40093
23036
15304
60421
18494
29667
50167
17566
60079
17899
47725
43102
35623
43436
60574
24612
35785
15367
45193
3265
17295
62665
39137
37623
30144
37957
5355
7202
2328
19466
2409
22908
30973
48112
34163
29540
47
36091
19033
51716
37515
60871
9364
60952
15663
23475
62628
35991
3138
14059
43885
42371
22205
1786
37829
48750
22114
11274
34630
64456
13202
64790
7066
5552
56887
49156
60077
30584
38396
58896
35873
18563
63933
34441
1839
44100
20825
28637
8471
44262
61653
38126
43082
47785
58706
41649
52570
47947
15094
53993
27610
13408
40126
41721
43568
14075
28357
8191
6677
39612
22554
49019
25744
33556
44225
64473
62959
27249
25987
43378
35647
27915
4388
52866
51605
40765
11272
6649
42945
7235
2612
38403
30924
10506
36971
23274
12434
32681
46964
36376
44440
48892
28725
43008
4189
58632
26031
2756
1242
34177
29302
46693
23165
46774
35681
37276
48197
40466
45422
12821
36177
53568
33401
59866
52135
47512
30455
19614
5413
38348
21290
50864
49350
54306
27670
13973
62704
1872
56568
20858
63118
27156
63199
21272
47737
12027
10513
43447
63947
9585
58063
59910
2187
32012
39825
16550
37049
23101
46709
42086
46790
39059
18892
23596
9647
14351
50394
61568
57197
15270
39130
40978
27029
41311
58702
16774
24839
4925
555
21054
1140
12314
29957
59783
24325
29533
12476
26758
31714
52466
26082
55908
13980
34732
14818
1122
37165
23469
47077
8511
25902
24640
14052
46987
20855
13376
65216
20179
25135
42526
3707
2446
13619
9249
39327
12943
21008
29073
12015
54528
53267
8483
63179
21503
32929
25450
55276
10240
58970
57709
34686
2337
63755
18971
8383
41570
65431
29973
53582
24341
1319
56015
29883
19295
40047
60799
6437
36263
7022
52644
4751
63061
58943
64151
25584
30540
63727
18943
52130
41543
59186
36163
47589
59014
57753
56744
8851
7842
53716
46237
57663
34640
20943
38587
59339
20520
25728
62024
54545
63114
21439
11103
31855
2615
1606
31684
55545
20087
59491
11599
32603
3363
30332
32179
56040
55031
37973
27385
54355
62672
5453
47966
62501
36369
13599
31242
8219
60058
61906
60896
38126
61987
57616
12832
5353
16779
59545
2326
26186
55
58112
50633
43154
26601
44244
11895
45082
40964
11724
48272
9705
46001
38522
21969
55156
16589
27763
54985
35070
12048
35908
15994
33638
32628
46911
5235
3974
46487
51695
3550
14976
41945
53371
36566
54209
59417
36395
28916
55885
26645
16309
5721
29582
59660
39746
38485
58984
57723
44026
21004
47973
43603
57885
59732
64688
16543
52839
14272
25446
36871
14101
12839
55353
38547
9307
32915
59885
46188
23166
12326
48621
50468
5684
60633
47188
61471
25761
33825
48107
40628
2062
10127
37096
1638
56586
21129
41628
34149
32888
16082
64813
20029
12298
29941
63128
5657
32626
34726
55225
19768
15397
16992
28166
30013
19173
33707
51098
21858
11018
28409
39582
35212
5719
1601
25462
39492
63100
55369
16550
61920
38645
31166
60991
28642
5620
32337
46871
39392
573
61739
29138
27876
7710
9305
11152
34760
52151
31985
33832
19883
27696
26434
37355
1645
31723
30210
3826
27434
7268
61964
20036
9448
42383
59774
61621
22802
49519
41536
5826
19856
33885
38589
40184
47996
8925
48077
65468
26650
9592
61179
63026
55295
41094
20927
13196
23865
19242
42598
3527
42679
59818
11673
60151
45950
7131
42922
38552
46364
13763
65098
13844
25018
23504
12664
26946
12745
27027
28622
45760
19377
5175
6518
54744
53230
45499
62637
10879
34487
8104
6337
61033
65485
35740
40443
1372
65394
57663
31027
23043
27494
50851
65133
35388
9004
44795
11941
25971
30675
47814
64700
60077
2354
53941
36631
47552
36460
40911
58302
578
8391
3768
23763
59806
17627
37622
54508
2750
19888
58788
23078
36855
56851
11310
21978
45335
37351
13823
15166
44740
27934
7263
64563
63050
1965
62878
14481
6245
44892
15148
38251
61355
47154
57823
40513
41855
24293
19418
48992
16138
51677
62346
7731
11930
60156
2180
62841
7974
40404
32168
5280
62832
11074
34177
13759
43080
28627
17534
28203
7532
46179
16182
11055
46594
28779
32978
28103
47846
8270
9361
32212
49098
56659
63966
33969
863
51946
12370
38078
36059
27823
22948
5386
62939
8071
34032
926
36464
49990
32427
49061
59730
10828
52332
59892
48548
52747
63415
64506
65344
41564
24254
21983
29291
27020
62559
44997
36761
62721
26254
64649
34652
13981
52629
53719
20361
55899
50772
20523
30939
7159
23289
55719
41265
13872
27397
53105
25965
8402
34363
19405
48221
61494
24775
16287
20233
2419
50140
19891
64251
21314
31478
35425
58024
64828
34578
16511
17601
46670
38182
39020
55654
15574
9942
7671
5400
18673
606
48328
36478
18664
25719
42101
42939
2
840
10752
14699
2849
3687
10490
48886
62159
40983
19807
42407
9048
47191
48029
11310
30800
41217
32729
55075
58770
9616
57085
35909
48677
2380
109
22708
19932
7831
55048
8750
9
16139
1180
17058
27222
9155
15958
13435
45108
23932
43675
62913
31907
35349
29465
36268
27780
53235
56930
38863
20796
36925
46585
287
50360
10028
38592
29599
42620
43205
11947
9171
31518
31851
38655
5044
42935
40411
28562
7386
51242
20236
14352
61316
48962
61983
28120
37780
47439
1141
17018
11134
27264
14910
46583
18685
28597
60018
10106
22875
41861
61099
61432
46474
50168
50502
47726
38733
4870
23856
2176
30740
49474
21324
62071
46608
15349
15430
40634
31136
18278
24828
59106
6086
37506
25153
47247
62872
31613
19259
28666
31604
6815
63106
56717
50328
19069
34442
24692
40064
24097
45687
26863
39632
55256
23998
52057
17437
26592
29530
54229
19609
13220
22375
21951
6236
62275
37233
2614
5299
32602
51083
13102
13183
9651
65184
27456
61481
11317
7785
60715
972
44071
34069
27176
64057
35403
56992
34555
59254
27743
5558
17822
35798
16975
25877
22093
12343
55189
45187
10567
6783
21650
30049
45169
54071
6764
43646
21208
23641
63631
780
3213
2537
51601
22694
9584
34030
58224
42004
9989
55944
20820
4600
19468
40553
61638
32984
19621
46923
11799
23306
53970
59006
52113
10771
16060
46472
58231
10419
47048
46120
35866
62916
52409
20394
3417
55085
60375
3237
48940
22637
11878
14058
41109
33206
56895
27736
17229
25627
43352
41919
30907
57706
40729
17535
56768
55083
7019
5838
32637
37674
33384
31952
33627
4216
2026
56803
8739
47467
30491
31915
46025
38627
5855
57775
133
63983
34067
16838
65398
47917
24470
51016
46475
10341
20838
60072
52169
22253
51403
49465
16945
39625
9709
48437
27848
788
58169
6491
1698
33704
16475
17646
50157
38641
45778
31153
44759
64079
15005
38190
51039
39271
43803
13635
45894
58995
41009
26385
43100
24862
13093
1325
26862
3163
13408
48776
8524
46243
12714
50685
57065
57732
18237
43773
47549
26202
1746
23922
43241
49873
3404
43979
41285
38338
10017
44628
35463
7394
51079
54602
55269
39635
27109
27271
55665
5834
27253
18089
43121
46392
64954
2941
9068
18052
36362
23836
48364
885
25665
15996
24980
21276
2029
64618
51588
54102
9733
65095
64248
7948
38945
50785
31285
21112
26482
25887
53776
55785
54938
57199
15686
8874
4413
10288
31455
52116
38834
59496
27561
48223
44015
1997
44420
49285
60116
27929
39265
25226
55466
29749
7140
55528
23089
31316
23999
28612
5247
27756
41948
18835
51679
43857
54184
20735
3335
10552
61292
31457
7335
21022
12948
13948
1504
58209
21399
40295
62299
28851
29598
27237
15550
59820
41663
11071
54836
18027
37175
37922
22874
45131
11177
30073
30568
2076
2067
4157
62709
3634
15807
59320
24610
5444
1821
26430
19951
4145
40684
2613
11425
54434
819
62480
45918
29356
30941
54793
3530
18055
48376
13414
27434
41455
64297
2951
23189
30992
7456
30298
50284
20530
25224
44705
51751
31071
51309
30124
55571
62617
63193
36043
7884
36187
33907
24400
18759
6396
37555
46196
61812
5926
27759
61522
1014
19738
59971
40381
2139
45229
27990
20835
50733
33747
13400
18428
59752
62175
41828
2577
41548
59011
23120
45539
24183
6945
26507
23803
8160
14530
5609
49
15746
62277
62178
55104
4507
32639
50940
53192
14778
55345
1387
2630
57731
59731
39718
62974
61361
13621
8899
32408
39364
9014
52771
50148
44417
41794
51102
41252
58625
29366
53461
15128
16452
9459
55315
49917
14441
24839
40949
44625
45445
29711
63970
4966
45190
13408
13219
15381
5360
9621
32788
6466
42068
46329
18999
14439
17943
39343
51165
29800
26582
60670
52072
19110
45971
40230
28524
32615
54348
25837
21187
26115
19870
62103
7712
49946
1773
43501
62207
15124
65170
11618
31666
40036
37819
13083
63714
58388
2060
13116
21062
11951
53085
24060
33097
18606
4116
11134
51592
14331
4797
37775
41261
9794
37898
49953
48565
61710
52338
27503
63247
20012
25255
36716
65062
55347
13031
31799
28635
59919
32723
65098
1939
17337
37691
2087
47563
51950
9705
20895
27210
61503
11
58499
18092
9106
10285
20032
2134
4232
48085
21609
46215
63090
61646
12389
36229
57799
18364
22281
45436
53209
46862
10013
64994
46788
47064
56323
29872
48367
54256
59217
41488
32248
10149
2242
6517
45413
15411
36078
47337
4405
11555
36439
48474
3803
18713
41444
59986
26273
554
8283
30475
26040
58414
4844
33957
38795
42461
11265
3515
49794
18274
64391
18760
55975
57399
765
13534
64364
62598
52262
29744
23022
10082
9830
40917
12686
31339
46883
46883
49991
59318
62426
62426
62426
65535
65535
65535
65535
65535
65535
65535
65535
65535
65535
65535
65535
65535
65535
65535
65535
65535
65535
65535
65535
65535
65535
65535
65535
65535
65535
65535
65535
65535
65535
65535
65535
65535
65535
65535
65535
65535
65535
65535
65535
65535
65535
65535
65535
65535
65535
65535
65535
65535
65535
65535
65535
65535
65535
65535
65535
65535
65535
65535
65535
65535
65535
65535
65535
65535
65535
65535
65535
65535
65535
65535
65535
65535
65535
65535
65535
65535
65535
65535
65535
65535
65535
65535
65535
65535
65535
65535
65535
65535
65535
65535
65535
65535
65535
65535
65535
65535
65535
65535
65535
65535
65535
65535
65535
65535
65535
65535
65535
65535
65535
65535
65535
65535
65535
65535
65535
65535
65535
65535
65535
65535
65535
65535
65535
65535
65535
65535
65535
65535
65535
65535
65535
65535
65535
65535
65535
65535
65535
65535
65535
65535
65535
65535
65535
65535
65535
65535
65535
65535
65535
65535
65535
65535
65535
65535
65535
65535
65535
65535
65535
65535
65535
65535
65535
65535
65535
65535
65535
65535
65535
65535
65535
65535
65535
65535
65535
65535
65535
65535
65535
65535
65535
65535
65535
65535
65535
65535
65535
65535
65535
65535
65535
65535
65535
65535
65535
65535
65535
65535
65535
65535
65535
65535
65535
65535
65535
65535
65535
65535
65535
65535
65535
65535
65535
65535
65535
65535
65535
65535
65535
65535
65535
65535
65535
65535
65535
65535
65535
65535
65535
65535
65535
65535
65535
65535
65535
65535
65535
65535
65535
65535
65535
65535
65535
65535
65535
65535
65535
65535
65535
65535
65535
65535
65535
65535
65535
65535
65535
65535
65535
65535
65535
65535
65535
65535
65535
65535
65535
65535
65535
65535
65535
65535
65535
65535
65535
65535
65535
65535
65535
65535
65535
65535
65535
65535
65535
65535
65535
65535
65535
65535
65535
65535
65535
65535
65535
65535
65535
65535
65535
65535
65535
65535
65535
65535
65535
65535
65535
65535
65535
65535
65535
65535
65535
65535
65535
65535
65535
65535
65535
65535
65535
65535
65535
65535
65535
65535
65535
65535
65535
65535
65535
65535
65535
65535
65535
65535
65535
65535
65535
65535
65535
65535
65535
65535
65535
65535
65535
65535
65535
65535
65535
65535
65535
65535
65535
65535
65535
65535
65535
65535
65535
65535
65535
65535
65535
65535
65535
65535
65535
65535
65535
65535
65535
65535
65535
65535
65535
65535
65535
65535
65535
65535
65535
65535
65535
65535
65535
65535
65535
65535
65535
65535
65535
65535
65535
65535
65535
65535
65535
65535
65535
65535
65535
65535
65535
65535
65535
65535
65535
65535
65535
65535
65535
65535
65535
65535
65535
65535
65535
65535
65535
65535
65535
65535
65535
65535
65535
65535
65535
65535
65535
65535
65535
65535
65535
65535
65535
65535
65535
65535
65535
65535
65535
65535
65535
65535
65535
65535
65535
65535
65535
65535
65535
65535
65535
65535
65535
65535
65535
65535
65535
65535
65535
65535
65535
65535
65535
65535
65535
65535
65535
65535
65535
65535
65535
65535
65535
65535
65535
65535
65535
65535
65535
65535
65535
65535
65535
65535
65535
65535
65535
65535
65535
65535
65535
65535
65535
65535
65535
65535
65535
65535
65535
65535
65535
65535
65535
65535
65535
65535
65535
65535
65535
65535
65535
65535
65535
65535
65535
65535
65535
65535
65535
65535
65535
65535
65535
65535
65535
65535
65535
65535
65535
65535
65535
65535
65535
65535
65535
65535
65535
65535
65535
65535
65535
65535
65535
65535
65535
65535
65535
65535
65535
65535
65535
65535
65535
65535
65535
65535
65535
65535
65535
65535
65535
65535
65535
65535
65535
65535
65535
65535
65535
65535
65535
65535
65535
65535
65535
65535
65535
65535
65535
65535
65535
65535
65535
65535
65535
65535
65535
65535
65535
65535
65535
65535
65535
65535
65535
65535
65535
65535
65535
65535
65535
65535
65535
65535
65535
65535
65535
65535
65535
65535
65535
65535
65535
65535
65535
65535
65535
65535
65535
65535
65535
65535
65535
65535
65535
65535
65535
65535
65535
65535
65535
65535
65535
65535
65535
65535
65535
65535
65535
65535
65535
65535
65535
65535
65535
65535
65535
65535
65535
65535
65535
65535
65535
65535
65535
65535
65535
65535
65535
65535
65535
65535
65535
65535
65535
65535
65535
65535
65535
65535
65535
65535
65535
65535
65535
65535
65535
65535
65535
65535
65535
65535
65535
65535
65535
65535
65535
65535
65535
65535
65535
65535
65535
65535
65535
65535
65535
65535
65535
65535
65535
65535
65535
65535
65535
65535
65535
65535
65535
65535
65535
65535
65535
65535
65535
65535
65535
65535
65535
65535
65535
65535
65535
65535
65535
65535
65535
65535
65535
65535
65535
65535
65535
65535
65535
65535
65535
65535
65535
65535
65535
65535
65535
65535
65535
65535
65535
65535
65535
65535
65535
65535
65535
65535
65535
65535
65535
65535
65535
65535
65535
65535
65535
65535
65535
65535
65535
65535
65535
65535
65535
65535
65535
65535
65535
65535
65535
65535
65535
65535
65535
65535
65535
65535
65535
65535
65535
65535
65535
65535
65535
65535
65535
65535
65535
65535
65535
65535
65535
65535
65535
65535
65535
65535
65535
65535
65535
65535
65535
65535
65535
65535
65535
65535
65535
65535
65535
65535
65535
65535
65535
65535
65535
65535
65535
65535
65535
65535
65535
65535
65535
65535
65535
65535
65535
65535
65535
65535
65535
65535
65535
65535
65535
65535
65535
65535
65535
65535
65535
65535
65535
65535
65535
65535
65535
65535
65535
65535
65535
65535
65535
65535
65535
65535
65535
65535
65535
65535
65535
65535
65535
65535
65535
65535
65535
65535
65535
65535
65535
65535
65535
65535
65535
65535
65535
65535
65535
65535
65535
65535
65535
65535
65535
65535
65535
65535
65535
65535
65535
65535
65535
65535
65535
65535
65535
65535
65535
65535
65535
65535
65535
65535
65535
65535
65535
65535
65535
65535
65535
65535
65535
65535
65535
65535
65535
65535
65535
65535
65535
65535
65535
65535
65535
65535
65535
65535
65535
65535
65535
65535
65535
65535
65535
65535
65535
65535
65535
65535
65535
65535
65535
65535
65535
65535
65535
65535
65535
65535
65535
65535
65535
65535
65535
65535
65535
65535
65535
65535
65535
65535
65535
65535
65535
65535
65535
65535
65535
65535
65535
65535
65535
65535
65535
65535
65535
65535
65535
65535
65535
65535
65535
65535
65535
65535
65535
65535
65535
65535
65535
65535
65535
65535
65535
65535
65535
65535
65535
65535
65535
65535
65535
65535
65535
65535
65535
65535
65535
65535
65535
65535
65535
65535
65535
65535
65535
65535
65535
65535
65535
65535
65535
65535
65535
65535
65535
65535
65535
65535
65535
65535
65535
65535
65535
65535
65535
65535
65535
65535
65535
65535
65535
65535
65535
65535
65535
65535
65535
65535
65535
65535
65535
65535
65535
65535
65535
65535
65535
65535
65535
65535
65535
65535
65535
65535
65535
65535
65535
65535
65535
65535
65535
65535
65535
65535
65535
65535
65535
65535
65535
65535
65535
65535
65535
65535
65535
65535
65535
65535
65535
65535
65535
65535
65535
65535
65535
65535
65535
65535
65535
65535
65535
65535
65535
65535
65535
65535
65535
65535
65535
65535
65535
65535
65535
65535
65535
65535
65535
65535
65535
65535
65535
65535
65535
65535
65535
65535
65535
65535
65535
65535
65535
65535
65535
65535
65535
65535
65535
65535
65535
65535
65535
65535
65535
65535
65535
65535
65535
65535
65535
65535
65535
65535
65535
65535
65535
65535
65535
65535
65535
65535
65535
65535
65535
65535
65535
65535
65535
65535
65535
65535
65535
65535
65535
65535
65535
65535
65535
65535
65535
65535
65535
65535
65535
65535
65535
65535
65535
65535
65535
65535
65535
65535
65535
65535
65535
65535
65535
65535
65535
65535
65535
65535
65535
65535
65535
65535
65535
65535
65535
65535
65535
65535
65535
65535
65535
65535
65535
65535
65535
65535
65535
65535
65535
65535
65535
65535
65535
65535
65535
65535
65535
65535
65535
65535
65535
65535
65535
65535
65535
65535
65535
65535
65535
65535
65535
65535
65535
65535
65535
65535
65535
65535
65535
65535
65535
65535
65535
65535
65535
65535
65535
65535
65535
65535
65535
65535
65535
65535
65535
65535
65535
65535
65535
65535
65535
65535
65535
65535
65535
65535
65535
65535
65535
65535
65535
65535
65535
65535
65535
65535
65535
65535
65535
65535
65535
65535
65535
65535
65535
65535
65535
65535
65535
65535
65535
65535
65535
65535
65535
65535
65535
65535
65535
65535
65535
65535
65535
65535
65535
65535
65535
65535
65535
65535
65535
65535
65535
65535
65535
65535
65535
65535
65535
65535
65535
65535
65535
65535
65535
65535
65535
65535
65535
65535
65535
65535
65535
65535
65535
65535
65535
65535
65535
65535
65535
65535
65535
65535
65535
65535
65535
65535
65535
65535
65535
65535
65535
65535
65535
65535
65535
65535
65535
65535
65535
65535
65535
65535
65535
65535
65535
65535
65535
65535
65535
65535
65535
65535
65535
65535
65535
65535
65535
65535
65535
65535
65535
65535
65535
65535
65535
65535
65535
65535
65535
65535
65535
65535
65535
65535
65535
65535
65535
65535
65535
65535
65535
65535
65535
65535
65535
65535
65535
65535
65535
65535
65535
65535
65535
65535
65535
65535
65535
65535
65535
65535
65535
65535
65535
65535
65535
65535
65535
65535
65535
65535
65535
65535
65535
65535
65535
65535
65535
65535
65535
65535
65535
65535
65535
65535
65535
65535
65535
65535
65535
65535
65535
65535
65535
65535
65535
65535
65535
65535
65535
65535
65535
65535
65535
65535
65535
65535
65535
65535
65535
65535
65535
65535
65535
65535
65535
65535
65535
65535
65535
65535
65535
65535
65535
65535
65535
65535
65535
65535
65535
65535
65535
65535
65535
65535
65535
65535
65535
65535
65535
65535
65535
65535
65535
65535
65535
65535
65535
65535
65535
65535
65535
65535
65535
65535
65535
65535
65535
65535
65535
65535
65535
65535
65535
65535
65535
65535
65535
65535
65535
65535
65535
65535
65535
65535
65535
65535
65535
65535
65535
65535
65535
65535
65535
65535
65535
65535
65535
65535
65535
65535
65535
65535
65535
65535
65535
65535
65535
65535
65535
65535
65535
65535
65535
65535
65535
65535
65535
65535
65535
65535
65535
65535
65535
65535
65535
65535
65535
65535
65535
65535
65535
65535
65535
65535
65535
65535
65535
65535
65535
65535
65535
65535
65535
65535
65535
65535
65535
65535
65535
65535
65535
65535
65535
65535
65535
65535
65535
65535
65535
65535
65535
65535
65535
65535
65535
65535
65535
65535
65535
65535
65535
65535
65535
65535
65535
65535
65535
65535
65535
65535
65535
65535
65535
65535
65535
65535
65535
65535
65535
65535
65535
65535
65535
65535
65535
65535
65535
65535
65535
65535
65535
65535
65535
65535
65535
65535
65535
65535
65535
65535
65535
65535
65535
65535
65535
65535
65535
65535
65535
65535
65535
65535
65535
65535
65535
65535
65535
65535
65535
65535
65535
65535
65535
65535
65535
65535
65535
65535
65535
65535
65535
65535
65535
65535
65535
65535
65535
65535
65535
65535
65535
65535
65535
65535
65535
65535
65535
65535
65535
65535
65535
65535
65535
65535
65535
65535
65535
65535
65535
65535
65535
65535
65535
65535
65535
65535
65535
65535
65535
65535
65535
65535
65535
65535
65535
65535
65535
65535
65535
65535
65535
65535
65535
65535
65535
65535
65535
65535
65535
65535
65535
65535
65535
65535
65535
65535
65535
65535
65535
65535
65535
65535
65535
65535
65535
65535
65535
65535
65535
65535
65535
65535
65535
65535
65535
65535
65535
65535
65535
65535
65535
65535
65535
65535
65535
65535
65535
65535
65535
65535
65535
65535
65535
65535
65535
65535
65535
65535
65535
65535
65535
65535
65535
65535
65535
65535
65535
65535
65535
65535
65535
65535
65535
65535
65535
65535
65535
65535
65535
65535
65535
65535
65535
65535
65535
65535
65535
65535
65535
65535
65535
65535
65535
65535
65535
65535
65535
65535
65535
65535
65535
65535
65535
65535
65535
65535
65535
65535
65535
65535
65535
65535
65535
65535
65535
65535
65535
65535
65535
65535
65535
65535
65535
65535
65535
65535
65535
65535
65535
65535
65535
65535
65535
65535
65535
65535
65535
65535
65535
65535
65535
65535
65535
65535
65535
65535
65535
65535
65535
65535
65535
65535
65535
65535
65535
65535
65535
65535
65535
65535
65535
65535
65535
65535
65535
65535
65535
65535
65535
65535
65535
65535
65535
65535
65535
65535
65535
65535
65535
65535
65535
65535
65535
65535
65535
65535
65535
65535
65535
65535
65535
65535
65535
65535
65535
65535
65535
65535
65535
65535
65535
65535
65535
65535
65535
65535
65535
65535
65535
65535
65535
65535
65535
65535
65535
65535
65535
65535
65535
65535
65535
65535
65535
65535
65535
65535
65535
65535
65535
65535
65535
65535
65535
65535
65535
65535
65535
65535
65535
65535
65535
65535
65535
65535
65535
65535
65535
65535
65535
65535
65535
65535
65535
65535
65535
65535
65535
65535
65535
65535
65535
65535
65535
65535
65535
65535
65535
65535
65535
65535
65535
65535
65535
65535
65535
65535
65535
65535
65535
65535
65535
65535
65535
65535
65535
65535
65535
65535
65535
65535
65535
65535
65535
65535
65535
65535
65535
65535
65535
65535
65535
65535
65535
65535
65535
65535
65535
65535
65535
65535
65535
65535
65535
65535
65535
65535
65535
65535
65535
65535
65535
65535
65535
65535
65535
65535
65535
65535
65535
65535
65535
65535
65535
65535
65535
65535
65535
65535
65535
65535
65535
65535
65535
65535
65535
65535
65535
65535
65535
65535
65535
65535
65535
65535
65535
65535
65535
65535
65535
65535
65535
65535
65535
65535
65535
65535
65535
65535
65535
65535
65535
65535
65535
65535
65535
65535
65535
65535
65535
65535
65535
65535
65535
65535
65535
65535
65535
65535
65535
65535
65535
65535
65535
65535
65535
65535
65535
65535
65535
65535
65535
65535
65535
65535
65535
65535
65535
65535
65535
65535
65535
65535
65535
65535
65535
65535
65535
65535
65535
65535
65535
65535
65535
65535
65535
65535
65535
65535
65535
65535
65535
65535
65535
65535
65535
65535
65535
65535
65535
65535
65535
65535
65535
65535
65535
65535
65535
65535
65535
65535
65535
65535
65535
65535
65535
65535
65535
65535
65535
65535
65535
65535
65535
65535
65535
65535
65535
65535
65535
65535
65535
65535
65535
65535
65535
65535
65535
65535
65535
65535
65535
65535
65535
65535
65535
65535
65535
65535
65535
65535
65535
65535
65535
65535
65535
65535
65535
65535
65535
65535
65535
65535
65535
65535
65535
65535
65535
65535
65535
65535
65535
65535
65535
65535
65535
65535
65535
65535
65535
65535
65535
65535
65535
65535
65535
65535
65535
65535
65535
65535
65535
65535
65535
65535
65535
65535
65535
65535
65535
65535
65535
65535
65535
65535
65535
65535
65535
65535
65535
65535
65535
65535
65535
65535
65535
65535
65535
65535
65535
65535
65535
65535
65535
65535
65535
65535
65535
65535
65535
65535
65535
65535
65535
65535
65535
65535
65535
65535
65535
65535
65535
65535
65535
65535
65535
65535
65535
65535
65535
65535
65535
65535
65535
65535
65535
65535
65535
65535
65535
65535
65535
65535
65535
65535
65535
65535
65535
65535
65535
65535
65535
65535
65535
65535
65535
65535
65535
65535
65535
65535
65535
65535
65535
65535
65535
65535
65535
65535
65535
65535
65535
65535
65535
65535
65535
65535
65535
65535
65535
65535
65535
65535
65535
65535
65535
65535
65535
65535
65535
65535
65535
65535
65535
65535
65535
65535
65535
65535
65535
65535
65535
65535
65535
65535
65535
65535
65535
65535
65535
65535
65535
65535
65535
65535
65535
65535
65535
65535
65535
65535
65535
65535
65535
65535
65535
65535
65535
65535
65535
65535
65535
65535
65535
65535
65535
65535
65535
65535
65535
65535
65535
65535
65535
65535
65535
65535
65535
65535
65535
65535
65535
65535
65535
65535
65535
65535
65535
65535
65535
65535
65535
65535
65535
65535
65535
65535
65535
65535
65535
65535
65535
65535
65535
65535
65535
65535
65535
65535
65535
65535
65535
65535
65535
65535
65535
65535
65535
65535
65535
65535
65535
65535
65535
65535
65535
65535
65535
65535
65535
65535
65535
65535
65535
65535
65535
65535
65535
65535
65535
65535
65535
65535
65535
65535
65535
65535
65535
65535
65535
65535
65535
65535
65535
65535
65535
65535
65535
65535
65535
65535
65535
65535
65535
65535
65535
65535
65535
65535
65535
65535
65535
65535
65535
65535
65535
65535
65535
65535
65535
65535
65535
65535
65535
65535
65535
65535
65535
65535
65535
65535
65535
65535
65535
65535
65535
65535
65535
65535
65535
65535
65535
65535
65535
65535
65535
65535
65535
65535
65535
65535
65535
65535
65535
65535
65535
65535
65535
65535
65535
65535
65535
65535
65535
65535
65535
65535
65535
65535
65535
65535
65535
65535
65535
65535
65535
65535
65535
65535
65535
65535
65535
65535
65535
65535
65535
65535
65535
65535
65535
65535
65535
65535
65535
65535
65535
65535
65535
65535
65535
65535
65535
65535
65535
65535
65535
65535
65535
65535
65535
65535
65535
65535
65535
65535
65535
65535
65535
65535
65535
65535
65535
65535
65535
65535
65535
65535
65535
65535
65535
65535
65535
65535
65535
65535
65535
65535
65535
65535
65535
65535
65535
65535
65535
65535
65535
65535
65535
65535
65535
65535
65535
65535
65535
65535
65535
65535
65535
65535
65535
65535
65535
65535
65535
65535
65535
65535
65535
65535
65535
65535
65535
65535
65535
65535
65535
65535
65535
65535
65535
65535
65535
65535
65535
65535
65535
65535
65535
65535
65535
65535
65535
65535
65535
65535
65535
65535
65535
65535
65535
65535
65535
65535
65535
65535
65535
65535
65535
65535
65535
65535
65535
65535
65535
65535
65535
65535
65535
65535
65535
65535
65535
65535
65535
65535
65535
65535
65535
65535
65535
65535
65535
65535
65535
65535
65535
65535
65535
65535
65535
65535
65535
65535
65535
65535
65535
65535
65535
65535
65535
65535
65535
65535
65535
65535
65535
65535
65535
65535
65535
65535
65535
65535
65535
65535
65535
65535
65535
65535
65535
65535
65535
65535
65535
65535
65535
65535
65535
65535
65535
65535
65535
65535
65535
65535
65535
65535
65535
65535
65535
65535
65535
65535
65535
65535
65535
65535
65535
65535
65535
65535
65535
65535
65535
65535
65535
65535
65535
65535
65535
65535
65535
65535
65535
65535
65535
65535
65535
65535
65535
65535
65535
65535
65535
65535
65535
65535
65535
65535
65535
65535
65535
65535
65535
65535
65535
65535
65535
65535
65535
65535
65535
65535
65535
65535
65535
65535
65535
65535
65535
65535
65535
65535
65535
65535
65535
65535
65535
65535
65535
65535
65535
65535
65535
65535
65535
65535
65535
65535
65535
65535
65535
65535
65535
65535
65535
65535
65535
65535
65535
65535
65535
65535
65535
65535
65535
65535
65535
65535
65535
65535
65535
65535
65535
65535
65535
65535
65535
65535
65535
65535
65535
65535
65535
65535
65535
65535
65535
65535
65535
65535
65535
65535
65535
65535
65535
65535
65535
65535
65535
65535
65535
65535
65535
65535
65535
65535
65535
65535
65535
65535
65535
65535
65535
65535
65535
65535
65535
65535
65535
65535
65535
65535
65535
65535
65535
65535
65535
65535
65535
65535
65535
65535
65535
65535
65535
65535
65535
65535
65535
65535
65535
65535
65535
65535
65535
65535
65535
65535
65535
65535
65535
65535
65535
65535
65535
65535
65535
65535
65535
65535
65535
65535
65535
65535
65535
65535
65535
65535
65535
65535
65535
65535
65535
65535
65535
65535
65535
65535
65535
65535
65535
65535
65535
65535
65535
65535
65535
65535
65535
65535
65535
65535
65535
65535
65535
65535
65535
65535
65535
65535
65535
65535
65535
65535
65535
65535
65535
65535
65535
65535
65535
65535
65535
65535
65535
65535
65535
65535
65535
65535
65535
65535
65535
65535
65535
65535
65535
65535
65535
65535
65535
65535
65535
65535
65535
65535
65535
65535
65535
65535
65535
65535
65535
65535
65535
65535
65535
65535
65535
65535
65535
65535
65535
65535
65535
65535
65535
65535
65535
65535
65535
65535
65535
65535
65535
65535
65535
65535
65535
65535
65535
65535
65535
65535
65535
65535
65535
65535
65535
65535
65535
65535
65535
65535
65535
65535
65535
65535
65535
65535
65535
65535
65535
65535
65535
65535
65535
65535
65535
65535
65535
65535
65535
65535
65535
65535
65535
65535
65535
65535
65535
65535
65535
65535
65535
65535
65535
65535
65535
65535
65535
65535
65535
65535
65535
65535
65535
65535
65535
65535
65535
65535
65535
65535
65535
65535
65535
65535
65535
65535
65535
65535
65535
65535
65535
65535
65535
65535
65535
65535
65535
65535
65535
65535
65535
65535
65535
65535
65535
65535
65535
65535
65535
65535
65535
65535
65535
65535
65535
65535
65535
65535
65535
65535
65535
65535
65535
65535
65535
65535
65535
65535
65535
65535
65535
65535
65535
65535
65535
65535
65535
65535
65535
65535
65535
65535
65535
65535
65535
65535
65535
65535
65535
65535
65535
65535
65535
65535
65535
65535
65535
65535
65535
65535
65535
65535
65535
65535
65535
65535
65535
65535
65535
65535
65535
65535
65535
65535
65535
65535
65535
65535
65535
65535
65535
65535
65535
65535
65535
65535
65535
65535
65535
65535
65535
65535
65535
65535
65535
65535
65535
65535
65535
65535
65535
65535
65535
65535
65535
65535
65535
65535
65535
65535
65535
65535
65535
65535
65535
65535
65535
65535
65535
65535
65535
65535
65535
65535
65535
65535
65535
65535
65535
65535
65535
65535
65535
65535
65535
65535
65535
65535
65535
65535
65535
65535
65535
65535
65535
65535
65535
65535
65535
65535
65535
65535
65535
65535
65535
65535
65535
65535
65535
65535
65535
65535
65535
65535
65535
65535
65535
65535
65535
65535
65535
65535
65535
65535
65535
65535
65535
65535
65535
65535
65535
65535
65535
65535
65535
65535
65535
65535
65535
65535
65535
65535
65535
65535
65535
65535
65535
65535
65535
65535
65535
65535
65535
65535
65535
65535
65535
65535
65535
65535
65535
65535
65535
65535
65535
65535
65535
65535
65535
65535
65535
65535
65535
65535
65535
65535
65535
65535
65535
65535
65535
65535
65535
65535
65535
65535
65535
65535
65535
65535
65535
65535
65535
65535
65535
65535
65535
65535
65535
65535
65535
65535
65535
65535
65535
65535
65535
65535
65535
65535
65535
65535
65535
65535
65535
65535
65535
65535
65535
65535
65535
65535
65535
65535
65535
65535
65535
65535
65535
65535
65535
65535
65535
65535
65535
65535
65535
65535
65535
65535
65535
65535
65535
65535
65535
65535
65535
65535
65535
65535
65535
65535
65535
65535
65535
65535
65535
65535
65535
65535
65535
65535
65535
65535
65535
65535
65535
65535
65535
65535
65535
65535
65535
65535
65535
65535
65535
65535
65535
65535
65535
65535
65535
65535
65535
65535
65535
65535
65535
65535
65535
65535
65535
65535
65535
65535
65535
65535
65535
65535
65535
65535
65535
65535
65535
65535
65535
65535
65535
65535
65535
65535
65535
65535
65535
65535
65535
65535
65535
65535
65535
65535
65535
65535
65535
65535
65535
65535
65535
65535
65535
65535
65535
65535
65535
65535
65535
65535
65535
65535
65535
65535
65535
65535
65535
65535
65535
65535
65535
65535
65535
65535
65535
65535
65535
65535
65535
65535
65535
65535
65535
65535
65535
65535
65535
65535
65535
65535
65535
65535
65535
65535
65535
65535
65535
65535
65535
65535
65535
65535
65535
65535
65535
65535
65535
65535
65535
65535
65535
65535
65535
65535
65535
65535
65535
65535
65535
65535
65535
65535
65535
65535
65535
65535
65535
65535
65535
65535
65535
65535
65535
65535
65535
65535
65535
65535
65535
65535
65535
65535
65535
65535
65535
65535
65535
65535
65535
65535
65535
65535
65535
65535
65535
65535
65535
65535
65535
65535
65535
65535
65535
65535
65535
65535
65535
65535
65535
65535
65535
65535
65535
65535
65535
65535
65535
65535
65535
65535
65535
65535
65535
65535
65535
65535
65535
65535
65535
65535
65535
65535
65535
65535
65535
65535
65535
65535
65535
65535
65535
65535
65535
65535
65535
65535
65535
65535
65535
65535
65535
65535
65535
65535
65535
65535
65535
65535
65535
65535
65535
65535
65535
65535
65535
65535
65535
65535
65535
65535
65535
65535
65535
65535
65535
65535
65535
65535
65535
65535
65535
65535
65535
65535
65535
65535
65535
65535
65535
65535
65535
65535
65535
65535
65535
65535
65535
65535
65535
65535
65535
65535
65535
65535
65535
65535
65535
65535
65535
65535
65535
65535
65535
65535
65535
65535
65535
65535
65535
65535
65535
65535
65535
65535
65535
65535
65535
65535
65535
65535
65535
65535
65535
65535
65535
65535
65535
65535
65535
65535
65535
65535
65535
65535
65535
65535
65535
65535
65535
65535
65535
65535
65535
65535
65535
65535
65535
65535
65535
65535
65535
65535
65535
65535
65535
65535
65535
65535
65535
65535
65535
65535
65535
65535
65535
65535
65535
65535
65535
65535
65535
65535
65535
65535
65535
65535
65535
65535
65535
65535
65535
65535
65535
65535
65535
65535
65535
65535
65535
65535
65535
65535
65535
65535
65535
65535
65535
65535
65535
65535
65535
65535
65535
65535
65535
65535
65535
65535
65535
65535
65535
65535
65535
65535
65535
65535
65535
65535
65535
65535
65535
65535
65535
65535
65535
65535
65535
65535
65535
65535
65535
65535
65535
65535
65535
65535
65535
65535
65535
65535
65535
65535
65535
65535
65535
65535
65535
65535
65535
65535
65535
65535
65535
65535
65535
65535
65535
65535
65535
65535
65535
65535
65535
65535
65535
65535
65535
65535
65535
65535
65535
65535
65535
65535
65535
65535
65535
65535
65535
65535
65535
65535
65535
65535
65535
65535
65535
65535
65535
65535
65535
65535
65535
65535
65535
65535
65535
65535
65535
65535
65535
65535
65535
65535
65535
65535
65535
65535
65535
65535
65535
65535
65535
65535
65535
65535
65535
65535
65535
65535
65535
65535
65535
65535
65535
65535
65535
65535
65535
65535
65535
65535
65535
65535
65535
65535
65535
65535
65535
65535
65535
65535
65535
65535
65535
65535
65535
65535
65535
65535
65535
65535
65535
65535
65535
65535
65535
65535
65535
65535
65535
65535
65535
65535
65535
65535
65535
65535
65535
65535
65535
65535
65535
65535
65535
65535
65535
65535
65535
65535
65535
65535
65535
65535
65535
65535
65535
65535
65535
65535
65535
65535
65535
65535
65535
65535
65535
65535
65535
65535
65535
65535
65535
65535
65535
65535
65535
65535
65535
65535
65535
65535
65535
65535
65535
65535
65535
65535
65535
65535
65535
65535
65535
65535
65535
65535
65535
65535
65535
65535
65535
65535
65535
65535
65535
65535
65535
65535
65535
65535
65535
65535
65535
65535
65535
65535
65535
65535
65535
65535
65535
65535
65535
65535
65535
65535
65535
65535
65535
65535
65535
65535
65535
65535
65535
65535
65535
65535
65535
65535
65535
65535
65535
65535
65535
65535
65535
65535
65535
65535
65535
65535
65535
65535
65535
65535
65535
65535
65535
65535
65535
65535
65535
65535
65535
65535
65535
65535
65535
65535
65535
65535
65535
65535
65535
65535
65535
65535
65535
65535
65535
65535
65535
65535
65535
65535
65535
65535
65535
65535
65535
65535
65535
65535
65535
65535
65535
65535
65535
65535
65535
65535
65535
65535
65535
65535
65535
65535
65535
65535
65535
65535
65535
65535
65535
65535
65535
65535
65535
65535
65535
65535
65535
65535
65535
65535
65535
65535
65535
65535
65535
65535
65535
65535
65535
65535
65535
65535
65535
65535
65535
65535
65535
65535
65535
65535
65535
65535
65535
65535
65535
65535
65535
65535
65535
65535
65535
65535
65535
65535
65535
65535
65535
65535
65535
65535
65535
65535
65535
65535
65535
65535
65535
65535
65535
65535
65535
65535
65535
65535
65535
65535
65535
65535
65535
65535
65535
65535
65535
65535
65535
65535
65535
65535
65535
65535
65535
65535
65535
65535
65535
65535
65535
65535
65535
65535
65535
65535
65535
65535
65535
65535
65535
65535
65535
65535
65535
65535
65535
65535
65535
65535
65535
65535
65535
65535
65535
65535
65535
65535
65535
65535
65535
65535
65535
65535
65535
65535
65535
65535
65535
65535
65535
65535
65535
65535
65535
65535
65535
65535
65535
65535
65535
65535
65535
65535
65535
65535
65535
65535
65535
65535
65535
65535
65535
65535
65535
65535
65535
65535
65535
65535
65535
65535
65535
65535
65535
65535
65535
65535
65535
65535
65535
65535
65535
65535
65535
65535
65535
65535
65535
65535
65535
65535
65535
65535
65535
65535
65535
65535
65535
65535
65535
65535
65535
65535
65535
65535
65535
65535
65535
65535
65535
65535
65535
65535
65535
65535
65535
65535
65535
65535
65535
65535
65535
65535
65535
65535
65535
65535
65535
65535
65535
65535
65535
65535
65535
65535
65535
65535
65535
65535
65535
65535
65535
65535
65535
65535
65535
65535
65535
65535
65535
65535
65535
65535
65535
65535
65535
65535
65535
65535
65535
65535
65535
65535
65535
65535
65535
65535
65535
65535
65535
65535
65535
65535
65535
65535
65535
65535
65535
65535
65535
65535
65535
65535
65535
65535
65535
65535
65535
65535
65535
65535
65535
65535
65535
65535
65535
65535
65535
65535
65535
65535
65535
65535
65535
65535
65535
65535
65535
65535
65535
65535
65535
65535
65535
65535
65535
65535
65535
65535
65535
65535
65535
65535
65535
65535
65535
65535
65535
65535
65535
65535
65535
65535
65535
65535
65535
65535
65535
65535
65535
65535
65535
65535
65535
65535
65535
65535
65535
65535
65535
65535
65535
65535
65535
65535
65535
65535
65535
65535
65535
65535
65535
65535
65535
65535
65535
65535
65535
65535
65535
65535
65535
65535
65535
65535
65535
65535
65535
65535
65535
65535
65535
65535
65535
65535
65535
65535
65535
65535
65535
65535
65535
65535
65535
65535
65535
65535
65535
65535
65535
65535
65535
65535
65535
65535
65535
65535
65535
65535
65535
65535
65535
65535
65535
65535
65535
65535
65535
65535
65535
65535
65535
65535
65535
65535
65535
65535
65535
65535
65535
65535
65535
65535
65535
65535
65535
65535
65535
65535
65535
65535
65535
65535
65535
65535
65535
65535
65535
65535
65535
65535
65535
65535
65535
65535
65535
65535
65535
65535
65535
65535
65535
65535
65535
65535
65535
65535
65535
65535
65535
65535
65535
65535
65535
65535
65535
65535
65535
65535
65535
65535
65535
65535
65535
65535
65535
65535
65535
65535
65535
65535
65535
65535
65535
65535
65535
65535
65535
65535
65535
65535
65535
65535
65535
65535
65535
65535
65535
65535
65535
65535
65535
65535
65535
65535
65535
65535
65535
65535
65535
65535
65535
65535
65535
65535
65535
65535
65535
65535
65535
65535
65535
65535
65535
65535
65535
65535
65535
65535
65535
65535
65535
65535
65535
65535
65535
65535
65535
65535
65535
65535
65535
65535
65535
65535
65535
65535
65535
65535
65535
65535
65535
65535
65535
65535
65535
65535
65535
65535
65535
65535
65535
65535
65535
65535
65535
65535
65535
65535
65535
65535
65535
65535
65535
65535
65535
65535
65535
65535
65535
65535
65535
65535
65535
65535
65535
65535
65535
65535
65535
65535
65535
65535
65535
65535
65535
65535
65535
65535
65535
65535
65535
65535
65535
65535
65535
65535
65535
65535
65535
65535
65535
65535
65535
65535
65535
65535
65535
65535
65535
65535
65535
65535
65535
65535
65535
65535
65535
65535
65535
65535
65535
65535
65535
65535
65535
65535
65535
65535
65535
65535
65535
65535
65535
65535
65535
65535
65535
65535
65535
65535
65535
65535
65535
65535
65535
65535
65535
65535
65535
65535
65535
65535
65535
65535
65535
65535
65535
65535
65535
65535
65535
65535
65535
65535
65535
65535
65535
65535
65535
65535
65535
65535
65535
65535
65535
65535
65535
65535
65535
65535
65535
65535
65535
65535
65535
65535
65535
65535
65535
65535
65535
65535
65535
65535
65535
65535
65535
65535
65535
65535
65535
65535
65535
65535
65535
65535
65535
65535
65535
65535
65535
65535
65535
65535
65535
65535
65535
65535
65535
65535
65535
65535
65535
65535
65535
65535
65535
65535
65535
65535
65535
65535
65535
65535
65535
65535
65535
65535
65535
65535
65535
65535
65535
65535
65535
65535
65535
65535
65535
65535
65535
65535
65535
65535
65535
65535
65535
65535
65535
65535
65535
65535
65535
65535
65535
65535
65535
65535
65535
65535
65535
65535
65535
65535
65535
65535
65535
65535
65535
65535
65535
65535
65535
65535
65535
65535
65535
65535
65535
65535
65535
65535
65535
65535
65535
65535
65535
65535
65535
65535
65535
65535
65535
65535
65535
65535
65535
65535
65535
65535
65535
65535
65535
65535
65535
65535
65535
65535
65535
65535
65535
65535
65535
65535
65535
65535
65535
65535
65535
65535
65535
65535
65535
65535
65535
65535
65535
65535
65535
65535
65535
65535
65535
65535
65535
65535
65535
65535
65535
65535
65535
65535
65535
65535
65535
65535
65535
65535
65535
65535
65535
65535
65535
65535
65535
65535
65535
65535
65535
65535
65535
65535
65535
65535
65535
65535
65535
65535
65535
65535
65535
65535
65535
65535
65535
65535
65535
65535
65535
65535
65535
65535
65535
65535
65535
65535
65535
65535
65535
65535
65535
65535
65535
65535
65535
65535
65535
65535
65535
65535
65535
65535
65535
65535
65535
65535
65535
65535
65535
65535
65535
65535