0
0
1
1
2
2
3
3
4
5
5
6
6
7
7
8
9
10
11
12
13
14
15
16
17
18
19
20
21
23
24
26
27
29
30
32
33
34
36
37
38
40
41
43
45
46
48
49
51
53
54
56
58
60
61
64
66
68
70
72
74
76
78
80
82
84
86
88
91
93
95
97
99
102
104
106
108
110
112
114
117
119
121
123
125
127
129
132
134
136
139
141
143
145
148
151
153
156
158
161
164
167
169
172
174
176
178
181
184
187
190
193
196
198
201
203
206
208
211
213
216
218
221
224
226
229
231
234
237
239
242
245
247
250
252
255
257
260
262
265
267
269
272
274
277
279
282
284
286
290
292
294
296
299
302
304
307
309
311
313
316
318
321
323
326
329
332
334
337
339
341
343
346
348
351
353
356
358
361
363
366
368
371
373
376
378
381
383
386
388
390
393
395
397
399
402
404
406
408
410
413
416
418
420
423
425
428
430
433
435
437
440
441
444
446
448
450
453
455
457
461
463
465
467
469
472
474
476
479
482
485
487
490
493
495
497
500
502
504
506
509
510
513
515
517
519
521
524
526
528
530
532
534
536
538
540
542
544
546
548
550
552
554
556
558
561
563
565
566
568
570
572
574
576
579
581
583
585
587
589
591
593
595
597
599
601
603
605
607
609
611
613
615
617
619
621
623
625
627
628
630
633
634
636
638
640
642
644
646
648
650
652
653
655
657
659
661
662
665
666
668
671
672
674
676
678
680
681
683
685
687
689
691
693
695
697
699
701
703
705
707
709
711
713
715
717
719
721
723
724
726
727
729
731
733
734
736
738
739
741
743
745
747
749
751
753
755
757
758
760
762
764
766
768
770
772
774
776
778
779
781
783
785
787
789
791
793
795
797
799
801
803
805
807
809
811
813
815
817
819
821
822
824
825
827
829
831
833
834
836
838
841
843
844
846
848
850
851
853
855
858
860
861
863
865
867
869
871
872
874
876
878
879
882
884
886
888
890
893
895
897
899
901
903
904
907
908
910
912
914
915
917
919
921
923
925
926
928
930
932
934
936
938
940
943
944
946
948
949
952
954
956
958
959
962
964
965
967
969
971
973
975
977
979
981
983
985
986
988
991
993
995
998
1000
1002
1005
1006
1008
1009
1012
1014
1016
1018
1020
1022
1024
1026
1028
1030
1032
1034
1036
1038
1040
1041
1043
1046
1048
1050
1052
1054
1055
1058
1060
1062
1064
1066
1068
1070
1072
1074
1077
1078
1080
1082
1084
1086
1088
1090
1093
1094
1097
1099
1101
1103
1104
1106
1108
1110
1112
1114
1116
1119
1121
1122
1125
1127
1128
1130
1133
1135
1137
1139
1140
1143
1145
1147
1149
1151
1154
1156
1158
1161
1163
1165
1168
1170
1172
1174
1176
1178
1181
1183
1185
1187
1190
1192
1195
1197
1200
1202
1204
1206
1209
1210
1212
1214
1217
1220
1222
1224
1226
1227
1230
1232
1234
1237
1239
1242
1245
1247
1249
1251
1253
1255
1258
1260
1262
1264
1266
1269
1271
1273
1275
1278
1281
1283
1285
1288
1290
1292
1294
1296
1298
1300
1302
1305
1307
1310
1313
1315
1318
1320
1322
1324
1327
1328
1331
1334
1336
1339
1341
1343
1345
1348
1350
1352
1354
1357
1360
1362
1364
1367
1369
1372
1375
1377
1380
1382
1385
1387
1390
1393
1395
1398
1400
1402
1405
1408
1410
1413
1416
1418
1419
1422
1425
1427
1430
1432
1435
1438
1440
1443
1445
1447
1450
1452
1456
1458
1461
1463
1466
1469
1471
1474
1476
1479
1481
1484
1486
1489
1491
1494
1496
1498
1501
1504
1507
1510
1512
1515
1517
1519
1522
1525
1528
1531
1533
1536
1540
1542
1545
1547
1550
1552
1556
1559
1562
1564
1567
1570
1573
1576
1580
1582
1585
1588
1591
1594
1597
1600
1602
1605
1607
1609
1613
1616
1618
1620
1623
1625
1628
1631
1634
1637
1639
1642
1645
1648
1651
1654
1657
1660
1662
1665
1667
1670
1673
1676
1678
1681
1684
1687
1691
1693
1696
1699
1703
1706
1708
1711
1714
1718
1721
1724
1727
1731
1734
1737
1740
1743
1746
1750
1754
1756
1760
1763
1766
1769
1772
1775
1777
1781
1784
1787
1790
1793
1796
1798
1802
1805
1809
1811
1815
1817
1821
1824
1827
1830
1834
1838
1841
1844
1848
1851
1854
1858
1862
1865
1869
1872
1875
1878
1881
1884
1887
1890
1893
1897
1901
1904
1908
1912
1915
1917
1921
1925
1928
1931
1934
1938
1942
1946
1949
1953
1956
1960
1963
1967
1970
1973
1977
1980
1984
1987
1990
1994
1997
2001
2005
2008
2012
2015
2019
2022
2026
2029
2033
2037
2040
2044
2047
2051
2055
2058
2061
2065
2069
2073
2077
2081
2084
2087
2091
2094
2098
2101
2104
2108
2112
2117
2120
2124
2127
2131
2135
2139
2143
2147
2150
2154
2158
2161
2164
2168
2172
2175
2179
2182
2186
2191
2195
2199
2203
2206
2210
2214
2219
2223
2226
2230
2234
2238
2243
2246
2250
2255
2258
2262
2265
2269
2272
2276
2280
2285
2288
2293
2297
2301
2305
2309
2313
2317
2321
2325
2329
2332
2337
2341
2344
2349
2352
2356
2360
2365
2368
2372
2377
2381
2384
2388
2392
2396
2400
2405
2409
2412
2416
2420
2424
2427
2432
2437
2441
2446
2450
2454
2458
2462
2466
2470
2474
2479
2483
2487
2492
2497
2500
2504
2508
2512
2516
2520
2524
2528
2532
2537
2540
2545
2550
2553
2558
2562
2567
2570
2575
2580
2585
2589
2593
2598
2601
2606
2611
2615
2620
2624
2629
2633
2637
2641
2646
2651
2656
2661
2665
2669
2674
2679
2684
2688
2692
2697
2701
2705
2711
2715
2719
2724
2728
2733
2737
2741
2746
2749
2753
2758
2764
2769
2773
2778
2783
2787
2792
2796
2801
2805
2810
2815
2820
2825
2830
2834
2839
2843
2848
2852
2858
2864
2868
2873
2878
2883
2887
2891
2896
2900
2906
2910
2914
2919
2923
2928
2933
2938
2943
2947
2951
2956
2960
2965
2970
2974
2979
2985
2989
2993
2998
3003
3007
3012
3017
3021
3026
3032
3037
3042
3046
3050
3055
3059
3064
3070
3075
3079
3084
3089
3095
3100
3105
3109
3114
3119
3125
3130
3135
3140
3146
3150
3155
3160
3165
3170
3175
3179
3184
3188
3193
3198
3203
3207
3213
3217
3221
3226
3231
3237
3242
3247
3252
3257
3262
3267
3272
3278
3283
3288
3293
3298
3303
3308
3313
3318
3324
3329
3335
3340
3345
3350
3356
3361
3366
3371
3376
3381
3385
3391
3397
3402
3406
3412
3417
3423
3428
3434
3439
3443
3448
3454
3459
3464
3470
3475
3479
3485
3490
3495
3500
3505
3510
3515
3520
3525
3530
3535
3540
3546
3551
3557
3562
3567
3572
3577
3581
3587
3593
3598
3604
3610
3615
3620
3626
3630
3635
3641
3646
3652
3657
3662
3667
3672
3678
3683
3688
3693
3699
3705
3710
3715
3720
3725
3730
3735
3740
3746
3751
3755
3760
3765
3770
3776
3782
3787
3793
3798
3804
3810
3814
3820
3824
3829
3834
3839
3844
3850
3855
3861
3867
3873
3878
3883
3889
3894
3900
3907
3912
3919
3925
3931
3938
3943
3949
3955
3960
3966
3971
3976
3982
3987
3992
3998
4003
4009
4015
4021
4028
4032
4038
4043
4049
4054
4061
4067
4072
4078
4083
4088
4093
4098
4105
4109
4115
4120
4125
4131
4137
4144
4149
4154
4160
4166
4171
4177
4182
4188
4193
4200
4205
4210
4216
4222
4227
4233
4239
4245
4250
4255
4261
4267
4273
4278
4284
4289
4294
4300
4306
4312
4318
4324
4329
4335
4341
4347
4353
4359
4365
4371
4377
4384
4389
4395
4401
4407
4414
4420
4425
4432
4437
4442
4448
4454
4460
4466
4472
4477
4484
4489
4496
4502
4508
4514
4520
4525
4532
4537
4543
4548
4554
4559
4564
4571
4577
4584
4589
4595
4601
4607
4613
4619
4625
4631
4636
4643
4648
4653
4659
4665
4671
4677
4683
4689
4694
4700
4706
4712
4717
4724
4730
4735
4741
4747
4753
4758
4764
4769
4775
4781
4787
4794
4800
4806
4812
4818
4824
4830
4836
4840
4846
4853
4858
4864
4869
4875
4881
4887
4893
4900
4906
4911
4917
4923
4929
4936
4942
4949
4956
4962
4967
4974
4979
4985
4991
4997
5003
5008
5013
5019
5023
5030
5035
5041
5046
5052
5058
5065
5070
5077
5082
5088
5094
5099
5106
5112
5117
5123
5129
5134
5141
5147
5153
5158
5163
5169
5175
5181
5187
5192
5198
5204
5211
5217
5224
5229
5236
5242
5247
5254
5261
5267
5272
5278
5284
5291
5296
5302
5309
5315
5321
5326
5332
5337
5344
5350
5356
5362
5368
5374
5380
5385
5390
5397
5402
5408
5414
5419
5425
5431
5437
5443
5448
5455
5460
5466
5472
5478
5484
5490
5497
5503
5509
5516
5521
5527
5532
5538
5543
5549
5555
5560
5566
5572
5578
5584
5591
5597
5603
5609
5614
5619
5625
5631
5638
5643
5648
5654
5660
5666
5670
5676
5682
5688
5693
5700
5706
5711
5717
5723
5728
5733
5738
5745
5751
5756
5762
5768
5774
5780
5786
5791
5798
5803
5810
5815
5822
5828
5834
5840
5845
5851
5857
5862
5868
5874
5880
5886
5892
5898
5905
5910
5916
5922
5928
5933
5940
5945
5949
5956
5961
5967
5972
5979
5984
5990
5996
6002
6008
6013
6018
6024
6029
6034
6041
6046
6052
6058
6063
6069
6074
6080
6086
6092
6098
6104
6110
6116
6121
6126
6131
6137
6141
6146
6152
6157
6162
6168
6173
6178
6183
6188
6193
6198
6202
6207
6212
6216
6222
6227
6232
6236
6242
6247
6253
6257
6262
6267
6272
6277
6282
6287
6292
6297
6302
6307
6312
6317
6321
6327
6332
6337
6343
6348
6353
6358
6362
6368
6373
6378
6384
6388
6393
6398
6403
6408
6412
6417
6422
6428
6432
6437
6442
6447
6450
6455
6460
6464
6468
6473
6478
6483
6488
6493
6498
6503
6507
6511
6517
6522
6527
6531
6536
6539
6543
6547
6552
6557
6561
6566
6570
6575
6579
6584
6588
6592
6597
6601
6606
6610
6613
6618
6622
6627
6632
6636
6640
6646
6650
6654
6659
6662
6667
6671
6675
6680
6684
6688
6692
6697
6701
6706
6709
6714
6718
6723
6727
6731
6737
6742
6746
6750
6755
6759
6763
6768
6772
6776
6781
6785
6790
6794
6798
6802
6807
6812
6817
6821
6824
6829
6833
6838
6842
6847
6852
6856
6860
6865
6869
6873
6878
6881
6886
6890
6895
6899
6903
6908
6913
6916
6921
6926
6930
6935
6939
6943
6948
6953
6958
6962
6966
6972
6976
6980
6984
6989
6993
6997
7002
7007
7011
7016
7020
7025
7029
7033
7038
7043
7048
7053
7058
7063
7067
7072
7077
7082
7087
7093
7097
7102
7107
7111
7115
7120
7124
7129
7134
7139
7143
7148
7153
7159
7163
7168
7173
7177
7181
7186
7192
7197
7202
7207
7212
7217
7221
7226
7230
7235
7240
7245
7250
7255
7259
7264
7270
7274
7278
7284
7288
7292
7297
7302
7307
7313
7318
7323
7329
7333
7338
7343
7349
7354
7359
7364
7370
7374
7378
7384
7389
7395
7401
7406
7412
7417
7422
7427
7432
7437
7441
7446
7452
7456
7462
7467
7473
7479
7484
7489
7494
7500
7505
7511
7517
7522
7528
7534
7538
7544
7550
7555
7561
7566
7572
7577
7582
7587
7592
7598
7603
7610
7616
7622
7628
7634
7640
7646
7653
7658
7663
7669
7675
7680
7685
7691
7698
7704
7710
7717
7723
7729
7736
7741
7747
7753
7758
7765
7771
7777
7782
7788
7794
7800
7806
7811
7817
7823
7828
7835
7840
7846
7852
7858
7865
7872
7878
7884
7890
7896
7904
7909
7915
7922
7927
7934
7941
7947
7954
7959
7965
7972
7979
7986
7992
7997
8004
8010
8016
8023
8029
8035
8041
8048
8054
8061
8066
8073
8079
8086
8093
8098
8105
8111
8117
8124
8129
8136
8143
8150
8158
8164
8170
8176
8183
8190
8198
8205
8211
8218
8225
8232
8238
8243
8251
8258
8264
8272
8277
8284
8292
8299
8306
8313
8320
8327
8334
8341
8348
8356
8363
8369
8376
8383
8390
8397
8405
8411
8419
8425
8433
8440
8448
8456
8462
8470
8477
8484
8491
8499
8506
8513
8521
8528
8536
8544
8551
8560
8568
8575
8583
8592
8600
8608
8615
8622
8630
8638
8646
8653
8662
8671
8679
8687
8694
8702
8708
8716
8724
8732
8739
8747
8755
8763
8770
8779
8787
8794
8802
8810
8817
8825
8834
8842
8849
8858
8866
8875
8882
8890
8898
8906
8915
8923
8931
8939
8946
8954
8963
8970
8978
8987
8995
9003
9013
9020
9028
9038
9046
9055
9064
9072
9080
9090
9099
9108
9118
9127
9136
9145
9153
9162
9171
9181
9190
9199
9208
9218
9227
9237
9245
9253
9262
9271
9279
9290
9300
9309
9318
9327
9337
9345
9355
9364
9373
9382
9391
9401
9410
9420
9429
9439
9448
9458
9466
9475
9485
9495
9504
9513
9522
9531
9541
9550
9558
9567
9577
9587
9597
9606
9616
9627
9638
9647
9656
9667
9678
9688
9699
9709
9719
9729
9740
9749
9759
9769
9779
9789
9799
9807
9817
9829
9840
9851
9861
9870
9880
9890
9900
9910
9920
9931
9942
9953
9965
9975
9986
9996
10006
10019
10030
10040
10051
10061
10071
10081
10091
10101
10111
10122
10134
10145
10156
10168
10178
10189
10200
10211
10222
10233
10244
10254
10266
10276
10288
10298
10309
10322
10333
10344
10354
10365
10375
10385
10396
10407
10418
10429
10440
10452
10462
10474
10487
10498
10510
10523
10535
10546
10559
10573
10584
10596
10609
10620
10632
10643
10655
10668
10680
10692
10705
10717
10728
10741
10754
10767
10780
10794
10807
10821
10834
10847
10858
10870
10883
10895
10909
10922
10935
10948
10962
10975
10988
11002
11015
11027
11040
11054
11068
11083
11096
11111
11123
11137
11151
11165
11178
11192
11206
11218
11233
11247
11262
11277
11291
11306
11319
11334
11347
11361
11375
11388
11403
11416
11430
11445
11459
11474
11489
11503
11518
11533
11549
11563
11577
11592
11606
11621
11636
11650
11665
11680
11695
11710
11726
11741
11755
11770
11785
11801
11816
11832
11847
11862
11877
11892
11907
11923
11938
11954
11970
11984
12001
12016
12032
12048
12063
12078
12095
12110
12126
12142
12158
12175
12191
12209
12226
12242
12259
12275
12293
12311
12327
12343
12362
12379
12396
12413
12429
12445
12463
12482
12499
12517
12535
12552
12571
12589
12606
12623
12640
12657
12675
12693
12711
12732
12749
12767
12786
12804
12823
12841
12858
12877
12893
12912
12930
12950
12969
12986
13006
13025
13043
13061
13081
13101
13118
13137
13157
13177
13197
13215
13236
13256
13275
13295
13316
13335
13355
13374
13395
13414
13434
13453
13474
13495
13516
13536
13558
13580
13599
13622
13644
13663
13684
13704
13726
13748
13769
13789
13812
13834
13856
13878
13898
13919
13939
13963
13986
14008
14030
14054
14076
14097
14119
14141
14164
14187
14210
14232
14255
14279
14303
14326
14350
14376
14399
14423
14448
14472
14495
14517
14542
14567
14591
14614
14639
14665
14689
14713
14737
14762
14786
14811
14837
14863
14888
14914
14942
14967
14993
15019
15046
15073
15096
15123
15150
15178
15205
15233
15259
15284
15311
15339
15367
15395
15422
15447
15476
15504
15532
15561
15588
15618
15644
15671
15700
15728
15757
15785
15814
15843
15874
15903
15933
15964
15993
16022
16053
16081
16109
16137
16167
16197
16226
16255
16286
16317
16351
16381
16411
16441
16472
16505
16539
16571
16604
16637
16669
16703
16735
16767
16800
16837
16871
16906
16942
16978
17012
17046
17080
17114
17148
17183
17218
17254
17289
17324
17358
17393
17428
17464
17500
17535
17574
17611
17652
17691
17728
17766
17803
17842
17881
17920
17958
17996
18034
18074
18114
18153
18192
18232
18271
18312
18353
18396
18437
18480
18521
18561
18601
18644
18687
18732
18778
18821
18864
18908
18953
18997
19041
19084
19130
19176
19221
19264
19311
19358
19404
19451
19497
19547
19595
19641
19691
19738
19787
19836
19888
19937
19986
20035
20086
20141
20190
20240
20293
20346
20397
20453
20506
20560
20615
20671
20725
20783
20835
20891
20948
21003
21057
21113
21172
21232
21288
21346
21406
21468
21529
21589
21648
21709
21771
21833
21898
21963
22024
22087
22152
22218
22279
22345
22414
22479
22545
22612
22680
22748
22814
22882
22949
23020
23091
23164
23236
23308
23380
23454
23530
23609
23688
23765
23843
23924
24001
24078
24161
24240
24322
24406
24490
24573
24660
24746
24832
24919
25008
25095
25185
25274
25368
25461
25553
25646
25740
25836
25928
26025
26125
26226
26323
26422
26521
26629
26735
26838
26947
27055
27162
27273
27386
27503
27619
27730
27846
27963
28079
28196
28314
28437
28562
28684
28810
28940
29067
29199
29334
29466
29598
29735
29876
30017
30164
30309
30461
30610
30766
30922
31079
31239
31399
31560
31725
31896
32070
32242
32416
32594
32776
32961
33158
33349
33545
33746
33947
34155
34366
34583
34792
35014
35235
35466
35695
35933
36180
36432
36684
36935
37201
37467
37743
38026
38309
38602
38900
39208
39527
39855
40186
40528
40877
41233
41609
41992
42381
42781
43198
43621
44053
44505
44970
45445
45944
46462
46990
47536
48101
48679
49283
49893
50522
51164
51822
52496
53161
53840
54549
55259
55955
56653
57335
58005
58668
59305
59921
60514
61073
61593
62082
62526
62943
63316
63655
63949
64213
64442
64642
64810
64951
65072
65171
65251
65314
65365
65404
65437
65462
65481
65496
65507
65515
65522
65526
65529
65531
65533
65534
65534
65535
65535
65535
65535
65535
65535
65535
65535
65535
65535
65535
65535
65535
65535
65535
65535
65535
65535
65535
65535
65535
65535
65535
65535
65535
65535
65535
65535
65535
65535
65535
65535
65535
65535
65535
65535
65535
65535
65535
65535
65535
65535
65535
65535
65535
65535
65535
65535
65535
65535
65535
65535
65535
65535
65535
65535
65535
65535
65535
65535
65535
65535
65535
65535
65535
65535
65535
65535
65535
65535
65535
65535
65535
65535
65535
65535
65535
65535
65535
65535
65535
65535
65535
65535
65535
65535
65535
65535
65535
65535
65535
65535
65535
65535
65535
65535
65535
65535
65535
65535
65535
65535
65535
65535
65535
65535
65535
65535
65535
65535
65535
65535
65535
65535
65535
65535
65535
65535
65535
65535
65535
65535
65535
65535
65535
65535
65535
65535
65535
65535
65535
65535
65535
65535
65535
65535
65535
65535
65535
65535
65535
65535
65535
65535
65535
65535
65535
65535
65535
65535
65535
65535
65535
65535
65535
65535
65535
65535
65535
65535
65535
65535
65535
65535
65535
65535
65535
65535
65535
65535
65535
65535
65535
65535
65535
65535
65535
65535
65535
65535
65535
65535
65535
65535
65535
65535
65535
65535
65535
65535
65535
65535
65535
65535
65535
65535
65535
65535
65535
65535
65535
65535
65535
65535
65535
65535
65535
65535
65535
65535
65535
65535
65535
65535
65535
65535
65535
65535
65535
65535
65535
65535
65535
65535
65535
65535
65535
65535
65535
65535
65535
65535
65535
65535
65535
65535
65535
65535
65535
65535
65535
65535
65535
65535
65535
65535
65535
65535
65535
65535
65535
65535
65535
65535
65535
65535
65535
65535
65535
65535
65535
65535
65535
65535
65535
65535
65535
65535
65535
65535
65535
65535
65535
65535
65535
65535
65535
65535
65535
65535
65535
65535
65535
65535
65535
65535
65535
65535
65535
65535
65535
65535
65535
65535
65535
65535
65535
65535
65535
65535
65535
65535
65535
65535
65535
65535
65535
65535
65535
65535
65535
65535
65535
65535
65535
65535
65535
65535
65535
65535
65535
65535
65535
65535
65535
65535
65535
65535
65535
65535
65535
65535
65535
65535
65535
65535
65535
65535
65535
65535
65535
65535
65535
65535
65535
65535
65535
65535
65535
65535
65535
65535
65535
65535
65535
65535
65535
65535
65535
65535
65535
65535
65535
65535
65535
65535
65535
65535
65535
65535
65535
65535
65535
65535
65535
65535
65535
65535
65535
65535
65535
65535
65535
65535
65535
65535
65535
65535
65535
65535
65535
65535
65535
65535
65535
65535
65535
65535
65535
65535
65535
65535
65535
65535
65535
65535
65535
65535
65535
65535
65535
65535
65535
65535
65535
65535
65535
65535
65535
65535
65535
65535
65535
65535
65535
65535
65535
65535
65535
65535
65535
65535
65535
65535
65535
65535
65535
65535
65535
65535
65535
65535
65535
65535
65535
65535
65535
65535
65535
65535
65535
65535
65535
65535
65535
65535
65535
65535
65535
65535
65535
65535
65535
65535
65535
65535
65535
65535
65535
65535
65535
65535
65535
65535
65535
65535
65535
65535
65535
65535
65535
65535
65535
65535
65535
65535
65535
65535
65535
65535
65535
65535
65535
65535
65535
65535
65535
65535
65535
65535
65535
65535
65535
65535
65535
65535
65535
65535
65535
65535
65535
65535
65535
65535
65535
65535
65535
65535
65535
65535
65535
65535
65535
65535
65535
65535
65535
65535
65535
65535
65535
65535
65535
65535
65535
65535
65535
65535
65535
65535
65535
65535
65535
65535
65535
65535
65535
65535
65535
65535
65535
65535
65535
65535
65535
65535
65535
65535
65535
65535
65535
65535
65535
65535
65535
65535
65535
65535
65535
65535
65535
65535
65535
65535
65535
65535
65535
65535
65535
65535
65535
65535
65535
65535
65535
65535
65535
65535
65535
65535
65535
65535
65535
65535
65535
65535
65535
65535
65535
65535
65535
65535
65535
65535
65535
65535
65535
65535
65535
65535
65535
65535
65535
65535
65535
65535
65535
65535
65535
65535
65535
65535
65535
65535
65535
65535
65535
65535
65535
65535
65535
65535
65535
65535
65535
65535
65535
65535
65535
65535
65535
65535
65535
65535
65535
65535
65535
65535
65535
65535
65535
65535
65535
65535
65535
65535
65535
65535
65535
65535
65535
65535
65535
65535
65535
65535
65535
65535
65535
65535
65535
65535
65535
65535
65535
65535
65535
65535
65535
65535
65535
65535
65535
65535
65535
65535
65535
65535
65535
65535
65535
65535
65535
65535
65535
65535
65535
65535
65535
65535
65535
65535
65535
65535
65535
65535
65535
65535
65535
65535
65535
65535
65535
65535
65535
65535
65535
65535
65535
65535
65535
65535
65535
65535
65535
65535
65535
65535
65535
65535
65535
65535
65535
65535
65535
65535
65535
65535
65535
65535
65535
65535
65535
65535
65535
65535
65535
65535
65535
65535
65535
65535
65535
65535
65535
65535
65535
65535
65535
65535
65535
65535
65535
65535
65535
65535
65535
65535
65535
65535
65535
65535
65535
65535
65535
65535
65535
65535
65535
65535
65535
65535
65535
65535
65535
65535
65535
65535
65535
65535
65535
65535
65535
65535
65535
65535
65535
65535
65535
65535
65535
65535
65535
65535
65535
65535
65535
65535
65535
65535
65535
65535
65535
65535
65535
65535
65535
65535
65535
65535
65535
65535
65535
65535
65535
65535
65535
65535
65535
65535
65535
65535
65535
65535
65535
65535
65535
65535
65535
65535
65535
65535
65535
65535
65535
65535
65535
65535
65535
65535
65535
65535
65535
65535
65535
65535
65535
65535
65535
65535
65535
65535
65535
65535
65535
65535
65535
65535
65535
65535
65535
65535
65535
65535
65535
65535
65535
65535
65535
65535
65535
65535
65535
65535
65535
65535
65535
65535
65535
65535
65535
65535
65535
65535
65535
65535
65535
65535
65535
65535
65535
65535
65535
65535
65535
65535
65535
65535
65535
65535
65535
65535
65535
65535
65535
65535
65535
65535
65535
65535
65535
65535
65535
65535
65535
65535
65535
65535
65535
65535
65535
65535
65535
65535
65535
65535
65535
65535
65535
65535
65535
65535
65535
65535
65535
65535
65535
65535
65535
65535
65535
65535
65535
65535
65535
65535
65535
65535
65535
65535
65535
65535
65535
65535
65535
65535
65535
65535
65535
65535
65535
65535
65535
65535
65535
65535
65535
65535
65535
65535
65535
65535
65535
65535
65535
65535
65535
65535
65535
65535
65535
65535
65535
65535
65535
65535
65535
65535
65535
65535
65535
65535
65535
65535
65535
65535
65535
65535
65535
65535
65535
65535
65535
65535
65535
65535
65535
65535
65535
65535
65535
65535
65535
65535
65535
65535
65535
65535
65535
65535
65535
65535
65535
65535
65535
65535
65535
65535
65535
65535
65535
65535
65535
65535
65535
65535
65535
65535
65535
65535
65535
65535
65535
65535
65535
65535
65535
65535
65535
65535
65535
65535
65535
65535
65535
65535
65535
65535
65535
65535
65535
65535
65535
65535
65535
65535
65535
65535
65535
65535
65535
65535
65535
65535
65535
65535
65535
65535
65535
65535
65535
65535
65535
65535
65535
65535
65535
65535
65535
65535
65535
65535
65535
65535
65535
65535
65535
65535
65535
65535
65535
65535
65535
65535
65535
65535
65535
65535
65535
65535
65535
65535
65535
65535
65535
65535
65535
65535
65535
65535
65535
65535
65535
65535
65535
65535
65535
65535
65535
65535
65535
65535
65535
65535
65535
65535
65535
65535
65535
65535
65535
65535
65535
65535
65535
65535
65535
65535
65535
65535
65535
65535
65535
65535
65535
65535
65535
65535
65535
65535
65535
65535
65535
65535
65535
65535
65535
65535
65535
65535
65535
65535
65535
65535
65535
65535
65535
65535
65535
65535
65535
65535
65535
65535
65535
65535
65535
65535
65535
65535
65535
65535
65535
65535
65535
65535
65535
65535
65535
65535
65535
65535
65535
65535
65535
65535
65535
65535
65535
65535
65535
65535
65535
65535
65535
65535
65535
65535
65535
65535
65535
65535
65535
65535
65535
65535
65535
65535
65535
65535
65535
65535
65535
65535
65535
65535
65535
65535
65535
65535
65535
65535
65535
65535
65535
65535
65535
65535
65535
65535
65535
65535
65535
65535
65535
65535
65535
65535
65535
65535
65535
65535
65535
65535
65535
65535
65535
65535
65535
65535
65535
65535
65535
65535
65535
65535
65535
65535
65535
65535
65535
65535
65535
65535
65535
65535
65535
65535
65535
65535
65535
65535
65535
65535
65535
65535
65535
65535
65535
65535
65535
65535
65535
65535
65535
65535
65535
65535
65535
65535
65535
65535
65535
65535
65535
65535
65535
65535
65535
65535
65535
65535
65535
65535
65535
65535
65535
65535
65535
65535
65535
65535
65535
65535
65535
65535
65535
65535
65535
65535
65535
65535
65535
65535
65535
65535
65535
65535
65535
65535
65535
65535
65535
65535
65535
65535
65535
65535
65535
65535
65535
65535
65535
65535
65535
65535
65535
65535
65535
65535
65535
65535
65535
65535
65535
65535
65535
65535
65535
65535
65535
65535
65535
65535
65535
65535
65535
65535
65535
65535
65535
65535
65535
65535
65535
65535
65535
65535
65535
65535
65535
65535
65535
65535
65535
65535
65535
65535
65535
65535
65535
65535
65535
65535
65535
65535
65535
65535
65535
65535
65535
65535
65535
65535
65535
65535
65535
65535
65535
65535
65535
65535
65535
65535
65535
65535
65535
65535
65535
65535
65535
65535
65535
65535
65535
65535
65535
65535
65535
65535
65535
65535
65535
65535
65535
65535
65535
65535
65535
65535
65535
65535
65535
65535
65535
65535
65535
65535
65535
65535
65535
65535
65535
65535
65535
65535
65535
65535
65535
65535
65535
65535
65535
65535
65535
65535
65535
65535
65535
65535
65535
65535
65535
65535
65535
65535
65535
65535
65535
65535
65535
65535
65535
65535
65535
65535
65535
65535
65535
65535
65535
65535
65535
65535
65535
65535
65535
65535
65535
65535
65535
65535
65535
65535
65535
65535
65535
65535
65535
65535
65535
65535
65535
65535
65535
65535
65535
65535
65535
65535
65535
65535
65535
65535
65535
65535
65535
65535
65535
65535
65535
65535
65535
65535
65535
65535
65535
65535
65535
65535
65535
65535
65535
65535
65535
65535
65535
65535
65535
65535
65535
65535
65535
65535
65535
65535
65535
65535
65535
65535
65535
65535
65535
65535
65535
65535
65535
65535
65535
65535
65535
65535
65535
65535
65535
65535
65535
65535
65535
65535
65535
65535
65535
65535
65535
65535
65535
65535
65535
65535
65535
65535
65535
65535
65535
65535
65535
65535
65535
65535
65535
65535
65535
65535
65535
65535
65535
65535
65535
65535
65535
65535
65535
65535
65535
65535
65535
65535
65535
65535
65535
65535
65535
65535
65535
65535
65535
65535
65535
65535
65535
65535
65535
65535
65535
65535
65535
65535
65535
65535
65535
65535
65535
65535
65535
65535
65535
65535
65535
65535
65535
65535
65535
65535
65535
65535
65535
65535
65535
65535
65535
65535
65535
65535
65535
65535
65535
65535
65535
65535
65535
65535
65535
65535
65535
65535
65535
65535
65535
65535
65535
65535
65535
65535
65535
65535
65535
65535
65535
65535
65535
65535
65535
65535
65535
65535
65535
65535
65535
65535
65535
65535
65535
65535
65535
65535
65535
65535
65535
65535
65535
65535
65535
65535
65535
65535
65535
65535
65535
65535
65535
65535
65535
65535
65535
65535
65535
65535
65535
65535
65535
65535
65535
65535
65535
65535
65535
65535
65535
65535
65535
65535
65535
65535
65535
65535
65535
65535
65535
65535
65535
65535
65535
65535
65535
65535
65535
65535
65535
65535
65535
65535
65535
65535
65535
65535
65535
65535
65535
65535
65535
65535
65535
65535
65535
65535
65535
65535
65535
65535
65535
65535
65535
65535
65535
65535
65535
65535
65535
65535
65535
65535
65535
65535
65535
65535
65535
65535
65535
65535
65535
65535
65535
65535
65535
65535
65535
65535
65535
65535
65535
65535
65535
65535
65535
65535
65535
65535
65535
65535
65535
65535
65535
65535
65535
65535
65535
65535
65535
65535
65535
65535
65535
65535
65535
65535
65535
65535
65535
65535
65535
65535
65535
65535
65535
65535
65535
65535
65535
65535
65535
65535
65535
65535
65535
65535
65535
65535
65535
65535
65535
65535
65535
65535
65535
65535
65535
65535
65535
65535
65535
65535
65535
65535
65535
65535
65535
65535
65535
65535
65535
65535
65535
65535
65535
65535
65535
65535
65535
65535
65535
65535
65535
65535
65535
65535
65535
65535
65535
65535
65535
65535
65535
65535
65535
65535
65535
65535
65535
65535
65535
65535
65535
65535
65535
65535
65535
65535
65535
65535
65535
65535
65535
65535
65535
65535
65535
65535
65535
65535
65535
65535
65535
65535
65535
65535
65535
65535
65535
65535
65535
65535
65535
65535
65535
65535
65535
65535
65535
65535
65535
65535
65535
65535
65535
65535
65535
65535
65535
65535
65535
65535
65535
65535
65535
65535
65535
65535
65535
65535
65535
65535
65535
65535
65535
65535
65535
65535
65535
65535
65535
65535
65535
65535
65535
65535
65535
65535
65535
65535
65535
65535
65535
65535
65535
65535
65535
65535
65535
65535
65535
65535
65535
65535
65535
65535
65535
65535
65535
65535
65535
65535
65535
65535
65535
65535
65535
65535
65535
65535
65535
65535
65535
65535
65535
65535
65535
65535
65535
65535
65535
65535
65535
65535
65535
65535
65535
65535
65535
65535
65535
65535
65535
65535
65535
65535
65535
65535
65535
65535
65535
65535
65535
65535
65535
65535
65535
65535
65535
65535
65535
65535
65535
65535
65535
65535
65535
65535
65535
65535
65535
65535
65535
65535
65535
65535
65535
65535
65535
65535
65535
65535
65535
65535
65535
65535
65535
65535
65535
65535
65535
65535
65535
65535
65535
65535
65535
65535
65535
65535
65535
65535
65535
65535
65535
65535
65535
65535
65535
65535
65535
65535
65535
65535
65535
65535
65535
65535
65535
65535
65535
65535
65535
65535
65535
65535
65535
65535
65535
65535
65535
65535
65535
65535
65535
65535
65535
65535
65535
65535
65535
65535
65535
65535
65535
65535
65535
65535
65535
65535
65535
65535
65535
65535
65535
65535
65535
65535
65535
65535
65535
65535
65535
65535
65535
65535
65535
65535
65535
65535
65535
65535
65535
65535
65535
65535
65535
65535
65535
65535
65535
65535
65535
65535
65535
65535
65535
65535
65535
65535
65535
65535
65535
65535
65535
65535
65535
65535
65535
65535
65535
65535
65535
65535
65535
65535
65535
65535
65535
65535
65535
65535
65535
65535
65535
65535
65535
65535
65535
65535
65535
65535
65535
65535
65535
65535
65535
65535
65535
65535
65535
65535
65535
65535
65535
65535
65535
65535
65535
65535
65535
65535
65535
65535
65535
65535
65535
65535
65535
65535
65535
65535
65535
65535
65535
65535
65535
65535
65535
65535
65535
65535
65535
65535
65535
65535
65535
65535
65535
65535
65535
65535
65535
65535
65535
65535
65535
65535
65535
65535
65535
65535
65535
65535
65535
65535
65535
65535
65535
65535
65535
65535
65535
65535
65535
65535
65535
65535
65535
65535
65535
65535
65535
65535
65535
65535
65535
65535
65535
65535
65535
65535
65535
65535
65535
65535
65535
65535
65535
65535
65535
65535
65535
65535
65535
65535
65535
65535
65535
65535
65535
65535
65535
65535
65535
65535
65535
65535
65535
65535
65535
65535
65535
65535
65535
65535
65535
65535
65535
65535
65535
65535
65535
65535
65535
65535
65535
65535
65535
65535
65535
65535
65535
65535
65535
65535
65535
65535
65535
65535
65535
65535
65535
65535
65535
65535
65535
65535
65535
65535
65535
65535
65535
65535
65535
65535
65535
65535
65535
65535
65535
65535
65535
65535
65535
65535
65535
65535
65535
65535
65535
65535
65535
65535
65535
65535
65535
65535
65535
65535
65535
65535
65535
65535
65535
65535
65535
65535
65535
65535
65535
65535
65535
65535
65535
65535
65535
65535
65535
65535
65535
65535
65535
65535
65535
65535
65535
65535
65535
65535
65535
65535
65535
65535
65535
65535
65535
65535
65535
65535
65535
65535
65535
65535
65535
65535
65535
65535
65535
65535
65535
65535
65535
65535
65535
65535
65535
65535
65535
65535
65535
65535
65535
65535
65535
65535
65535
65535
65535
65535
65535
65535
65535
65535
65535
65535
65535
65535
65535
65535
65535
65535
65535
65535
65535
65535
65535
65535
65535
65535
65535
65535
65535
65535
65535
65535
65535
65535
65535
65535
65535
65535
65535
65535
65535
65535
65535
65535
65535
65535
65535
65535
65535
65535
65535
65535
65535
65535
65535
65535
65535
65535
65535
65535
65535
65535
65535
65535
65535
65535
65535
65535
65535
65535
65535
65535
65535
65535
65535
65535
65535
65535
65535
65535
65535
65535
65535
65535
65535
65535
65535
65535
65535
65535
65535
65535
65535
65535
65535
65535
65535
65535
65535
65535
65535
65535
65535
65535
65535
65535
65535
65535
65535
65535
65535
65535
65535
65535
65535
65535
65535
65535
65535
65535
65535
65535
65535
65535
65535
65535
65535
65535
65535
65535
65535
65535
65535
65535
65535
65535
65535
65535
65535
65535
65535
65535
65535
65535
65535
65535
65535
65535
65535
65535
65535
65535
65535
65535
65535
65535
65535
65535
65535
65535
65535
65535
65535
65535
65535
65535
65535
65535
65535
65535
65535
65535
65535
65535
65535
65535
65535
65535
65535
65535
65535
65535
65535
65535
65535
65535
65535
65535
65535
65535
65535
65535
65535
65535
65535
65535
65535
65535
65535
65535
65535
65535
65535
65535
65535
65535
65535
65535
65535
65535
65535
65535
65535
65535
65535
65535
65535
65535
65535
65535
65535
65535
65535
65535
65535
65535
65535
65535
65535
65535
65535
65535
65535
65535
65535
65535
65535
65535
65535
65535
65535
65535
65535
65535
65535
65535
65535
65535
65535
65535
65535
65535
65535
65535
65535
65535
65535
65535
65535
65535
65535
65535
65535
65535
65535
65535
65535
65535
65535
65535
65535
65535
65535
65535
65535
65535
65535
65535
65535
65535
65535
65535
65535
65535
65535
65535
65535
65535
65535
65535
65535
65535
65535
65535
65535
65535
65535
65535
65535
65535
65535
65535
65535
65535
65535
65535
65535
65535
65535
65535
65535
65535
65535
65535
65535
65535
65535
65535
65535
65535
65535
65535
65535
65535
65535
65535
65535
65535
65535
65535
65535
65535
65535
65535
65535
65535
65535
65535
65535
65535
65535
65535
65535
65535
65535
65535
65535
65535
65535
65535
65535
65535
65535
65535
65535
65535
65535
65535
65535
65535
65535
65535
65535
65535
65535
65535
65535
65535
65535
65535
65535
65535
65535
65535
65535
65535
65535
65535
65535
65535
65535
65535
65535
65535
65535
65535
65535
65535
65535
65535
65535
65535
65535
65535
65535
65535
65535
65535
65535
65535
65535
65535
65535
65535
65535
65535
65535
65535
65535
65535
65535
65535
65535
65535
65535
65535
65535
65535
65535
65535
65535
65535
65535
65535
65535
65535
65535
65535
65535
65535
65535
65535
65535
65535
65535
65535
65535
65535
65535
65535
65535
65535
65535
65535
65535
65535
65535
65535
65535
65535
65535
65535
65535
65535
65535
65535
65535
65535
65535
65535
65535
65535
65535
65535
65535
65535
65535
65535
65535
65535
65535
65535
65535
65535
65535
65535
65535
65535
65535
65535
65535
65535
65535
65535
65535
65535
65535
65535
65535
65535
65535
65535
65535
65535
65535
65535
65535
65535
65535
65535
65535
65535
65535
65535
65535
65535
65535
65535
65535
65535
65535
65535
65535
65535
65535
65535
65535
65535
65535
65535
65535
65535
65535
65535
65535
65535
65535
65535
65535
65535
65535
65535
65535
65535
65535
65535
65535
65535
65535
65535
65535
65535
65535
65535
65535
65535
65535
65535
65535
65535
65535
65535
65535
65535
65535
65535
65535
65535
65535
65535
65535
65535
65535
65535
65535
65535
65535
65535
65535
65535
65535
65535
65535
65535
65535
65535
65535
65535
65535
65535
65535
65535
65535
65535
65535
65535
65535
65535
65535
65535
65535
65535
65535
65535
65535
65535
65535
65535
65535
65535
65535
65535
65535
65535
65535
65535
65535
65535
65535
65535
65535
65535
65535
65535
65535
65535
65535
65535
65535
65535
65535
65535
65535
65535
65535
65535
65535
65535
65535
65535
65535
65535
65535
65535
65535
65535
65535
65535
65535
65535
65535
65535
65535
65535
65535
65535
65535
65535
65535
65535
65535
65535
65535
65535
65535
65535
65535
65535
65535
65535
65535
65535
65535
65535
65535
65535
65535
65535
65535
65535
65535
65535
65535
65535
65535
65535
65535
65535
65535
65535
65535
65535
65535
65535
65535
65535
65535
65535
65535
65535
65535
65535
65535
65535
65535
65535
65535
65535
65535
65535
65535
65535
65535
65535
65535
65535
65535
65535
65535
65535
65535
65535
65535
65535
65535
65535
65535
65535
65535
65535
65535
65535
65535
65535
65535
65535
65535
65535
65535
65535
65535
65535
65535
65535
65535
65535
65535
65535
65535
65535
65535
65535
65535
65535
65535
65535
65535
65535
65535
65535
65535
65535
65535
65535
65535
65535
65535
65535
65535
65535
65535
65535
65535
65535
65535
65535
65535
65535
65535
65535
65535
65535
65535
65535
65535
65535
65535
65535
65535
65535
65535
65535
65535
65535
65535
65535
65535
65535
65535
65535
65535
65535
65535
65535
65535
65535
65535
65535
65535
65535
65535
65535
65535
65535
65535
65535
65535
65535
65535
65535
65535
65535
65535
65535
65535
65535
65535
65535
65535
65535
65535
65535
65535
65535
65535
65535
65535
65535
65535
65535
65535
65535
65535
65535
65535
65535
65535
65535
65535
65535
65535
65535
65535
65535
65535
65535
65535
65535
65535
65535
65535
65535
65535
65535
65535
65535
65535
65535
65535
65535
65535
65535
65535
65535
65535
65535
65535
65535
65535
65535
65535
65535
65535
65535
65535
65535
65535
65535
65535
65535
65535
65535
65535
65535
65535
65535
65535
65535
65535
65535
65535
65535
65535
65535
65535
65535
65535
65535
65535
65535
65535
65535
65535
65535
65535
65535
65535
65535
65535
65535
65535
65535
65535
65535
65535
65535
65535
65535
65535
65535
65535
65535
65535
65535
65535
65535
65535
65535
65535
65535
65535
65535
65535
65535
65535
65535
65535
65535
65535
65535
65535
65535
65535
65535
65535
65535
65535
65535
65535
65535
65535
65535
65535
65535
65535
65535
65535
65535
65535
65535
65535
65535
65535
65535
65535
65535
65535
65535
65535
65535
65535
65535
65535
65535
65535
65535
65535
65535
65535
65535
65535
65535
65535
65535
65535
65535
65535
65535
65535
65535
65535
65535
65535
65535
65535
65535
65535
65535
65535
65535
65535
65535
65535
65535
65535
65535
65535
65535
65535
65535
65535
65535
65535
65535
65535
65535
65535
65535
65535
65535
65535
65535
65535
65535
65535
65535
65535
65535
65535
65535
65535
65535
65535
65535
65535
65535
65535
65535
65535
65535
65535
65535
65535
65535
65535
65535
65535
65535
65535
65535
65535
65535
65535
65535
65535
65535
65535
65535
65535
65535
65535
65535
65535
65535
65535
65535
65535
65535
65535
65535
65535
65535
65535
65535
65535
65535
65535
65535
65535
65535
65535
65535
65535
65535
65535
65535
65535
65535
65535
65535
65535
65535
65535
65535
65535
65535
65535
65535
65535
65535
65535
65535
65535
65535
65535
65535
65535
65535
65535
65535
65535
65535
65535
65535
65535
65535
65535
65535
65535
65535
65535
65535
65535
65535
65535
65535
65535
65535
65535
65535
65535
65535
65535
65535
65535
65535
65535
65535
65535
65535
65535
65535
65535
65535
65535
65535
65535
65535
65535
65535
65535
65535
65535
65535
65535
65535
65535
65535
65535
65535
65535
65535
65535
65535
65535
65535
65535
65535
65535
65535
65535
65535
65535
65535
65535
65535
65535
65535
65535
65535
65535
65535
65535
65535
65535
65535
65535
65535
65535
65535
65535
65535
65535
65535
65535
65535
65535
65535
65535
65535
65535
65535
65535
65535
65535
65535
65535
65535
65535
65535
65535
65535
65535
65535
65535
65535
65535
65535
65535
65535
65535
65535
65535
65535
65535
65535
65535
65535
65535
65535
65535
65535
65535
65535
65535
65535
65535
65535
65535
65535
65535
65535
65535
65535
65535
65535
65535
65535
65535
65535
65535
65535
65535
65535
65535
65535
65535
65535
65535
65535
65535
65535
65535
65535
65535
65535
65535
65535
65535
65535
65535
65535
65535
65535
65535
65535
65535
65535
65535
65535
65535
65535
65535
65535
65535
65535
65535
65535
65535
65535
65535
65535
65535
65535
65535
65535
65535
65535
65535
65535
65535
65535
65535
65535
65535
65535
65535
65535
65535
65535
65535
65535
65535
65535
65535
65535
65535
65535
65535
65535
65535
65535
65535
65535
65535
65535
65535
65535
65535
65535
65535
65535
65535
65535
65535
65535
65535
65535
65535
65535
65535
65535
65535
65535
65535
65535
65535
65535
65535
65535
65535
65535
65535
65535
65535
65535
65535
65535
65535
65535
65535
65535
65535
65535
65535
65535
65535
65535
65535
65535
65535
65535
65535
65535
65535
65535
65535
65535
65535
65535
65535
65535
65535
65535
65535
65535
65535
65535
65535
65535
65535
65535
65535
65535
65535
65535
65535
65535
65535
65535
65535
65535
65535
65535
65535
65535
65535
65535
65535
65535
65535
65535
65535
65535
65535
65535
65535
65535
65535
65535
65535
65535
65535
65535
65535
65535
65535
65535
65535
65535
65535
65535
65535
65535
65535
65535
65535
65535
65535
65535
65535
65535
65535
65535
65535
65535
65535
65535
65535
65535
65535
65535
65535
65535
65535
65535
65535
65535
65535
65535
65535
65535
65535
65535
65535
65535
65535
65535
65535
65535
65535
65535
65535
65535
65535
65535
65535
65535
65535
65535
65535
65535
65535
65535
65535
65535
65535
65535
65535
65535
65535
65535
65535
65535
65535
65535
65535
65535
65535
65535
65535
65535
65535
65535
65535
65535
65535
65535
65535
65535
65535
65535
65535
65535
65535
65535
65535
65535
65535
65535
65535
65535
65535
65535
65535
65535
65535
65535
65535
65535
65535
65535
65535
65535
65535
65535
65535
65535
65535
65535
65535
65535
65535
65535
65535
65535
65535
65535
65535
65535
65535
65535
65535
65535
65535
65535
65535
65535
65535
65535
65535
65535
65535
65535
65535
65535
65535
65535
65535
65535
65535
65535
65535
65535
65535
65535
65535
65535
65535
65535
65535
65535
65535
65535
65535
65535
65535
65535
65535
65535
65535
65535
65535
65535
65535
65535
65535
65535
65535
65535
65535
65535
65535
65535
65535
65535
65535
65535
65535
65535
65535
65535
65535
65535
65535
65535
65535
65535
65535
65535
65535
65535
65535
65535
65535
65535
65535
65535
65535
65535
65535
65535
65535
65535
65535
65535
65535
65535
65535
65535
65535
65535
65535
65535
65535
65535
65535
65535
65535
65535
65535
65535
65535
65535
65535
65535
65535
65535
65535
65535
65535
65535
65535
65535
65535
65535
65535
65535
65535
65535
65535
65535
65535
65535
65535
65535
65535
65535
65535
65535
65535
65535
65535
65535
65535
65535
65535
65535
65535
65535
65535
65535
65535
65535
65535
65535
65535
65535
65535
65535
65535
65535
65535
65535
65535
65535
65535
65535
65535
65535
65535
65535
65535
65535
65535
65535
65535
65535
65535
65535
65535
65535
65535
65535
65535
65535
65535
65535
65535
65535
65535
65535
65535
65535
65535
65535
65535
65535
65535
65535
65535
65535
65535
65535
65535
65535
65535
65535
65535
65535
65535
65535
65535
65535
65535
65535
65535
65535
65535
65535
65535
65535
65535
65535
65535
65535
65535
65535
65535
65535
65535
65535
65535
65535
65535
65535
65535
65535
65535
65535
65535
65535
65535
65535
65535
65535
65535
65535
65535
65535
65535
65535
65535
65535
65535
65535
65535
65535
65535
65535
65535
65535
65535
65535
65535
65535
65535
65535
65535
65535
65535
65535
65535
65535
65535
65535
65535
65535
65535
65535
65535
65535
65535
65535
65535
65535
65535
65535
65535
65535
65535
65535
65535
65535
65535
65535
65535
65535
65535
65535
65535
65535
65535
65535
65535
65535
65535
65535
65535
65535
65535
65535
65535
65535
65535
65535
65535
65535
65535
65535
65535
65535
65535
65535
65535
65535
65535
65535
65535
65535
65535
65535
65535
65535
65535
65535
65535
65535
65535
65535
65535
65535
65535
65535
65535
65535
65535
65535
65535
65535
65535
65535
65535
65535
65535
65535
65535
65535
65535
65535
65535
65535
65535
65535
65535
65535
65535
65535
65535
65535
65535
65535
65535
65535
65535
65535
65535
65535
65535
65535
65535
65535
65535
65535
65535
65535
65535
65535
65535
65535
65535
65535
65535
65535
65535
65535
65535
65535
65535
65535
65535
65535
65535
65535
65535
65535
65535
65535
65535
65535
65535
65535
65535
65535
65535
65535
65535
65535
65535
65535
65535
65535
65535
65535
65535
65535
65535
65535
65535
65535
65535
65535
65535
65535
65535
65535
65535
65535
65535
65535
65535
65535
65535
65535
65535
65535
65535
65535
65535
65535
65535
65535
65535
65535
65535
65535
65535
65535
65535
65535
65535
65535
65535
65535
65535
65535
65535
65535
65535
65535
65535
65535
65535
65535
65535
65535
65535
65535
65535
65535
65535
65535
65535
65535
65535
65535
65535
65535
65535
65535
65535
65535
65535
65535
65535
65535
65535
65535
65535
65535
65535
65535
65535
65535
65535
65535
65535
65535
65535
65535
65535
65535
65535
65535
65535
65535
65535
65535
65535
65535
65535
65535
65535
65535
65535
65535
65535
65535
65535
65535
65535
65535
65535
65535
65535
65535
65535
65535
65535
65535
65535
65535
65535
65535
65535
65535
65535
65535
65535
65535
65535
65535
65535
65535
65535
65535
65535
65535
65535
65535
65535
65535
65535
65535
65535
65535
65535
65535
65535
65535
65535
65535
65535
65535
65535
65535
65535
65535
65535
65535
65535
65535
65535
65535
65535
65535
65535
65535
65535
65535
65535
65535
65535
65535
65535
65535
65535
65535
65535
65535
65535
65535
65535
65535
65535
65535
65535
65535
65535
65535
65535
65535
65535
65535
65535
65535
65535
65535
65535
65535
65535
65535
65535
65535
65535
65535
65535
65535
65535
65535
65535
65535
65535
65535
65535
65535
65535
65535
65535
65535
65535
65535
65535
65535
65535
65535
65535
65535
65535
65535
65535
65535
65535
65535
65535
65535
65535
65535
65535
65535
65535
65535
65535
65535
65535
65535
65535
65535
65535
65535
65535
65535
65535
65535
65535
65535
65535
65535
65535
65535
65535
65535
65535
65535
65535
65535
65535
65535
65535
65535
65535
65535
65535
65535
65535
65535
65535
65535
65535
65535
65535
65535
65535
65535
65535
65535
65535
65535
65535
65535
65535
65535
65535
65535
65535
65535
65535
65535
65535
65535
65535
65535
65535
65535
65535
65535
65535
65535
65535
65535
65535
65535
65535
65535
65535
65535
65535
65535
65535
65535
65535
65535
65535
65535
65535
65535
65535
65535
65535
65535
65535
65535
65535
65535
65535
65535
65535
65535
65535
65535
65535
65535
65535
65535
65535
65535
65535
65535
65535
65535
65535
65535
65535
65535
65535
65535
65535
65535
65535
65535
65535
65535
65535
65535
65535
65535
65535
65535
65535
65535
65535
65535
65535
65535
65535
65535
65535
65535
65535
65535
65535
65535
65535
65535
65535
65535
65535
65535
65535
65535
65535
65535
65535
65535
65535
65535
65535
65535
65535
65535
65535
65535
65535
65535
65535
65535
65535
65535
65535
65535
65535
65535
65535
65535
65535
65535
65535
65535
65535
65535
65535
65535
65535
65535
65535
65535
65535
65535
65535
65535
65535
65535
65535
65535
65535
65535
65535
65535
65535
65535
65535
65535
65535
65535
65535
65535
65535
65535
65535
65535
65535
65535
65535
65535
65535
65535
65535
65535
65535
65535
65535
65535
65535
65535
65535
65535
65535
65535
65535
65535
65535
65535
65535
65535
65535
65535
65535
65535
65535
65535
65535
65535
65535
65535
65535
65535
65535
65535
65535
65535
65535
65535
65535
65535
65535
65535
65535
65535
65535
65535
65535
65535
65535
65535
65535
65535
65535
65535
65535
65535
65535
65535
65535
65535
65535
65535
65535
65535
65535
65535
65535
65535
65535
65535
65535
65535
65535
65535
65535
65535
65535
65535
65535
65535
65535
65535
65535
65535
65535
65535
65535
65535
65535
65535
65535
65535
65535
65535
65535
65535
65535
65535
65535
65535
65535
65535
65535
65535
65535
65535
65535
65535
65535
65535
65535
65535
65535
65535
65535
65535
65535
65535
65535
65535
65535
65535
65535
65535
65535
65535
65535
65535
65535
65535
65535
65535
65535
65535
65535
65535
65535
65535
65535
65535
65535
65535
65535
65535
65535
65535
65535
65535
65535
65535
65535
65535
65535
65535
65535
65535
65535
65535
65535
65535
65535
65535
65535
65535
65535
65535
65535
65535
65535
65535
65535
65535
65535
65535
65535
65535
65535
65535
65535
65535
65535
65535
65535
65535
65535
65535
65535
65535
65535
65535
65535
65535
65535
65535
65535
65535
65535
65535
65535
65535
65535
65535
65535
65535
65535
65535
65535
65535
65535
65535
65535
65535
65535
65535
65535
65535
65535
65535
65535
65535
65535
65535
65535
65535
65535
65535
65535
65535
65535
65535
65535
65535
65535
65535
65535
65535
65535
65535
65535
65535
65535
65535
65535
65535
65535
65535
65535
65535
65535
65535
65535
65535
65535
65535
65535
65535
65535
65535
65535
65535
65535
65535
65535
65535
65535
65535
65535
65535
65535
65535
65535
65535
65535
65535
65535
65535
65535
65535
65535
65535
65535
65535
65535
65535
65535
65535
65535
65535
65535
65535
65535
65535
65535
65535
65535
65535
65535
65535
65535
65535