0
0
0
1
1
2
3
3
4
4
5
5
6
7
8
8
9
10
11
12
12
14
15
16
17
18
18
19
20
22
23
24
25
26
28
29
31
32
34
36
37
38
40
42
43
45
47
48
49
51
52
54
56
58
60
61
63
66
68
70
72
74
76
79
81
83
85
87
89
91
93
95
98
100
102
104
106
108
110
112
114
116
118
120
123
124
126
129
131
134
136
138
141
144
146
148
151
153
155
157
160
163
165
168
170
173
175
177
180
183
185
188
191
194
196
199
202
204
207
210
212
214
217
219
222
225
227
230
232
234
237
240
242
245
248
250
253
256
258
261
264
266
269
272
274
275
278
280
282
285
287
289
292
294
297
299
301
303
306
308
311
313
315
317
319
322
325
327
330
332
335
337
340
342
345
347
351
353
355
358
360
362
365
367
369
371
374
377
379
381
384
386
388
390
393
394
397
400
402
405
407
409
412
415
417
420
422
424
427
429
431
433
436
438
440
443
445
447
450
452
454
456
459
462
463
466
468
470
473
475
478
480
482
484
486
488
491
493
495
498
500
502
504
506
508
510
513
516
518
520
523
525
527
529
530
532
534
536
538
540
543
545
547
549
551
553
556
558
560
562
564
566
568
570
572
574
576
579
581
583
585
586
589
590
592
594
596
598
600
602
604
606
607
609
610
612
614
616
618
620
622
624
626
628
630
632
634
636
638
640
642
644
646
648
650
652
655
656
659
660
663
664
666
668
670
672
673
675
677
679
681
683
684
686
688
690
691
693
695
697
699
701
703
704
706
708
710
712
714
715
717
719
721
723
725
727
729
730
733
734
735
737
739
741
742
744
746
748
750
752
754
756
757
760
761
763
765
767
769
771
773
775
777
779
781
784
785
787
789
791
794
796
798
799
801
803
805
807
809
810
812
813
815
818
819
821
822
824
826
827
829
832
834
836
837
839
841
843
845
847
850
851
853
855
856
858
860
862
864
865
867
868
870
872
874
876
878
880
882
884
886
888
890
892
893
895
897
899
901
903
906
907
910
911
913
915
917
919
921
923
925
926
928
931
933
934
936
938
940
941
943
945
947
949
951
953
954
956
958
960
962
964
966
968
971
973
975
977
978
980
981
983
985
987
989
991
993
995
997
999
1001
1003
1005
1007
1009
1011
1013
1015
1017
1019
1021
1023
1026
1028
1029
1031
1034
1036
1038
1040
1042
1044
1046
1048
1050
1052
1054
1055
1057
1059
1061
1063
1065
1067
1069
1071
1073
1074
1076
1078
1080
1083
1085
1086
1089
1091
1092
1094
1096
1098
1100
1103
1104
1107
1108
1110
1112
1115
1117
1119
1121
1123
1126
1127
1130
1132
1134
1136
1138
1139
1141
1144
1146
1148
1151
1153
1155
1157
1158
1161
1163
1165
1167
1170
1172
1174
1176
1178
1180
1182
1184
1186
1189
1191
1194
1196
1199
1201
1203
1205
1207
1209
1212
1214
1216
1218
1220
1222
1224
1226
1228
1231
1233
1235
1237
1239
1241
1243
1246
1248
1250
1252
1255
1258
1261
1263
1265
1268
1270
1272
1274
1277
1280
1282
1284
1286
1289
1291
1293
1295
1298
1299
1302
1304
1306
1308
1311
1313
1315
1318
1320
1322
1324
1326
1329
1332
1334
1337
1339
1342
1344
1347
1349
1351
1354
1356
1358
1361
1364
1366
1368
1370
1372
1375
1377
1379
1382
1385
1388
1391
1393
1396
1398
1400
1403
1406
1408
1410
1413
1415
1418
1420
1422
1425
1428
1430
1432
1435
1438
1441
1443
1446
1448
1450
1453
1456
1458
1461
1463
1466
1468
1471
1473
1475
1478
1480
1483
1486
1488
1491
1493
1496
1499
1501
1503
1505
1508
1511
1513
1516
1518
1521
1524
1527
1529
1532
1535
1538
1541
1544
1547
1550
1552
1554
1556
1559
1561
1564
1566
1570
1574
1577
1580
1582
1585
1587
1591
1593
1596
1599
1601
1604
1608
1611
1613
1616
1618
1621
1624
1627
1629
1632
1635
1637
1640
1642
1645
1647
1650
1653
1655
1658
1661
1664
1667
1671
1674
1676
1679
1682
1684
1687
1691
1694
1697
1700
1703
1705
1709
1711
1714
1717
1719
1723
1725
1728
1731
1734
1738
1741
1744
1747
1750
1753
1756
1759
1763
1766
1769
1772
1775
1778
1782
1785
1788
1791
1794
1798
1801
1804
1806
1809
1812
1815
1818
1821
1824
1828
1831
1835
1838
1841
1844
1848
1851
1854
1858
1861
1864
1866
1869
1872
1876
1879
1882
1886
1889
1892
1895
1899
1902
1906
1909
1913
1916
1919
1922
1926
1930
1934
1938
1941
1944
1948
1951
1955
1958
1962
1966
1969
1973
1977
1980
1984
1986
1990
1993
1996
2000
2003
2006
2009
2013
2017
2020
2023
2027
2030
2035
2038
2042
2045
2049
2052
2056
2061
2064
2068
2072
2074
2079
2083
2085
2088
2092
2095
2099
2102
2105
2110
2114
2118
2122
2126
2130
2133
2137
2140
2143
2147
2150
2154
2158
2161
2164
2168
2171
2174
2177
2182
2186
2189
2194
2199
2204
2207
2212
2216
2219
2223
2228
2231
2234
2239
2242
2246
2250
2254
2258
2262
2265
2269
2272
2277
2280
2284
2287
2291
2295
2299
2303
2308
2312
2316
2321
2325
2329
2332
2336
2340
2344
2349
2352
2356
2360
2365
2369
2373
2377
2380
2383
2387
2391
2395
2399
2404
2407
2411
2414
2419
2422
2426
2431
2434
2438
2443
2447
2451
2455
2459
2464
2468
2473
2477
2480
2484
2488
2492
2496
2500
2504
2508
2513
2516
2520
2525
2528
2533
2537
2541
2546
2549
2553
2558
2562
2567
2571
2576
2580
2585
2589
2593
2598
2602
2607
2611
2616
2619
2623
2627
2631
2635
2640
2646
2651
2656
2659
2664
2669
2674
2677
2682
2687
2691
2695
2700
2704
2708
2712
2717
2721
2725
2730
2736
2740
2746
2750
2755
2759
2764
2769
2774
2778
2783
2787
2791
2796
2800
2804
2809
2813
2818
2823
2828
2832
2837
2841
2845
2849
2853
2858
2863
2867
2872
2877
2882
2887
2892
2896
2900
2905
2910
2914
2919
2923
2927
2932
2937
2942
2946
2950
2956
2961
2966
2970
2974
2979
2984
2988
2993
2997
3002
3006
3011
3015
3020
3025
3030
3035
3040
3045
3050
3054
3060
3065
3071
3076
3081
3085
3090
3094
3098
3103
3107
3113
3117
3122
3126
3132
3137
3142
3147
3153
3158
3163
3167
3172
3177
3181
3186
3192
3197
3202
3207
3211
3216
3220
3224
3229
3234
3240
3244
3249
3254
3258
3263
3269
3274
3279
3284
3290
3295
3300
3305
3309
3315
3320
3324
3330
3334
3339
3345
3351
3356
3361
3366
3372
3376
3382
3387
3392
3398
3402
3406
3412
3417
3422
3427
3432
3437
3442
3448
3453
3459
3464
3468
3473
3478
3482
3486
3491
3496
3501
3506
3511
3517
3522
3529
3534
3539
3544
3548
3554
3559
3563
3570
3575
3580
3585
3590
3595
3601
3606
3610
3615
3620
3625
3630
3636
3642
3647
3651
3657
3663
3669
3674
3680
3685
3690
3695
3700
3704
3710
3715
3720
3725
3730
3734
3740
3745
3750
3756
3762
3767
3772
3777
3782
3787
3792
3798
3805
3810
3816
3821
3826
3831
3837
3842
3848
3854
3860
3865
3871
3876
3881
3886
3892
3896
3901
3907
3912
3917
3923
3928
3933
3940
3945
3950
3956
3962
3968
3974
3979
3985
3990
3997
4002
4008
4013
4019
4024
4030
4034
4040
4046
4051
4058
4062
4068
4074
4080
4086
4091
4097
4103
4109
4114
4119
4124
4129
4134
4140
4144
4149
4155
4160
4166
4171
4177
4183
4189
4195
4201
4207
4212
4217
4222
4228
4234
4239
4245
4250
4254
4261
4267
4273
4278
4284
4289
4295
4300
4306
4311
4316
4321
4328
4334
4341
4347
4353
4359
4365
4369
4375
4381
4387
4393
4398
4404
4410
4416
4422
4429
4435
4440
4447
4452
4459
4464
4470
4475
4481
4487
4493
4498
4505
4511
4516
4522
4528
4533
4539
4544
4550
4556
4563
4569
4575
4580
4586
4592
4597
4604
4610
4616
4620
4625
4630
4636
4642
4647
4653
4659
4666
4672
4678
4683
4689
4695
4701
4706
4712
4718
4725
4732
4738
4744
4750
4755
4761
4766
4772
4778
4783
4788
4794
4799
4805
4810
4817
4823
4829
4834
4840
4847
4852
4858
4865
4870
4876
4882
4888
4895
4900
4906
4911
4917
4923
4929
4935
4941
4947
4952
4958
4964
4970
4975
4980
4986
4991
4997
5003
5009
5014
5021
5026
5032
5037
5043
5049
5055
5060
5066
5071
5078
5083
5090
5095
5101
5106
5112
5117
5123
5129
5135
5141
5147
5153
5160
5165
5172
5177
5184
5189
5195
5200
5206
5214
5219
5226
5232
5238
5244
5250
5256
5262
5267
5273
5278
5284
5291
5297
5302
5309
5314
5320
5326
5332
5338
5343
5349
5354
5361
5367
5372
5378
5384
5389
5395
5400
5406
5412
5418
5424
5431
5436
5442
5448
5454
5459
5465
5471
5477
5483
5488
5494
5500
5505
5510
5516
5522
5528
5533
5539
5544
5550
5557
5563
5569
5574
5581
5588
5593
5598
5603
5609
5615
5620
5626
5631
5638
5643
5649
5656
5662
5668
5674
5680
5686
5692
5697
5703
5708
5714
5719
5725
5730
5737
5742
5749
5754
5760
5766
5771
5777
5782
5789
5794
5800
5807
5813
5817
5823
5829
5835
5841
5846
5852
5858
5864
5869
5876
5881
5886
5891
5897
5903
5910
5915
5920
5926
5931
5938
5944
5949
5955
5961
5966
5972
5978
5984
5990
5995
6000
6006
6012
6018
6022
6027
6032
6038
6043
6048
6053
6058
6065
6070
6075
6081
6087
6092
6097
6103
6108
6114
6119
6125
6130
6135
6140
6147
6151
6157
6163
6169
6174
6179
6184
6189
6193
6199
6204
6208
6214
6219
6223
6228
6233
6237
6242
6246
6251
6257
6263
6268
6273
6278
6283
6287
6292
6298
6303
6309
6314
6320
6325
6330
6335
6339
6344
6350
6354
6358
6363
6368
6374
6379
6384
6388
6393
6398
6402
6406
6411
6416
6421
6425
6430
6435
6440
6444
6449
6453
6457
6462
6467
6472
6476
6480
6485
6490
6495
6499
6504
6508
6512
6517
6522
6525
6529
6533
6537
6542
6546
6551
6555
6561
6565
6570
6574
6579
6583
6587
6592
6597
6602
6606
6611
6615
6620
6624
6628
6632
6636
6641
6646
6651
6655
6660
6664
6668
6672
6675
6680
6685
6689
6694
6698
6703
6708
6712
6717
6721
6725
6729
6734
6738
6742
6747
6752
6757
6761
6765
6768
6772
6778
6781
6785
6789
6794
6798
6802
6806
6810
6815
6820
6823
6828
6833
6837
6841
6845
6850
6855
6859
6863
6868
6872
6876
6880
6885
6890
6894
6899
6903
6907
6911
6915
6919
6924
6928
6933
6937
6941
6946
6950
6955
6958
6963
6967
6972
6977
6982
6985
6990
6994
6998
7002
7007
7011
7015
7020
7024
7028
7033
7038
7043
7048
7053
7058
7063
7068
7072
7077
7082
7086
7090
7095
7100
7105
7108
7113
7118
7122
7127
7131
7135
7140
7146
7151
7155
7160
7166
7171
7176
7181
7185
7189
7193
7198
7203
7209
7215
7220
7224
7229
7234
7239
7244
7247
7251
7256
7260
7265
7270
7275
7281
7287
7291
7297
7301
7306
7311
7316
7321
7326
7330
7335
7340
7345
7349
7354
7360
7364
7370
7375
7380
7385
7391
7396
7402
7407
7412
7418
7423
7429
7434
7438
7443
7448
7454
7460
7465
7471
7475
7480
7486
7492
7496
7502
7506
7511
7517
7522
7528
7534
7539
7545
7550
7556
7562
7567
7573
7578
7583
7589
7594
7600
7606
7611
7616
7622
7627
7633
7638
7644
7651
7657
7662
7668
7674
7680
7686
7692
7697
7703
7710
7716
7722
7728
7733
7739
7744
7750
7756
7761
7768
7774
7781
7787
7793
7798
7803
7809
7814
7820
7826
7831
7838
7844
7851
7857
7862
7868
7874
7879
7885
7892
7899
7905
7913
7918
7924
7931
7937
7943
7949
7956
7962
7969
7974
7980
7986
7992
7998
8004
8010
8016
8021
8028
8034
8040
8046
8053
8059
8066
8073
8079
8086
8091
8097
8104
8110
8117
8123
8130
8137
8143
8149
8156
8163
8169
8175
8182
8189
8196
8203
8210
8216
8223
8230
8236
8243
8249
8256
8263
8269
8276
8283
8290
8297
8303
8311
8316
8322
8329
8335
8343
8350
8356
8363
8369
8375
8383
8390
8398
8405
8412
8420
8427
8433
8441
8448
8455
8462
8469
8476
8484
8492
8499
8506
8515
8522
8531
8538
8547
8554
8563
8571
8578
8585
8593
8601
8608
8616
8624
8631
8639
8646
8654
8662
8670
8678
8687
8695
8703
8711
8718
8726
8734
8742
8749
8758
8766
8773
8780
8789
8796
8803
8811
8817
8824
8831
8839
8846
8854
8862
8870
8876
8885
8893
8901
8909
8918
8926
8934
8941
8949
8957
8966
8974
8982
8991
8999
9007
9015
9023
9033
9041
9049
9058
9067
9076
9085
9093
9102
9111
9120
9130
9138
9147
9156
9164
9173
9181
9190
9198
9206
9215
9224
9234
9242
9251
9260
9269
9280
9290
9300
9309
9317
9327
9335
9344
9353
9361
9371
9381
9390
9399
9408
9417
9427
9436
9445
9453
9462
9472
9481
9491
9501
9509
9519
9529
9538
9548
9558
9568
9576
9585
9596
9606
9615
9625
9635
9645
9654
9664
9674
9684
9694
9704
9714
9724
9734
9744
9754
9763
9774
9784
9795
9805
9816
9826
9835
9845
9856
9865
9876
9886
9895
9904
9915
9925
9936
9947
9957
9969
9980
9990
10000
10011
10022
10031
10041
10053
10063
10074
10083
10095
10106
10117
10127
10139
10148
10158
10168
10179
10190
10201
10211
10222
10232
10244
10255
10266
10277
10287
10298
10309
10319
10330
10340
10352
10363
10373
10385
10396
10407
10417
10429
10440
10452
10464
10475
10486
10498
10511
10522
10534
10546
10557
10569
10580
10591
10604
10616
10628
10638
10650
10662
10674
10687
10699
10712
10725
10737
10750
10762
10774
10786
10798
10811
10825
10838
10852
10864
10877
10891
10904
10917
10929
10941
10955
10968
10981
10994
11009
11022
11037
11049
11064
11076
11089
11102
11114
11129
11142
11154
11168
11181
11195
11210
11222
11236
11249
11263
11277
11290
11305
11320
11333
11347
11361
11375
11389
11402
11415
11429
11443
11457
11471
11486
11501
11514
11530
11543
11556
11571
11585
11599
11615
11630
11644
11659
11675
11689
11703
11717
11731
11746
11761
11778
11793
11806
11822
11838
11853
11868
11882
11897
11912
11928
11943
11959
11975
11989
12006
12022
12039
12055
12070
12087
12104
12121
12137
12154
12170
12186
12203
12219
12235
12251
12267
12283
12301
12318
12335
12352
12367
12383
12398
12416
12433
12450
12466
12482
12499
12517
12534
12551
12568
12586
12603
12621
12639
12657
12674
12691
12709
12726
12744
12762
12781
12799
12816
12835
12853
12872
12890
12908
12928
12949
12965
12983
13002
13019
13037
13055
13073
13093
13112
13132
13150
13168
13186
13206
13226
13245
13267
13289
13308
13328
13347
13366
13386
13407
13426
13446
13466
13486
13506
13527
13548
13568
13587
13608
13629
13649
13671
13693
13714
13733
13754
13775
13795
13817
13837
13857
13879
13901
13923
13946
13969
13990
14012
14035
14057
14076
14100
14123
14145
14168
14189
14213
14235
14258
14283
14307
14329
14352
14376
14399
14423
14447
14471
14495
14519
14542
14566
14590
14614
14637
14660
14684
14710
14736
14761
14786
14810
14835
14861
14885
14910
14936
14962
14988
15013
15039
15064
15089
15113
15139
15163
15190
15217
15243
15269
15297
15323
15348
15374
15401
15430
15454
15485
15511
15541
15568
15595
15625
15654
15683
15710
15738
15766
15794
15822
15850
15880
15907
15936
15966
15995
16024
16054
16085
16112
16143
16174
16204
16234
16265
16298
16329
16359
16390
16420
16451
16483
16515
16548
16579
16613
16643
16675
16705
16739
16772
16804
16837
16870
16905
16939
16974
17007
17040
17075
17108
17144
17178
17212
17247
17282
17317
17349
17387
17423
17458
17493
17528
17566
17603
17640
17677
17714
17751
17786
17826
17863
17901
17939
17975
18017
18056
18097
18137
18175
18218
18258
18296
18338
18380
18418
18459
18497
18539
18583
18626
18669
18711
18753
18796
18840
18880
18924
18966
19011
19055
19097
19142
19187
19233
19279
19324
19369
19415
19463
19511
19558
19605
19654
19701
19749
19797
19848
19896
19948
19998
20048
20098
20149
20200
20252
20302
20354
20409
20461
20515
20566
20618
20672
20725
20777
20830
20886
20942
20998
21054
21107
21164
21223
21282
21339
21396
21453
21511
21569
21630
21690
21747
21805
21866
21930
21993
22055
22122
22183
22250
22315
22381
22448
22513
22581
22648
22712
22782
22849
22919
22989
23058
23132
23206
23277
23349
23420
23496
23568
23642
23718
23796
23875
23954
24030
24108
24189
24271
24351
24431
24513
24592
24674
24761
24849
24934
25022
25111
25204
25291
25381
25468
25558
25652
25747
25844
25938
26036
26133
26228
26326
26426
26525
26629
26733
26836
26940
27046
27156
27261
27368
27476
27588
27702
27814
27926
28045
28160
28279
28405
28530
28654
28778
28906
29028
29164
29293
29424
29559
29695
29834
29968
30112
30258
30406
30558
30715
30862
31014
31175
31336
31498
31656
31822
31989
32163
32335
32510
32686
32866
33046
33229
33419
33615
33811
34014
34217
34425
34633
34843
35063
35285
35505
35734
35969
36213
36455
36707
36962
37219
37487
37758
38040
38325
38622
38927
39231
39548
39867
40197
40531
40875
41231
41586
41958
42336
42734
43147
43562
43993
44425
44880
45344
45827
46323
46827
47361
47907
48471
49060
49667
50289
50946
51600
52279
52974
53688
54413
55137
55883
56623
57349
58067
58770
59457
60125
60756
61345
61893
62406
62871
63290
63661
63994
64277
64517
64721
64894
65039
65156
65250
65323
65379
65420
65454
65477
65495
65507
65517
65522
65527
65530
65532
65533
65534
65535
65535
65535
65535
65535
65535
65535
65535
65535
65535
65535
65535
65535
65535
65535
65535
65535
65535
65535
65535
65535
65535
65535
65535
65535
65535
65535
65535
65535
65535
65535
65535
65535
65535
65535
65535
65535
65535
65535
65535
65535
65535
65535
65535
65535
65535
65535
65535
65535
65535
65535
65535
65535
65535
65535
65535
65535
65535
65535
65535
65535
65535
65535
65535
65535
65535
65535
65535
65535
65535
65535
65535
65535
65535
65535
65535
65535
65535
65535
65535
65535
65535
65535
65535
65535
65535
65535
65535
65535
65535
65535
65535
65535
65535
65535
65535
65535
65535
65535
65535
65535
65535
65535
65535
65535
65535
65535
65535
65535
65535
65535
65535
65535
65535
65535
65535
65535
65535
65535
65535
65535
65535
65535
65535
65535
65535
65535
65535
65535
65535
65535
65535
65535
65535
65535
65535
65535
65535
65535
65535
65535
65535
65535
65535
65535
65535
65535
65535
65535
65535
65535
65535
65535
65535
65535
65535
65535
65535
65535
65535
65535
65535
65535
65535
65535
65535
65535
65535
65535
65535
65535
65535
65535
65535
65535
65535
65535
65535
65535
65535
65535
65535
65535
65535
65535
65535
65535
65535
65535
65535
65535
65535
65535
65535
65535
65535
65535
65535
65535
65535
65535
65535
65535
65535
65535
65535
65535
65535
65535
65535
65535
65535
65535
65535
65535
65535
65535
65535
65535
65535
65535
65535
65535
65535
65535
65535
65535
65535
65535
65535
65535
65535
65535
65535
65535
65535
65535
65535
65535
65535
65535
65535
65535
65535
65535
65535
65535
65535
65535
65535
65535
65535
65535
65535
65535
65535
65535
65535
65535
65535
65535
65535
65535
65535
65535
65535
65535
65535
65535
65535
65535
65535
65535
65535
65535
65535
65535
65535
65535
65535
65535
65535
65535
65535
65535
65535
65535
65535
65535
65535
65535
65535
65535
65535
65535
65535
65535
65535
65535
65535
65535
65535
65535
65535
65535
65535
65535
65535
65535
65535
65535
65535
65535
65535
65535
65535
65535
65535
65535
65535
65535
65535
65535
65535
65535
65535
65535
65535
65535
65535
65535
65535
65535
65535
65535
65535
65535
65535
65535
65535
65535
65535
65535
65535
65535
65535
65535
65535
65535
65535
65535
65535
65535
65535
65535
65535
65535
65535
65535
65535
65535
65535
65535
65535
65535
65535
65535
65535
65535
65535
65535
65535
65535
65535
65535
65535
65535
65535
65535
65535
65535
65535
65535
65535
65535
65535
65535
65535
65535
65535
65535
65535
65535
65535
65535
65535
65535
65535
65535
65535
65535
65535
65535
65535
65535
65535
65535
65535
65535
65535
65535
65535
65535
65535
65535
65535
65535
65535
65535
65535
65535
65535
65535
65535
65535
65535
65535
65535
65535
65535
65535
65535
65535
65535
65535
65535
65535
65535
65535
65535
65535
65535
65535
65535
65535
65535
65535
65535
65535
65535
65535
65535
65535
65535
65535
65535
65535
65535
65535
65535
65535
65535
65535
65535
65535
65535
65535
65535
65535
65535
65535
65535
65535
65535
65535
65535
65535
65535
65535
65535
65535
65535
65535
65535
65535
65535
65535
65535
65535
65535
65535
65535
65535
65535
65535
65535
65535
65535
65535
65535
65535
65535
65535
65535
65535
65535
65535
65535
65535
65535
65535
65535
65535
65535
65535
65535
65535
65535
65535
65535
65535
65535
65535
65535
65535
65535
65535
65535
65535
65535
65535
65535
65535
65535
65535
65535
65535
65535
65535
65535
65535
65535
65535
65535
65535
65535
65535
65535
65535
65535
65535
65535
65535
65535
65535
65535
65535
65535
65535
65535
65535
65535
65535
65535
65535
65535
65535
65535
65535
65535
65535
65535
65535
65535
65535
65535
65535
65535
65535
65535
65535
65535
65535
65535
65535
65535
65535
65535
65535
65535
65535
65535
65535
65535
65535
65535
65535
65535
65535
65535
65535
65535
65535
65535
65535
65535
65535
65535
65535
65535
65535
65535
65535
65535
65535
65535
65535
65535
65535
65535
65535
65535
65535
65535
65535
65535
65535
65535
65535
65535
65535
65535
65535
65535
65535
65535
65535
65535
65535
65535
65535
65535
65535
65535
65535
65535
65535
65535
65535
65535
65535
65535
65535
65535
65535
65535
65535
65535
65535
65535
65535
65535
65535
65535
65535
65535
65535
65535
65535
65535
65535
65535
65535
65535
65535
65535
65535
65535
65535
65535
65535
65535
65535
65535
65535
65535
65535
65535
65535
65535
65535
65535
65535
65535
65535
65535
65535
65535
65535
65535
65535
65535
65535
65535
65535
65535
65535
65535
65535
65535
65535
65535
65535
65535
65535
65535
65535
65535
65535
65535
65535
65535
65535
65535
65535
65535
65535
65535
65535
65535
65535
65535
65535
65535
65535
65535
65535
65535
65535
65535
65535
65535
65535
65535
65535
65535
65535
65535
65535
65535
65535
65535
65535
65535
65535
65535
65535
65535
65535
65535
65535
65535
65535
65535
65535
65535
65535
65535
65535
65535
65535
65535
65535
65535
65535
65535
65535
65535
65535
65535
65535
65535
65535
65535
65535
65535
65535
65535
65535
65535
65535
65535
65535
65535
65535
65535
65535
65535
65535
65535
65535
65535
65535
65535
65535
65535
65535
65535
65535
65535
65535
65535
65535
65535
65535
65535
65535
65535
65535
65535
65535
65535
65535
65535
65535
65535
65535
65535
65535
65535
65535
65535
65535
65535
65535
65535
65535
65535
65535
65535
65535
65535
65535
65535
65535
65535
65535
65535
65535
65535
65535
65535
65535
65535
65535
65535
65535
65535
65535
65535
65535
65535
65535
65535
65535
65535
65535
65535
65535
65535
65535
65535
65535
65535
65535
65535
65535
65535
65535
65535
65535
65535
65535
65535
65535
65535
65535
65535
65535
65535
65535
65535
65535
65535
65535
65535
65535
65535
65535
65535
65535
65535
65535
65535
65535
65535
65535
65535
65535
65535
65535
65535
65535
65535
65535
65535
65535
65535
65535
65535
65535
65535
65535
65535
65535
65535
65535
65535
65535
65535
65535
65535
65535
65535
65535
65535
65535
65535
65535
65535
65535
65535
65535
65535
65535
65535
65535
65535
65535
65535
65535
65535
65535
65535
65535
65535
65535
65535
65535
65535
65535
65535
65535
65535
65535
65535
65535
65535
65535
65535
65535
65535
65535
65535
65535
65535
65535
65535
65535
65535
65535
65535
65535
65535
65535
65535
65535
65535
65535
65535
65535
65535
65535
65535
65535
65535
65535
65535
65535
65535
65535
65535
65535
65535
65535
65535
65535
65535
65535
65535
65535
65535
65535
65535
65535
65535
65535
65535
65535
65535
65535
65535
65535
65535
65535
65535
65535
65535
65535
65535
65535
65535
65535
65535
65535
65535
65535
65535
65535
65535
65535
65535
65535
65535
65535
65535
65535
65535
65535
65535
65535
65535
65535
65535
65535
65535
65535
65535
65535
65535
65535
65535
65535
65535
65535
65535
65535
65535
65535
65535
65535
65535
65535
65535
65535
65535
65535
65535
65535
65535
65535
65535
65535
65535
65535
65535
65535
65535
65535
65535
65535
65535
65535
65535
65535
65535
65535
65535
65535
65535
65535
65535
65535
65535
65535
65535
65535
65535
65535
65535
65535
65535
65535
65535
65535
65535
65535
65535
65535
65535
65535
65535
65535
65535
65535
65535
65535
65535
65535
65535
65535
65535
65535
65535
65535
65535
65535
65535
65535
65535
65535
65535
65535
65535
65535
65535
65535
65535
65535
65535
65535
65535
65535
65535
65535
65535
65535
65535
65535
65535
65535
65535
65535
65535
65535
65535
65535
65535
65535
65535
65535
65535
65535
65535
65535
65535
65535
65535
65535
65535
65535
65535
65535
65535
65535
65535
65535
65535
65535
65535
65535
65535
65535
65535
65535
65535
65535
65535
65535
65535
65535
65535
65535
65535
65535
65535
65535
65535
65535
65535
65535
65535
65535
65535
65535
65535
65535
65535
65535
65535
65535
65535
65535
65535
65535
65535
65535
65535
65535
65535
65535
65535
65535
65535
65535
65535
65535
65535
65535
65535
65535
65535
65535
65535
65535
65535
65535
65535
65535
65535
65535
65535
65535
65535
65535
65535
65535
65535
65535
65535
65535
65535
65535
65535
65535
65535
65535
65535
65535
65535
65535
65535
65535
65535
65535
65535
65535
65535
65535
65535
65535
65535
65535
65535
65535
65535
65535
65535
65535
65535
65535
65535
65535
65535
65535
65535
65535
65535
65535
65535
65535
65535
65535
65535
65535
65535
65535
65535
65535
65535
65535
65535
65535
65535
65535
65535
65535
65535
65535
65535
65535
65535
65535
65535
65535
65535
65535
65535
65535
65535
65535
65535
65535
65535
65535
65535
65535
65535
65535
65535
65535
65535
65535
65535
65535
65535
65535
65535
65535
65535
65535
65535
65535
65535
65535
65535
65535
65535
65535
65535
65535
65535
65535
65535
65535
65535
65535
65535
65535
65535
65535
65535
65535
65535
65535
65535
65535
65535
65535
65535
65535
65535
65535
65535
65535
65535
65535
65535
65535
65535
65535
65535
65535
65535
65535
65535
65535
65535
65535
65535
65535
65535
65535
65535
65535
65535
65535
65535
65535
65535
65535
65535
65535
65535
65535
65535
65535
65535
65535
65535
65535
65535
65535
65535
65535
65535
65535
65535
65535
65535
65535
65535
65535
65535
65535
65535
65535
65535
65535
65535
65535
65535
65535
65535
65535
65535
65535
65535
65535
65535
65535
65535
65535
65535
65535
65535
65535
65535
65535
65535
65535
65535
65535
65535
65535
65535
65535
65535
65535
65535
65535
65535
65535
65535
65535
65535
65535
65535
65535
65535
65535
65535
65535
65535
65535
65535
65535
65535
65535
65535
65535
65535
65535
65535
65535
65535
65535
65535
65535
65535
65535
65535
65535
65535
65535
65535
65535
65535
65535
65535
65535
65535
65535
65535
65535
65535
65535
65535
65535
65535
65535
65535
65535
65535
65535
65535
65535
65535
65535
65535
65535
65535
65535
65535
65535
65535
65535
65535
65535
65535
65535
65535
65535
65535
65535
65535
65535
65535
65535
65535
65535
65535
65535
65535
65535
65535
65535
65535
65535
65535
65535
65535
65535
65535
65535
65535
65535
65535
65535
65535
65535
65535
65535
65535
65535
65535
65535
65535
65535
65535
65535
65535
65535
65535
65535
65535
65535
65535
65535
65535
65535
65535
65535
65535
65535
65535
65535
65535
65535
65535
65535
65535
65535
65535
65535
65535
65535
65535
65535
65535
65535
65535
65535
65535
65535
65535
65535
65535
65535
65535
65535
65535
65535
65535
65535
65535
65535
65535
65535
65535
65535
65535
65535
65535
65535
65535
65535
65535
65535
65535
65535
65535
65535
65535
65535
65535
65535
65535
65535
65535
65535
65535
65535
65535
65535
65535
65535
65535
65535
65535
65535
65535
65535
65535
65535
65535
65535
65535
65535
65535
65535
65535
65535
65535
65535
65535
65535
65535
65535
65535
65535
65535
65535
65535
65535
65535
65535
65535
65535
65535
65535
65535
65535
65535
65535
65535
65535
65535
65535
65535
65535
65535
65535
65535
65535
65535
65535
65535
65535
65535
65535
65535
65535
65535
65535
65535
65535
65535
65535
65535
65535
65535
65535
65535
65535
65535
65535
65535
65535
65535
65535
65535
65535
65535
65535
65535
65535
65535
65535
65535
65535
65535
65535
65535
65535
65535
65535
65535
65535
65535
65535
65535
65535
65535
65535
65535
65535
65535
65535
65535
65535
65535
65535
65535
65535
65535
65535
65535
65535
65535
65535
65535
65535
65535
65535
65535
65535
65535
65535
65535
65535
65535
65535
65535
65535
65535
65535
65535
65535
65535
65535
65535
65535
65535
65535
65535
65535
65535
65535
65535
65535
65535
65535
65535
65535
65535
65535
65535
65535
65535
65535
65535
65535
65535
65535
65535
65535
65535
65535
65535
65535
65535
65535
65535
65535
65535
65535
65535
65535
65535
65535
65535
65535
65535
65535
65535
65535
65535
65535
65535
65535
65535
65535
65535
65535
65535
65535
65535
65535
65535
65535
65535
65535
65535
65535
65535
65535
65535
65535
65535
65535
65535
65535
65535
65535
65535
65535
65535
65535
65535
65535
65535
65535
65535
65535
65535
65535
65535
65535
65535
65535
65535
65535
65535
65535
65535
65535
65535
65535
65535
65535
65535
65535
65535
65535
65535
65535
65535
65535
65535
65535
65535
65535
65535
65535
65535
65535
65535
65535
65535
65535
65535
65535
65535
65535
65535
65535
65535
65535
65535
65535
65535
65535
65535
65535
65535
65535
65535
65535
65535
65535
65535
65535
65535
65535
65535
65535
65535
65535
65535
65535
65535
65535
65535
65535
65535
65535
65535
65535
65535
65535
65535
65535
65535
65535
65535
65535
65535
65535
65535
65535
65535
65535
65535
65535
65535
65535
65535
65535
65535
65535
65535
65535
65535
65535
65535
65535
65535
65535
65535
65535
65535
65535
65535
65535
65535
65535
65535
65535
65535
65535
65535
65535
65535
65535
65535
65535
65535
65535
65535
65535
65535
65535
65535
65535
65535
65535
65535
65535
65535
65535
65535
65535
65535
65535
65535
65535
65535
65535
65535
65535
65535
65535
65535
65535
65535
65535
65535
65535
65535
65535
65535
65535
65535
65535
65535
65535
65535
65535
65535
65535
65535
65535
65535
65535
65535
65535
65535
65535
65535
65535
65535
65535
65535
65535
65535
65535
65535
65535
65535
65535
65535
65535
65535
65535
65535
65535
65535
65535
65535
65535
65535
65535
65535
65535
65535
65535
65535
65535
65535
65535
65535
65535
65535
65535
65535
65535
65535
65535
65535
65535
65535
65535
65535
65535
65535
65535
65535
65535
65535
65535
65535
65535
65535
65535
65535
65535
65535
65535
65535
65535
65535
65535
65535
65535
65535
65535
65535
65535
65535
65535
65535
65535
65535
65535
65535
65535
65535
65535
65535
65535
65535
65535
65535
65535
65535
65535
65535
65535
65535
65535
65535
65535
65535
65535
65535
65535
65535
65535
65535
65535
65535
65535
65535
65535
65535
65535
65535
65535
65535
65535
65535
65535
65535
65535
65535
65535
65535
65535
65535
65535
65535
65535
65535
65535
65535
65535
65535
65535
65535
65535
65535
65535
65535
65535
65535
65535
65535
65535
65535
65535
65535
65535
65535
65535
65535
65535
65535
65535
65535
65535
65535
65535
65535
65535
65535
65535
65535
65535
65535
65535
65535
65535
65535
65535
65535
65535
65535
65535
65535
65535
65535
65535
65535
65535
65535
65535
65535
65535
65535
65535
65535
65535
65535
65535
65535
65535
65535
65535
65535
65535
65535
65535
65535
65535
65535
65535
65535
65535
65535
65535
65535
65535
65535
65535
65535
65535
65535
65535
65535
65535
65535
65535
65535
65535
65535
65535
65535
65535
65535
65535
65535
65535
65535
65535
65535
65535
65535
65535
65535
65535
65535
65535
65535
65535
65535
65535
65535
65535
65535
65535
65535
65535
65535
65535
65535
65535
65535
65535
65535
65535
65535
65535
65535
65535
65535
65535
65535
65535
65535
65535
65535
65535
65535
65535
65535
65535
65535
65535
65535
65535
65535
65535
65535
65535
65535
65535
65535
65535
65535
65535
65535
65535
65535
65535
65535
65535
65535
65535
65535
65535
65535
65535
65535
65535
65535
65535
65535
65535
65535
65535
65535
65535
65535
65535
65535
65535
65535
65535
65535
65535
65535
65535
65535
65535
65535
65535
65535
65535
65535
65535
65535
65535
65535
65535
65535
65535
65535
65535
65535
65535
65535
65535
65535
65535
65535
65535
65535
65535
65535
65535
65535
65535
65535
65535
65535
65535
65535
65535
65535
65535
65535
65535
65535
65535
65535
65535
65535
65535
65535
65535
65535
65535
65535
65535
65535
65535
65535
65535
65535
65535
65535
65535
65535
65535
65535
65535
65535
65535
65535
65535
65535
65535
65535
65535
65535
65535
65535
65535
65535
65535
65535
65535
65535
65535
65535
65535
65535
65535
65535
65535
65535
65535
65535
65535
65535
65535
65535
65535
65535
65535
65535
65535
65535
65535
65535
65535
65535
65535
65535
65535
65535
65535
65535
65535
65535
65535
65535
65535
65535
65535
65535
65535
65535
65535
65535
65535
65535
65535
65535
65535
65535
65535
65535
65535
65535
65535
65535
65535
65535
65535
65535
65535
65535
65535
65535
65535
65535
65535
65535
65535
65535
65535
65535
65535
65535
65535
65535
65535
65535
65535
65535
65535
65535
65535
65535
65535
65535
65535
65535
65535
65535
65535
65535
65535
65535
65535
65535
65535
65535
65535
65535
65535
65535
65535
65535
65535
65535
65535
65535
65535
65535
65535
65535
65535
65535
65535
65535
65535
65535
65535
65535
65535
65535
65535
65535
65535
65535
65535
65535
65535
65535
65535
65535
65535
65535
65535
65535
65535
65535
65535
65535
65535
65535
65535
65535
65535
65535
65535
65535
65535
65535
65535
65535
65535
65535
65535
65535
65535
65535
65535
65535
65535
65535
65535
65535
65535
65535
65535
65535
65535
65535
65535
65535
65535
65535
65535
65535
65535
65535
65535
65535
65535
65535
65535
65535
65535
65535
65535
65535
65535
65535
65535
65535
65535
65535
65535
65535
65535
65535
65535
65535
65535
65535
65535
65535
65535
65535
65535
65535
65535
65535
65535
65535
65535
65535
65535
65535
65535
65535
65535
65535
65535
65535
65535
65535
65535
65535
65535
65535
65535
65535
65535
65535
65535
65535
65535
65535
65535
65535
65535
65535
65535
65535
65535
65535
65535
65535
65535
65535
65535
65535
65535
65535
65535
65535
65535
65535
65535
65535
65535
65535
65535
65535
65535
65535
65535
65535
65535
65535
65535
65535
65535
65535
65535
65535
65535
65535
65535
65535
65535
65535
65535
65535
65535
65535
65535
65535
65535
65535
65535
65535
65535
65535
65535
65535
65535
65535
65535
65535
65535
65535
65535
65535
65535
65535
65535
65535
65535
65535
65535
65535
65535
65535
65535
65535
65535
65535
65535
65535
65535
65535
65535
65535
65535
65535
65535
65535
65535
65535
65535
65535
65535
65535
65535
65535
65535
65535
65535
65535
65535
65535
65535
65535
65535
65535
65535
65535
65535
65535
65535
65535
65535
65535
65535
65535
65535
65535
65535
65535
65535
65535
65535
65535
65535
65535
65535
65535
65535
65535
65535
65535
65535
65535
65535
65535
65535
65535
65535
65535
65535
65535
65535
65535
65535
65535
65535
65535
65535
65535
65535
65535
65535
65535
65535
65535
65535
65535
65535
65535
65535
65535
65535
65535
65535
65535
65535
65535
65535
65535
65535
65535
65535
65535
65535
65535
65535
65535
65535
65535
65535
65535
65535
65535
65535
65535
65535
65535
65535
65535
65535
65535
65535
65535
65535
65535
65535
65535
65535
65535
65535
65535
65535
65535
65535
65535
65535
65535
65535
65535
65535
65535
65535
65535
65535
65535
65535
65535
65535
65535
65535
65535
65535
65535
65535
65535
65535
65535
65535
65535
65535
65535
65535
65535
65535
65535
65535
65535
65535
65535
65535
65535
65535
65535
65535
65535
65535
65535
65535
65535
65535
65535
65535
65535
65535
65535
65535
65535
65535
65535
65535
65535
65535
65535
65535
65535
65535
65535
65535
65535
65535
65535
65535
65535
65535
65535
65535
65535
65535
65535
65535
65535
65535
65535
65535
65535
65535
65535
65535
65535
65535
65535
65535
65535
65535
65535
65535
65535
65535
65535
65535
65535
65535
65535
65535
65535
65535
65535
65535
65535
65535
65535
65535
65535
65535
65535
65535
65535
65535
65535
65535
65535
65535
65535
65535
65535
65535
65535
65535
65535
65535
65535
65535
65535
65535
65535
65535
65535
65535
65535
65535
65535
65535
65535
65535
65535
65535
65535
65535
65535
65535
65535
65535
65535
65535
65535
65535
65535
65535
65535
65535
65535
65535
65535
65535
65535
65535
65535
65535
65535
65535
65535
65535
65535
65535
65535
65535
65535
65535
65535
65535
65535
65535
65535
65535
65535
65535
65535
65535
65535
65535
65535
65535
65535
65535
65535
65535
65535
65535
65535
65535
65535
65535
65535
65535
65535
65535
65535
65535
65535
65535
65535
65535
65535
65535
65535
65535
65535
65535
65535
65535
65535
65535
65535
65535
65535
65535
65535
65535
65535
65535
65535
65535
65535
65535
65535
65535
65535
65535
65535
65535
65535
65535
65535
65535
65535
65535
65535
65535
65535
65535
65535
65535
65535
65535
65535
65535
65535
65535
65535
65535
65535
65535
65535
65535
65535
65535
65535
65535
65535
65535
65535
65535
65535
65535
65535
65535
65535
65535
65535
65535
65535
65535
65535
65535
65535
65535
65535
65535
65535
65535
65535
65535
65535
65535
65535
65535
65535
65535
65535
65535
65535
65535
65535
65535
65535
65535
65535
65535
65535
65535
65535
65535
65535
65535
65535
65535
65535
65535
65535
65535
65535
65535
65535
65535
65535
65535
65535
65535
65535
65535
65535
65535
65535
65535
65535
65535
65535
65535
65535
65535
65535
65535
65535
65535
65535
65535
65535
65535
65535
65535
65535
65535
65535
65535
65535
65535
65535
65535
65535
65535
65535
65535
65535
65535
65535
65535
65535
65535
65535
65535
65535
65535
65535
65535
65535
65535
65535
65535
65535
65535
65535
65535
65535
65535
65535
65535
65535
65535
65535
65535
65535
65535
65535
65535
65535
65535
65535
65535
65535
65535
65535
65535
65535
65535
65535
65535
65535
65535
65535
65535
65535
65535
65535
65535
65535
65535
65535
65535
65535
65535
65535
65535
65535
65535
65535
65535
65535
65535
65535
65535
65535
65535
65535
65535
65535
65535
65535
65535
65535
65535
65535
65535
65535
65535
65535
65535
65535
65535
65535
65535
65535
65535
65535
65535
65535
65535
65535
65535
65535
65535
65535
65535
65535
65535
65535
65535
65535
65535
65535
65535
65535
65535
65535
65535
65535
65535
65535
65535
65535
65535
65535
65535
65535
65535
65535
65535
65535
65535
65535
65535
65535
65535
65535
65535
65535
65535
65535
65535
65535
65535
65535
65535
65535
65535
65535
65535
65535
65535
65535
65535
65535
65535
65535
65535
65535
65535
65535
65535
65535
65535
65535
65535
65535
65535
65535
65535
65535
65535
65535
65535
65535
65535
65535
65535
65535
65535
65535
65535
65535
65535
65535
65535
65535
65535
65535
65535
65535
65535
65535
65535
65535
65535
65535
65535
65535
65535
65535
65535
65535
65535
65535
65535
65535
65535
65535
65535
65535
65535
65535
65535
65535
65535
65535
65535
65535
65535
65535
65535
65535
65535
65535
65535
65535
65535
65535
65535
65535
65535
65535
65535
65535
65535
65535
65535
65535
65535
65535
65535
65535
65535
65535
65535
65535
65535
65535
65535
65535
65535
65535
65535
65535
65535
65535
65535
65535
65535
65535
65535
65535
65535
65535
65535
65535
65535
65535
65535
65535
65535
65535
65535
65535
65535
65535
65535
65535
65535
65535
65535
65535
65535
65535
65535
65535
65535
65535
65535
65535
65535
65535
65535
65535
65535
65535
65535
65535
65535
65535
65535
65535
65535
65535
65535
65535
65535
65535
65535
65535
65535
65535
65535
65535
65535
65535
65535
65535
65535
65535
65535
65535
65535
65535
65535
65535
65535
65535
65535
65535
65535
65535
65535
65535
65535
65535
65535
65535
65535
65535
65535
65535
65535
65535
65535
65535
65535
65535
65535
65535
65535
65535
65535
65535
65535
65535
65535
65535
65535
65535
65535
65535
65535
65535
65535
65535
65535
65535
65535
65535
65535
65535
65535
65535
65535
65535
65535
65535
65535
65535
65535
65535
65535
65535
65535
65535
65535
65535
65535
65535
65535
65535
65535
65535
65535
65535
65535
65535
65535
65535
65535
65535
65535
65535
65535
65535
65535
65535
65535
65535
65535
65535
65535
65535
65535
65535
65535
65535
65535
65535
65535
65535
65535
65535
65535
65535
65535
65535
65535
65535
65535
65535
65535
65535
65535
65535
65535
65535
65535
65535
65535
65535
65535
65535
65535
65535
65535
65535
65535
65535
65535
65535
65535
65535
65535
65535
65535
65535
65535
65535
65535
65535
65535
65535
65535
65535
65535
65535
65535
65535
65535
65535
65535
65535
65535
65535
65535
65535
65535
65535
65535
65535
65535
65535
65535
65535
65535
65535
65535
65535
65535
65535
65535
65535
65535
65535
65535
65535
65535
65535
65535
65535
65535
65535
65535
65535
65535
65535
65535
65535
65535
65535
65535
65535
65535
65535
65535
65535
65535
65535
65535
65535
65535
65535
65535
65535
65535
65535
65535
65535
65535
65535
65535
65535
65535
65535
65535
65535
65535
65535
65535
65535
65535
65535
65535
65535
65535
65535
65535
65535
65535
65535
65535
65535
65535
65535
65535
65535
65535
65535
65535
65535
65535
65535
65535
65535
65535
65535
65535
65535
65535
65535
65535
65535
65535
65535
65535
65535
65535
65535
65535
65535
65535
65535
65535
65535
65535
65535
65535
65535
65535
65535
65535
65535
65535
65535
65535
65535
65535
65535
65535
65535
65535
65535
65535
65535
65535
65535
65535
65535
65535
65535
65535
65535
65535
65535
65535
65535
65535
65535
65535
65535
65535
65535
65535
65535
65535
65535
65535
65535
65535
65535
65535
65535
65535
65535
65535
65535
65535
65535
65535
65535
65535
65535
65535
65535
65535
65535
65535
65535
65535
65535
65535
65535
65535
65535
65535
65535
65535
65535
65535
65535
65535
65535
65535
65535
65535
65535
65535
65535
65535
65535
65535
65535
65535
65535
65535
65535
65535
65535
65535
65535
65535
65535
65535
65535
65535
65535
65535
65535
65535
65535
65535
65535
65535
65535
65535
65535
65535
65535
65535
65535
65535
65535
65535
65535
65535
65535
65535
65535
65535
65535
65535
65535
65535
65535
65535
65535
65535
65535
65535
65535
65535
65535
65535
65535
65535
65535
65535
65535
65535
65535
65535
65535
65535
65535
65535
65535
65535
65535
65535
65535
65535
65535
65535
65535
65535
65535
65535
65535
65535
65535
65535
65535
65535
65535
65535
65535
65535
65535
65535
65535
65535
65535
65535
65535
65535
65535
65535
65535
65535
65535
65535
65535
65535
65535
65535
65535
65535
65535
65535
65535
65535
65535
65535
65535
65535
65535
65535
65535
65535
65535
65535
65535
65535
65535
65535
65535
65535
65535
65535
65535
65535
65535
65535
65535
65535
65535
65535
65535
65535
65535
65535
65535
65535
65535
65535
65535
65535
65535
65535
65535
65535
65535
65535
65535
65535
65535
65535
65535
65535
65535
65535
65535
65535
65535
65535
65535
65535
65535
65535
65535
65535
65535
65535
65535
65535
65535
65535
65535
65535
65535
65535
65535
65535
65535
65535
65535
65535
65535
65535
65535
65535
65535
65535
65535
65535
65535
65535
65535
65535
65535
65535
65535
65535
65535
65535
65535
65535
65535
65535
65535
65535
65535
65535
65535
65535
65535
65535
65535
65535
65535
65535
65535
65535
65535
65535
65535
65535
65535
65535
65535
65535
65535
65535
65535
65535
65535
65535
65535
65535
65535
65535
65535
65535
65535
65535
65535
65535
65535
65535
65535
65535
65535
65535
65535
65535
65535
65535
65535
65535
65535
65535
65535
65535
65535
65535
65535
65535
65535
65535
65535
65535
65535
65535
65535
65535
65535
65535
65535
65535
65535
65535
65535
65535
65535
65535
65535
65535
65535
65535
65535
65535
65535
65535
65535
65535
65535
65535
65535
65535
65535
65535
65535
65535
65535
65535
65535
65535
65535
65535
65535
65535
65535
65535
65535
65535
65535
65535
65535
65535
65535
65535
65535
65535
65535
65535
65535
65535
65535
65535
65535
65535
65535
65535
65535
65535
65535
65535
65535
65535
65535
65535
65535
65535
65535
65535
65535
65535
65535
65535
65535
65535
65535
65535
65535
65535
65535
65535
65535
65535
65535
65535
65535
65535
65535
65535
65535
65535
65535
65535
65535
65535
65535
65535
65535
65535
65535
65535
65535
65535
65535
65535
65535
65535
65535
65535
65535
65535
65535
65535
65535
65535
65535
65535
65535
65535
65535
65535
65535
65535
65535
65535
65535
65535
65535
65535
65535
65535
65535
65535
65535
65535
65535
65535
65535
65535
65535
65535
65535
65535
65535
65535
65535
65535
65535
65535
65535
65535
65535
65535
65535
65535
65535
65535
65535
65535
65535
65535
65535
65535
65535
65535
65535
65535
65535
65535
65535
65535
65535
65535
65535
65535
65535
65535
65535
65535
65535
65535
65535
65535
65535
65535
65535
65535
65535
65535
65535
65535
65535
65535
65535
65535
65535
65535
65535
65535
65535
65535
65535
65535
65535
65535
65535
65535
65535
65535
65535
65535
65535
65535
65535
65535
65535
65535
65535
65535
65535
65535
65535
65535
65535
65535
65535
65535
65535
65535
65535
65535
65535
65535
65535
65535
65535
65535
65535
65535
65535
65535
65535
65535
65535
65535
65535
65535
65535
65535
65535
65535
65535
65535
65535
65535
65535
65535
65535
65535
65535
65535
65535
65535
65535
65535
65535
65535
65535
65535
65535
65535
65535
65535
65535
65535
65535
65535
65535
65535
65535
65535
65535
65535
65535
65535
65535
65535
65535
65535
65535
65535
65535
65535
65535
65535
65535
65535
65535
65535
65535
65535
65535
65535
65535
65535
65535
65535
65535
65535
65535
65535
65535
65535
65535
65535
65535
65535
65535
65535
65535
65535
65535
65535
65535
65535
65535
65535
65535
65535
65535
65535
65535
65535
65535
65535
65535
65535
65535
65535
65535
65535
65535
65535
65535
65535
65535
65535
65535
65535
65535
65535
65535
65535
65535
65535
65535
65535
65535
65535
65535
65535
65535
65535
65535
65535
65535
65535
65535
65535
65535
65535
65535
65535
65535
65535
65535
65535
65535
65535
65535
65535
65535
65535
65535
65535
65535
65535
65535
65535
65535
65535
65535
65535
65535
65535
65535
65535
65535
65535
65535
65535
65535
65535
65535
65535
65535
65535
65535
65535
65535
65535
65535
65535
65535
65535
65535
65535
65535
65535
65535
65535
65535
65535
65535
65535
65535
65535
65535
65535
65535
65535
65535
65535
65535
65535
65535
65535
65535
65535
65535
65535
65535
65535
65535
65535
65535
65535
65535
65535
65535
65535
65535
65535
65535
65535
65535
65535
65535
65535
65535
65535
65535
65535
65535
65535
65535
65535
65535
65535
65535
65535
65535
65535
65535
65535
65535
65535
65535
65535
65535
65535
65535
65535
65535
65535
65535
65535
65535
65535
65535
65535
65535
65535
65535
65535
65535
65535
65535
65535
65535
65535
65535
65535
65535
65535
65535
65535
65535
65535
65535
65535
65535
65535
65535
65535
65535
65535
65535
65535
65535
65535
65535
65535
65535
65535
65535
65535
65535
65535
65535
65535
65535
65535
65535
65535
65535
65535
65535
65535
65535
65535
65535
65535
65535
65535
65535
65535
65535
65535
65535
65535
65535
65535
65535
65535
65535
65535
65535
65535
65535
65535
65535
65535
65535
65535
65535
65535
65535
65535
65535
65535
65535
65535
65535
65535
65535
65535
65535
65535
65535
65535
65535
65535
65535
65535
65535
65535
65535
65535
65535
65535
65535
65535
65535
65535
65535
65535
65535
65535
65535
65535
65535
65535
65535
65535
65535
65535
65535
65535
65535
65535
65535
65535
65535
65535
65535
65535
65535
65535
65535
65535
65535
65535
65535
65535
65535
65535
65535
65535
65535
65535
65535
65535
65535
65535
65535
65535
65535
65535
65535
65535
65535
65535
65535
65535
65535
65535
65535
65535
65535
65535
65535
65535
65535
65535
65535
65535
65535
65535
65535
65535
65535
65535
65535
65535
65535
65535
65535
65535
65535
65535
65535
65535
65535
65535
65535
65535
65535
65535
65535
65535
65535
65535
65535
65535
65535
65535
65535
65535
65535
65535
65535
65535
65535
65535
65535
65535
65535
65535
65535
65535
65535
65535
65535
65535
65535
65535
65535
65535
65535
65535
65535
65535
65535
65535
65535
65535
65535
65535
65535
65535
65535
65535
65535
65535
65535
65535
65535
65535
65535
65535
65535
65535
65535
65535
65535
65535
65535
65535
65535
65535
65535
65535
65535
65535
65535
65535
65535
65535
65535
65535
65535
65535
65535
65535
65535
65535
65535
65535
65535
65535
65535
65535
65535
65535
65535
65535
65535
65535
65535
65535
65535
65535
65535
65535
65535
65535
65535
65535
65535
65535
65535
65535
65535
65535
65535
65535
65535
65535
65535
65535
65535
65535
65535
65535
65535
65535
65535
65535
65535
65535
65535
65535
65535
65535
65535
65535
65535
65535
65535
65535
65535
65535
65535
65535
65535
65535
65535
65535
65535
65535
65535
65535
65535
65535
65535
65535
65535
65535
65535
65535
65535
65535
65535
65535
65535
65535
65535
65535
65535
65535
65535
65535
65535
65535
65535
65535
65535
65535
65535
65535
65535
65535
65535
65535
65535
65535
65535
65535
65535
65535
65535
65535
65535
65535
65535
65535
65535
65535
65535
65535
65535
65535
65535
65535
65535
65535
65535
65535
65535
65535
65535
65535
65535
65535
65535
65535
65535
65535
65535
65535
65535
65535
65535
65535
65535
65535
65535
65535
65535
65535
65535
65535
65535
65535
65535
65535
65535
65535
65535
65535
65535
65535
65535
65535
65535
65535
65535
65535
65535
65535
65535
65535
65535
65535
65535
65535
65535
65535
65535
65535
65535
65535
65535
65535
65535
65535
65535
65535
65535
65535
65535
65535
65535
65535
65535
65535
65535
65535
65535
65535
65535
65535
65535
65535
65535
65535
65535
65535
65535
65535
65535
65535
65535
65535
65535
65535
65535
65535
65535
65535
65535
65535
65535
65535
65535
65535
65535
65535
65535
65535
65535
65535
65535
65535
65535
65535
65535
65535
65535
65535
65535
65535
65535
65535
65535
65535
65535
65535
65535
65535
65535