34196
40414
46631
27727
61923
27475
14788
33440
2101
36297
11175
51589
42010
32432
19745
60159
56798
34785
15880
9411
65368
21342
24198
45708
23694
4790
45204
51169
63352
13108
6638
9495
37222
61840
20922
61084
38819
63437
31845
6471
49741
65033
48985
17394
57556
29073
3699
31425
43608
33778
52179
11261
4539
10253
15966
62345
52515
23780
29494
32098
28485
27981
43021
32939
26217
35039
53188
12270
30419
45458
60498
50668
9498
5885
20925
39073
38569
38065
34452
18404
21009
36049
32436
50585
12523
65120
52181
42099
47812
22186
49661
64701
45292
7231
22270
49745
24119
32941
63525
59912
40503
17986
20591
19835
47309
46553
42941
61089
35463
34707
65290
27229
7821
16391
12778
2696
20592
63611
62855
3032
33616
57982
23029
44286
37313
11687
51596
4209
62771
65376
39750
42103
60251
37734
2781
58235
41935
6983
46892
21266
17401
63529
22359
2950
11772
55043
23199
38239
62605
30761
55127
54623
13453
59581
27737
45886
39164
57313
9925
40509
5556
29922
38744
41349
62606
43198
2028
54373
3876
59330
11943
48744
7574
41266
3205
49332
1693
4297
47316
34125
58491
54878
13708
22530
34461
43283
17657
1357
7071
56307
8919
36394
32781
57147
3542
56139
24296
7996
57232
22279
14
33706
17407
16650
47234
2955
30430
64122
16735
34883
43706
61854
30010
20180
41437
25137
49504
36564
10938
7325
37909
46731
36649
4805
41858
3797
28163
27659
33120
63704
10099
12704
21526
5478
17409
29340
9931
24971
40011
14385
20098
4050
19090
40347
46061
51774
54127
12957
46649
55472
14302
10689
22620
6572
52951
49338
58161
48330
38500
31778
21696
36736
36232
54380
53876
56481
18420
5481
8085
29343
13295
56313
34048
33544
51692
38753
63119
15732
15228
17833
20437
60599
19429
59591
15564
36822
11447
20270
60179
19262
105
12036
42871
8171
63877
54046
19346
18842
5903
5399
14221
16826
13213
15818
21531
24136
20523
26236
13297
19011
30942
21111
51695
54300
60013
59509
33883
64719
11114
51275
6997
56485
43546
36824
36320
23381
60434
50604
56317
58922
55309
14391
42118
38505
53545
28171
52789
46067
33128
17080
38338
28507
3133
52621
27247
39178
29348
13300
6578
46740
33801
23971
11032
7419
16241
3302
5907
64721
4899
26408
51026
50522
6495
2882
52370
58084
54471
47750
41028
46741
40020
5319
51699
13638
50691
37752
40356
58505
45566
35735
63210
53380
49767
36828
42541
1371
53968
59682
43634
55565
14395
23217
7169
50440
56153
27671
20949
48424
1288
47668
3641
56238
55734
11455
32964
1373
35317
3725
12548
55818
45988
4818
1205
3810
28428
34141
30529
30025
38847
47669
281
37335
55483
20783
57836
44897
38175
19018
2971
55568
27085
61029
32546
50695
59517
40360
55400
42461
51283
38344
22296
40445
27506
23893
32967
41789
22633
15911
30951
39773
4821
60526
704
31539
27926
42966
30027
29523
38345
22297
12467
65064
64560
38934
29103
53721
34565
49605
49101
61284
60779
63384
41119
12636
33893
17845
45572
38851
13476
47169
37338
27508
27004
32717
3983
9696
18518
2470
48850
29693
41876
53807
53303
37255
61621
54900
60613
57000
44061
28013
46162
45658
45154
19780
6841
6337
12050
23981
48347
60278
22469
37509
21209
8270
60866
63471
3649
34232
33728
30115
23394
7346
37929
46752
18269
14656
20369
32552
13396
22218
18605
14992
2053
7767
19698
34738
34233
61960
45912
45408
48013
9952
6339
62045
14657
4827
51206
41376
53307
37259
18102
1803
48182
10121
59609
65322
61710
4996
20036
13314
19027
43393
5332
64147
10542
19364
3316
9030
33396
42470
41966
25666
28271
58854
14575
20289
19785
3737
56334
40034
27095
29700
57174
461
27935
55410
48689
38858
57007
62720
55999
61712
36086
35582
9956
46757
5587
14409
4579
13401
12897
65242
33398
32894
35499
13233
12729
6008
8612
23652
35583
19283
49867
40037
42641
39028
44742
50455
3068
8781
17604
54405
28778
59110
36593
26762
57346
13067
21889
27603
61295
29451
6934
40626
49449
55162
29536
4162
31636
49785
14833
45668
4498
25755
56339
65161
45753
42140
63397
40880
18614
30545
26932
60625
41216
9372
46173
1895
29370
3743
43653
11809
36176
63650
28698
37520
46342
26934
4416
31891
59366
49536
45923
60710
63315
59702
24750
11559
7694
720
43739
24330
14500
38866
25675
49
33741
51889
7611
7107
6351
21390
45756
29457
16265
62393
37019
20719
10636
9880
56008
8620
1899
38700
25509
15426
52227
11057
57185
19123
37272
2319
39121
51052
16099
65335
36600
20300
13579
9714
52733
42650
17024
976
31560
65252
48952
1565
16604
12740
52649
27023
1397
3750
46768
39795
17277
22739
3330
15009
20471
13497
34754
24924
61725
5011
41812
28621
65422
48870
7448
47106
27697
64499
35764
38368
31143
55509
42318
44670
59710
58954
14423
16776
59794
18624
52317
63996
44587
43831
43327
45680
1401
47528
40555
46268
5098
41899
44252
27952
39883
39127
13501
25180
58620
10980
7116
40808
8964
1991
60553
50471
49463
48707
23080
16107
27786
61478
13839
59966
46775
55345
48623
984
28459
27703
17620
41734
312
49296
26779
44675
40811
33837
29972
41651
28208
15017
11152
10396
31401
36863
1658
4011
46777
42912
29721
3843
24848
2331
54676
22832
37620
64843
29890
19808
62574
49131
42158
16279
21741
14767
41990
44091
65096
45687
22918
19053
2753
64424
51233
59803
24599
45604
60392
28296
52410
57872
50898
18802
55351
23256
56696
12165
17627
16871
31658
33759
20316
3764
8973
26870
41657
34432
15023
4689
38129
49556
14352
50901
40566
20906
20149
16033
59051
5194
19982
40987
2674
23679
50902
47037
52246
17042
47373
62161
51827
44853
70
61490
26285
53508
2760
39309
44518
18388
33176
10406
12507
64852
1416
408
65188
48888
50989
56450
8811
51577
50821
12256
33009
47545
18558
11332
13433
65526
33430
14021
25700
12257
27045
38472
3267
18055
60822
25617
9317
61410
60654
34524
5537
48304
59478
48892
7218
65528
45616
22846
56287
55278
1169
15957
46289
1506
47381
24612
4951
13269
2935
1927
44693
28141
58473
19908
34695
21252
60910
35032
15371
45451
56878
15204
17304
59819
8818
23354
3693
55786
54778
59988
58980
7979
53855
46629
45621
28817
52679
51671
7140
12601
42933
38816
22264
21256
32683
6553
46211
4789
56881
12099
39321
38313
12183
61167
50833
2941
14368
38230
43440
57975
22519
46381
7815
34786
62009
17478
10253
37223
48650
41425
52852
26973
10169
34283
42602
928
59238
2020
16556
21765
1853
38402
59155
36133
53778
24539
45292
3618
24371
13785
18994
30421
7400
15718
17566
53863
2863
39412
1099
15635
33279
57141
43446
7737
9586
17652
60419
52941
11267
19333
65209
26643
513
24375
48237
31433
49078
44961
43953
30257
38576
62438
58069
9925
58657
4296
9505
26898
47651
12195
14043
3457
33536
19841
37486
64456
29000
43536
39419
3962
65129
57652
28413
20935
57232
34211
30094
22868
9425
42613
13374
5896
54629
53368
49000
47739
27827
4805
19341
52529
35725
62444
64545
25979
21862
36398
53791
43204
48162
28501
58580
29089
24720
14134
50431
58749
7749
37576
42786
7329
28083
1952
22706
15228
57742
31612
49005
35309
37158
1702
22203
20943
57240
21531
35815
106
14390
6912
40101
20188
28506
11954
47999
40773
5065
35144
21449
60855
15820
45648
13300
61780
1201
3050
4899
38087
21283
16914
62537
61277
19351
18091
1287
24897
61194
25738
52708
57918
50440
30527
19689
34225
39182
3725
40022
60524
31033
11120
31621
58340
22631
15154
13894
15742
36495
3896
11962
57585
3224
48847
47587
27422
38345
18433
35825
40782
5074
60023
27424
16837
18686
14065
41036
58680
19863
34147
17343
62714
42801
47759
46498
13899
59270
11126
6757
55490
23142
12555
14656
57171
49693
20454
9868
27260
44652
5835
63641
24572
57508
46922
33227
50871
43141
23229
56417
11130
40958
33480
35329
34069
29700
209
14492
60116
61964
51378
19030
58184
13149
2311
38356
65326
63814
56084
26593
50203
8277
13235
24410
38693
128
27099
3825
33653
57263
56003
11220
53734
27352
38527
43484
26428
12481
20547
31722
64658
57181
37268
32899
18952
14079
47015
39286
13155
5678
32396
6014
35842
28112
54579
34414
48698
16098
33490
38448
62058
7697
47102
55168
13242
64831
63571
2992
23494
31560
29796
62732
55254
50633
33577
4086
5683
41728
27781
60717
9213
54584
3331
26941
37864
21060
4004
58954
4593
49712
54670
6274
55006
16189
27112
44252
17870
41480
49294
47782
30726
41901
28205
51815
59881
33751
29130
56101
64167
56438
36525
53665
49296
32240
15184
26107
15269
41736
34006
17202
59464
45769
38040
5440
25941
2667
20060
59466
11070
21993
1828
25438
33252
44427
8719
54090
5946
20230
28296
51906
15946
23760
21996
45353
15862
42329
6621
58461
22753
52328
4185
15108
32500
21662
1497
6202
54430
9143
23175
28132
41912
43761
14018
40736
23680
34855
8473
13178
5449
53929
39730
35109
61827
23010
24607
63760
3182
36118
43932
64181
9568
20491
326
27045
28642
30238
53848
36540
16375
11755
38725
46791
64184
44019
8311
53682
61496
50658
8479
44272
20999
63261
49314
19823
15202
17051
21756
63767
21589
16716
49400
1256
9071
60659
49821
45452
25287
8231
13189
21255
4199
21591
4535
62342
4620
40413
38901
62511
48563
18820
57974
37809
11175
59655
20838
53522
30248
3614
55203
25712
49322
32266
61841
54112
65035
26217
46466
54533
46803
42182
3365
30083
28823
5550
60247
52518
41679
18406
57560
21599
51426
56132
54872
59577
45630
25465
52184
10258
40085
4125
61931
16644
46472
60503
62352
54622
44036
33197
25468
33282
22443
14714
28745
2111
851
2195
60002
14715
41434
8834
54205
46475
937
55634
16565
8835
19758
18246
41604
43200
19927
52863
10937
43873
33035
183
57737
56477
1864
16148
58158
62864
17829
6990
39927
1109
65133
47825
12117
63705
31106
20267
62530
11277
34887
11614
31863
33460
63035
20857
4053
8758
25899
30604
29344
34049
10776
9264
1534
40688
36067
9685
45730
41361
24305
38336
43042
23129
27834
54553
3301
13972
34221
20274
59427
26576
21703
17334
31617
36575
35063
58421
54052
2799
51279
33971
63799
28090
23217
49684
7758
12463
20277
21874
4818
3558
8263
59852
52122
53971
5827
48090
9021
54392
24649
35824
24985
26582
19104
42462
62963
20785
59939
55318
16249
5410
57251
30869
4487
9192
1462
43725
32886
50027
39188
44146
20620
22469
46079
47928
21545
29359
15160
7682
43727
14236
62717
26756
25244
17766
10036
24068
44569
33731
63306
24489
13651
27934
60870
40706
20541
376
42891
41631
49697
35750
3402
33229
19534
36927
4075
27685
17098
31130
7856
9705
48859
19368
46087
16596
55749
16932
12563
64152
59783
8279
57011
52390
22899
18278
20126
6431
45585
7020
46426
20043
37436
45754
10045
2568
60626
25170
5257
47771
18532
57938
41134
48948
10131
5762
35590
28112
20634
56931
46345
29289
65334
38952
34583
11309
3832
46094
19964
46935
48783
13075
12067
60799
19125
5430
22570
39962
32485
53238
14673
4086
37275
48702
47441
33746
1398
47022
27109
35175
5936
48451
16103
55509
51392
37697
2240
980
9298
64248
28791
39966
23162
12828
14677
63409
62401
23835
19466
21819
58116
53999
34339
29970
38288
21484
60890
28290
45934
13587
37449
17536
60050
65260
51565
25434
8630
7622
31232
27115
985
18630
30057
19722
52910
39215
37955
2499
23252
12665
30310
4432
18967
64843
54256
21909
42662
56945
65264
14263
568
43083
13844
25271
52241
57451
21994
24095
60392
6283
11240
31742
27625
26617
50731
49722
4688
62998
49555
51655
37960
40061
29727
19392
43254
14015
12755
64848
32500
152
14688
23006
28216
33173
16369
18470
11244
658
15193
42164
59809
27461
7548
34519
17715
63338
40569
39561
63423
34436
30067
38385
40234
33008
63088
46284
39058
16037
65021
14020
59644
42840
10492
3014
58216
35194
27969
14526
47714
24692
54772
38220
21416
45278
41161
52336
41750
46707
45447
47296
39818
23014
37298
33181
19486
8899
23435
47297
30493
63429
18646
64522
29065
55784
36123
22428
43181
63934
50239
23857
38141
46459
54525
43687
26883
25622
55450
48224
28564
55534
26295
34362
35958
15793
23860
63265
27809
29657
31506
20920
48142
44026
21004
63519
65367
45455
59738
39574
3865
49488
13780
56294
48817
13360
27644
20166
15797
33442
19747
21595
26553
50415
55372
19663
46634
10926
50079
27058
28907
14959
54113
27731
29579
46972
33025
62852
27144
4122
37310
17398
16138
61257
13113
33614
10341
46638
51595
15887
23701
50672
18072
63695
59326
36053
41010
42607
19333
55378
4126
24627
26224
2950
32778
25048
20679
53615
58321
50843
33787
32275
55885
48407
62439
58070
44123
49080
28915
58239
22530
64793
41519
49334
57148
36983
19927
62189
45134
21608
10770
27910
4636
18920
4973
53453
36397
16232
58495
16317
33457
9932
8419
3799
24300
54127
12201
29594
21864
42113
50179
32871
3380
1616
104
39258
34637
8254
10103
27243
31697
1954
37747
4643
43797
26741
6324
26573
43713
54636
31111
35816
2964
45227
43715
42203
18929
29852
361
1958
25315
64469
56488
17670
25484
14646
3555
64218
28258
23385
21873
20109
65480
35989
49769
48256
9187
35654
9019
13473
15069
63297
33554
703
14734
53636
42545
43890
23473
46579
60359
61955
44647
24231
53806
17846
41203
11460
47001
54815
59269
23308
55740
41541
55573
6925
36753
29023
64564
53725
5078
6422
23563
28016
14069
65406
16758
46081
22304
1887
43646
7433
14995
63223
39446
28355
26591
59023
51041
64821
53479
1722
31046
54151
20796
56337
10546
39869
9622
23402
30460
9791
48441
59111
35334
11556
37771
38864
11977
25757
5088
3324
19960
39705
28363
51217
17861
28280
23155
14921
53571
57772
40212
41305
61302
18620
29038
30383
37945
10807
18369
32148
2153
37946
39291
12657
26184
36855
31730
26605
12154
57273
5265
3248
57190
52065
34253
32237
20894
28456
1570
36859
15938
57444
58537
3420
41818
52236
37785
29551
33249
52994
44760
45600
12245
31738
26361
61650
62490
13590
5105
21237
13003
20061
14684
18886
16617
39471
3007
16534
42497
55772
62830
13679
45859
56026
56866
39054
17629
2674
154
13429
5196
2675
37964
51240
42754
53173
7130
45024
8559
9399
13349
57712
20995
34271
22676
26878
55697
40742
26038
26627
5454
40743
918
20159
45869
43349
25285
13438
64271
58894
49904
10079
7811
45704
61836
65534
32178
7896
20920
5964
43858
22685
45035
61167
30668
12604
10084
54447
26805
55372
5968
46971
56633
26134
48736
21346
6138
22523
13533
23448
39832
62434
53444
44706
26390
17400
64620
5638
9083
34542
32022
23032
4716
61514
46559
12447
53449
47568
57735
57819
20851
33622
49754
40513
44462
10854
58074
21105
2789
15561
56563
4051
57488
29594
17495
30267
8842
56062
37745
777
29344
14137
48922
14810
18255
65475
275
16156
41362
45059
23382
39263
33130
20779
24224
33887
58842
5825
21705
18681
28092
12884
19186
7088
63382
13474
63299
19860
20449
29860
5074
33137
8100
36163
4908
48263
26586
38853
17176
35913
23563
45409
63894
54148
47763
16255
31884
62804
18861
41
21635
9284
56000
15167
27434
21049
61295
4666
63565
19371
34999
18783
6433
3156
21641
62140
5510
8451
64494
8116
57689
16855
640
44247
3414
52986
21479
49038
48870
17111
13331
59795
9635
6106
36774
5267
17535
36020
63579
35180
9891
56103
33670
5019
54592
819
25522
53333
52661
49133
64257
57116
62662
9393
21156
38885
54010
28720
34518
65186
64514
38972
62667
52669
61828
64013
19566
43765
64854
64435
48219
25786
9319
42844
57464
25452
37468
2096
44695
55954
45704
45033
43857
30246
13527
40582
8318
13612
43776
5295
35459
43862
52265
54450
3786
14793
13617
65291
1940
19921
344
2782
60420
15722
2111
22949
50004
2197
22530
12029
60593
19003
36228
31944
11863
41523
58748
51355
47071
11446
4053
46148
47829
8844
16743
52872
7670
40439
13889
18678
35903
18428
10026
40190
23219
46409
26581
15827
11290
34733
51453
49774
26081
12218
23225
59103
32301
8608
47342
63558
2056
34573
29532
21635
32390
49111
12731
4834
61968
41384
17691
49955
13575
30044
21895
51303
58445
31391
54329
48785
18370
62818
17615
18540
35009
17533
49294
28710
45430
11907
34341
56776
38544
14095
15020
9475
19222
19895
52412
43254
37458
41239
29225
51912
24102
34101
59392
56200
25281
47715
20157
1674
61161
2263
11759
55450
46293
24700
49991
15964
41003
47389
44701
60666
45291
63608
19751
25885
4040
50841
60084
682
10177
28747
34629
46729
21524
18332
58411
39675
64462
36652
30099
64464
39007
38420
44302
62620
30693
21031
61362
42374
44896
15826
31538
14399
60695
286
21460
58178
10203
12220
45326
63391
28355
55495
63982
41381
46760
32981
63482
9542
33068
63065
24668
51304
21730
49121
19547
49039
38370
18374
35431
14679
3758
14850
819
15020
28968
61317
47035
38718
55775
16119
39645
40907
11585
21668
56874
20830
52927
41502
1593
2351
18400
22518
54615
17815
12607
15969
47814
33027
33533
24712
25217
45131
29337
35807
14551
27492
46650
55725
33965
52619
37077
65057
52623
46911
33721
5743
42798
36329
30365
7345
16169
8944
54821
51461
31298
64739
24075
47686
55753
24415
20299
63571
28116
38788
43495
51310
18964
11488
22412
5105
47873
36784
35525
21075
659
27379
494
20241
11756
6380
41671
21003
65368
9748
56717
57307
39244
39329
18158
2952
46812
58829
37405
49170
30351
58164
51780
38927
50943
16076
53215
24566
48010
34904
39947
11550
57511
25249
5674
57853
32060
17947
25595
2155
22238
24424
16276
20059
26951
49890
57286
33594
50064
41664
13856
45365
15456
47470
56966
40837
9415
46638
20426
64119
9928
9090
45305
62616
46234
1117
58842
55147
40614
33054
43391
35076
42556
8362
48779
61972
46935
4171
561
63243
32158
44091
2672
41828
9483
8981
48390
6214
22853
64866
26051
27147
60085
54963
64124
35728
32959
48085
785
33304
26921
10457
60032
62219
13659
42565
21227
41059
25687
4349
14603
42753
17550
57884
34782
55202
26135
31011
47819
41858
24721
22624
20275
1375
47254
59441
28105
63398
49958
60381
22408
6448
67
43426
51581
42595
36298
50418
14293
48662
36148
22878
60607
39859
18607
65244
8283
21564
43582
45688
51743
14275
13861
11346
28576
30010
39006
4984
4402
6676
39030
6101
31481
64424
18135
18478
45036
37397
56477
25816
38175
35578
7606
64076
6362
15528
50405
14285
62689
10857
30023
24655
58945
37613
37287
37045
31678
23455
55478
31039
28698
34675
35023
57216
5052
26322
27427
1731
56190
29318
20175
38758
57763
27867
24271
57813
42706
20039
34762
51165
23963
23312
6445
8736
49089
42727
13680
20258
64478
28122
14201
23552
14671
10915
63789
33649
2080
60664
61441
63224
45850
3268
62433
40432
65314
3316
14331
56181
56103
41320
30485
40991
41246
5371
60322
17556
33521
25876
41504
20331
53268
36464
20164
22768
47386
44026
3360
25121
40665
49991
56209
62426
65535
65535
65535
65535
65535
65535
65535
65535
65535
65535
65535
65535
65535
65535
65535
65535
65535
65535
65535
65535
65535
65535
65535
65535
65535
65535
65535
65535
65535
65535
65535
65535
65535
65535
65535
65535
65535
65535
65535
65535
65535
65535
65535
65535
65535
65535
65535
65535
65535
65535
65535
65535
65535
65535
65535
65535
65535
65535
65535
65535
65535
65535
65535
65535
65535
65535
65535
65535
65535
65535
65535
65535
65535
65535
65535
65535
65535
65535
65535
65535
65535
65535
65535
65535
65535
65535
65535
65535
65535
65535
65535
65535
65535
65535
65535
65535
65535
65535
65535
65535
65535
65535
65535
65535
65535
65535
65535
65535
65535
65535
65535
65535
65535
65535
65535
65535
65535
65535
65535
65535
65535
65535
65535
65535
65535
65535
65535
65535
65535
65535
65535
65535
65535
65535
65535
65535
65535
65535
65535
65535
65535
65535
65535
65535
65535
65535
65535
65535
65535
65535
65535
65535
65535
65535
65535
65535
65535
65535
65535
65535
65535
65535
65535
65535
65535
65535
65535
65535
65535
65535
65535
65535
65535
65535
65535
65535
65535
65535
65535
65535
65535
65535
65535
65535
65535
65535
65535
65535
65535
65535
65535
65535
65535
65535
65535
65535
65535
65535
65535
65535
65535
65535
65535
65535
65535
65535
65535
65535
65535
65535
65535
65535
65535
65535
65535
65535
65535
65535
65535
65535
65535
65535
65535
65535
65535
65535
65535
65535
65535
65535
65535
65535
65535
65535
65535
65535
65535
65535
65535
65535
65535
65535
65535
65535
65535
65535
65535
65535
65535
65535
65535
65535
65535
65535
65535
65535
65535
65535
65535
65535
65535
65535
65535
65535
65535
65535
65535
65535
65535
65535
65535
65535
65535
65535
65535
65535
65535
65535
65535
65535
65535
65535
65535
65535
65535
65535
65535
65535
65535
65535
65535
65535
65535
65535
65535
65535
65535
65535
65535
65535
65535
65535
65535
65535
65535
65535
65535
65535
65535
65535
65535
65535
65535
65535
65535
65535
65535
65535
65535
65535
65535
65535
65535
65535
65535
65535
65535
65535
65535
65535
65535
65535
65535
65535
65535
65535
65535
65535
65535
65535
65535
65535
65535
65535
65535
65535
65535
65535
65535
65535
65535
65535
65535
65535
65535
65535
65535
65535
65535
65535
65535
65535
65535
65535
65535
65535
65535
65535
65535
65535
65535
65535
65535
65535
65535
65535
65535
65535
65535
65535
65535
65535
65535
65535
65535
65535
65535
65535
65535
65535
65535
65535
65535
65535
65535
65535
65535
65535
65535
65535
65535
65535
65535
65535
65535
65535
65535
65535
65535
65535
65535
65535
65535
65535
65535
65535
65535
65535
65535
65535
65535
65535
65535
65535
65535
65535
65535
65535
65535
65535
65535
65535
65535
65535
65535
65535
65535
65535
65535
65535
65535
65535
65535
65535
65535
65535
65535
65535
65535
65535
65535
65535
65535
65535
65535
65535
65535
65535
65535
65535
65535
65535
65535
65535
65535
65535
65535
65535
65535
65535
65535
65535
65535
65535
65535
65535
65535
65535
65535
65535
65535
65535
65535
65535
65535
65535
65535
65535
65535
65535
65535
65535
65535
65535
65535
65535
65535
65535
65535
65535
65535
65535
65535
65535
65535
65535
65535
65535
65535
65535
65535
65535
65535
65535
65535
65535
65535
65535
65535
65535
65535
65535
65535
65535
65535
65535
65535
65535
65535
65535
65535
65535
65535
65535
65535
65535
65535
65535
65535
65535
65535
65535
65535
65535
65535
65535
65535
65535
65535
65535
65535
65535
65535
65535
65535
65535
65535
65535
65535
65535
65535
65535
65535
65535
65535
65535
65535
65535
65535
65535
65535
65535
65535
65535
65535
65535
65535
65535
65535
65535
65535
65535
65535
65535
65535
65535
65535
65535
65535
65535
65535
65535
65535
65535
65535
65535
65535
65535
65535
65535
65535
65535
65535
65535
65535
65535
65535
65535
65535
65535
65535
65535
65535
65535
65535
65535
65535
65535
65535
65535
65535
65535
65535
65535
65535
65535
65535
65535
65535
65535
65535
65535
65535
65535
65535
65535
65535
65535
65535
65535
65535
65535
65535
65535
65535
65535
65535
65535
65535
65535
65535
65535
65535
65535
65535
65535
65535
65535
65535
65535
65535
65535
65535
65535
65535
65535
65535
65535
65535
65535
65535
65535
65535
65535
65535
65535
65535
65535
65535
65535
65535
65535
65535
65535
65535
65535
65535
65535
65535
65535
65535
65535
65535
65535
65535
65535
65535
65535
65535
65535
65535
65535
65535
65535
65535
65535
65535
65535
65535
65535
65535
65535
65535
65535
65535
65535
65535
65535
65535
65535
65535
65535
65535
65535
65535
65535
65535
65535
65535
65535
65535
65535
65535
65535
65535
65535
65535
65535
65535
65535
65535
65535
65535
65535
65535
65535
65535
65535
65535
65535
65535
65535
65535
65535
65535
65535
65535
65535
65535
65535
65535
65535
65535
65535
65535
65535
65535
65535
65535
65535
65535
65535
65535
65535
65535
65535
65535
65535
65535
65535
65535
65535
65535
65535
65535
65535
65535
65535
65535
65535
65535
65535
65535
65535
65535
65535
65535
65535
65535
65535
65535
65535
65535
65535
65535
65535
65535
65535
65535
65535
65535
65535
65535
65535
65535
65535
65535
65535
65535
65535
65535
65535
65535
65535
65535
65535
65535
65535
65535
65535
65535
65535
65535
65535
65535
65535
65535
65535
65535
65535
65535
65535
65535
65535
65535
65535
65535
65535
65535
65535
65535
65535
65535
65535
65535
65535
65535
65535
65535
65535
65535
65535
65535
65535
65535
65535
65535
65535
65535
65535
65535
65535
65535
65535
65535
65535
65535
65535
65535
65535
65535
65535
65535
65535
65535
65535
65535
65535
65535
65535
65535
65535
65535
65535
65535
65535
65535
65535
65535
65535
65535
65535
65535
65535
65535
65535
65535
65535
65535
65535
65535
65535
65535
65535
65535
65535
65535
65535
65535
65535
65535
65535
65535
65535
65535
65535
65535
65535
65535
65535
65535
65535
65535
65535
65535
65535
65535
65535
65535
65535
65535
65535
65535
65535
65535
65535
65535
65535
65535
65535
65535
65535
65535
65535
65535
65535
65535
65535
65535
65535
65535
65535
65535
65535
65535
65535
65535
65535
65535
65535
65535
65535
65535
65535
65535
65535
65535
65535
65535
65535
65535
65535
65535
65535
65535
65535
65535
65535
65535
65535
65535
65535
65535
65535
65535
65535
65535
65535
65535
65535
65535
65535
65535
65535
65535
65535
65535
65535
65535
65535
65535
65535
65535
65535
65535
65535
65535
65535
65535
65535
65535
65535
65535
65535
65535
65535
65535
65535
65535
65535
65535
65535
65535
65535
65535
65535
65535
65535
65535
65535
65535
65535
65535
65535
65535
65535
65535
65535
65535
65535
65535
65535
65535
65535
65535
65535
65535
65535
65535
65535
65535
65535
65535
65535
65535
65535
65535
65535
65535
65535
65535
65535
65535
65535
65535
65535
65535
65535
65535
65535
65535
65535
65535
65535
65535
65535
65535
65535
65535
65535
65535
65535
65535
65535
65535
65535
65535
65535
65535
65535
65535
65535
65535
65535
65535
65535
65535
65535
65535
65535
65535
65535
65535
65535
65535
65535
65535
65535
65535
65535
65535
65535
65535
65535
65535
65535
65535
65535
65535
65535
65535
65535
65535
65535
65535
65535
65535
65535
65535
65535
65535
65535
65535
65535
65535
65535
65535
65535
65535
65535
65535
65535
65535
65535
65535
65535
65535
65535
65535
65535
65535
65535
65535
65535
65535
65535
65535
65535
65535
65535
65535
65535
65535
65535
65535
65535
65535
65535
65535
65535
65535
65535
65535
65535
65535
65535
65535
65535
65535
65535
65535
65535
65535
65535
65535
65535
65535
65535
65535
65535
65535
65535
65535
65535
65535
65535
65535
65535
65535
65535
65535
65535
65535
65535
65535
65535
65535
65535
65535
65535
65535
65535
65535
65535
65535
65535
65535
65535
65535
65535
65535
65535
65535
65535
65535
65535
65535
65535
65535
65535
65535
65535
65535
65535
65535
65535
65535
65535
65535
65535
65535
65535
65535
65535
65535
65535
65535
65535
65535
65535
65535
65535
65535
65535
65535
65535
65535
65535
65535
65535
65535
65535
65535
65535
65535
65535
65535
65535
65535
65535
65535
65535
65535
65535
65535
65535
65535
65535
65535
65535
65535
65535
65535
65535
65535
65535
65535
65535
65535
65535
65535
65535
65535
65535
65535
65535
65535
65535
65535
65535
65535
65535
65535
65535
65535
65535
65535
65535
65535
65535
65535
65535
65535
65535
65535
65535
65535
65535
65535
65535
65535
65535
65535
65535
65535
65535
65535
65535
65535
65535
65535
65535
65535
65535
65535
65535
65535
65535
65535
65535
65535
65535
65535
65535
65535
65535
65535
65535
65535
65535
65535
65535
65535
65535
65535
65535
65535
65535
65535
65535
65535
65535
65535
65535
65535
65535
65535
65535
65535
65535
65535
65535
65535
65535
65535
65535
65535
65535
65535
65535
65535
65535
65535
65535
65535
65535
65535
65535
65535
65535
65535
65535
65535
65535
65535
65535
65535
65535
65535
65535
65535
65535
65535
65535
65535
65535
65535
65535
65535
65535
65535
65535
65535
65535
65535
65535
65535
65535
65535
65535
65535
65535
65535
65535
65535
65535
65535
65535
65535
65535
65535
65535
65535
65535
65535
65535
65535
65535
65535
65535
65535
65535
65535
65535
65535
65535
65535
65535
65535
65535
65535
65535
65535
65535
65535
65535
65535
65535
65535
65535
65535
65535
65535
65535
65535
65535
65535
65535
65535
65535
65535
65535
65535
65535
65535
65535
65535
65535
65535
65535
65535
65535
65535
65535
65535
65535
65535
65535
65535
65535
65535
65535
65535
65535
65535
65535
65535
65535
65535
65535
65535
65535
65535
65535
65535
65535
65535
65535
65535
65535
65535
65535
65535
65535
65535
65535
65535
65535
65535
65535
65535
65535
65535
65535
65535
65535
65535
65535
65535
65535
65535
65535
65535
65535
65535
65535
65535
65535
65535
65535
65535
65535
65535
65535
65535
65535
65535
65535
65535
65535
65535
65535
65535
65535
65535
65535
65535
65535
65535
65535
65535
65535
65535
65535
65535
65535
65535
65535
65535
65535
65535
65535
65535
65535
65535
65535
65535
65535
65535
65535
65535
65535
65535
65535
65535
65535
65535
65535
65535
65535
65535
65535
65535
65535
65535
65535
65535
65535
65535
65535
65535
65535
65535
65535
65535
65535
65535
65535
65535
65535
65535
65535
65535
65535
65535
65535
65535
65535
65535
65535
65535
65535
65535
65535
65535
65535
65535
65535
65535
65535
65535
65535
65535
65535
65535
65535
65535
65535
65535
65535
65535
65535
65535
65535
65535
65535
65535
65535
65535
65535
65535
65535
65535
65535
65535
65535
65535
65535
65535
65535
65535
65535
65535
65535
65535
65535
65535
65535
65535
65535
65535
65535
65535
65535
65535
65535
65535
65535
65535
65535
65535
65535
65535
65535
65535
65535
65535
65535
65535
65535
65535
65535
65535
65535
65535
65535
65535
65535
65535
65535
65535
65535
65535
65535
65535
65535
65535
65535
65535
65535
65535
65535
65535
65535
65535
65535
65535
65535
65535
65535
65535
65535
65535
65535
65535
65535
65535
65535
65535
65535
65535
65535
65535
65535
65535
65535
65535
65535
65535
65535
65535
65535
65535
65535
65535
65535
65535
65535
65535
65535
65535
65535
65535
65535
65535
65535
65535
65535
65535
65535
65535
65535
65535
65535
65535
65535
65535
65535
65535
65535
65535
65535
65535
65535
65535
65535
65535
65535
65535
65535
65535
65535
65535
65535
65535
65535
65535
65535
65535
65535
65535
65535
65535
65535
65535
65535
65535
65535
65535
65535
65535
65535
65535
65535
65535
65535
65535
65535
65535
65535
65535
65535
65535
65535
65535
65535
65535
65535
65535
65535
65535
65535
65535
65535
65535
65535
65535
65535
65535
65535
65535
65535
65535
65535
65535
65535
65535
65535
65535
65535
65535
65535
65535
65535
65535
65535
65535
65535
65535
65535
65535
65535
65535
65535
65535
65535
65535
65535
65535
65535
65535
65535
65535
65535
65535
65535
65535
65535
65535
65535
65535
65535
65535
65535
65535
65535
65535
65535
65535
65535
65535
65535
65535
65535
65535
65535
65535
65535
65535
65535
65535
65535
65535
65535
65535
65535
65535
65535
65535
65535
65535
65535
65535
65535
65535
65535
65535
65535
65535
65535
65535
65535
65535
65535
65535
65535
65535
65535
65535
65535
65535
65535
65535
65535
65535
65535
65535
65535
65535
65535
65535
65535
65535
65535
65535
65535
65535
65535
65535
65535
65535
65535
65535
65535
65535
65535
65535
65535
65535
65535
65535
65535
65535
65535
65535
65535
65535
65535
65535
65535
65535
65535
65535
65535
65535
65535
65535
65535
65535
65535
65535
65535
65535
65535
65535
65535
65535
65535
65535
65535
65535
65535
65535
65535
65535
65535
65535
65535
65535
65535
65535
65535
65535
65535
65535
65535
65535
65535
65535
65535
65535
65535
65535
65535
65535
65535
65535
65535
65535
65535
65535
65535
65535
65535
65535
65535
65535
65535
65535
65535
65535
65535
65535
65535
65535
65535
65535
65535
65535
65535
65535
65535
65535
65535
65535
65535
65535
65535
65535
65535
65535
65535
65535
65535
65535
65535
65535
65535
65535
65535
65535
65535
65535
65535
65535
65535
65535
65535
65535
65535
65535
65535
65535
65535
65535
65535
65535
65535
65535
65535
65535
65535
65535
65535
65535
65535
65535
65535
65535
65535
65535
65535
65535
65535
65535
65535
65535
65535
65535
65535
65535
65535
65535
65535
65535
65535
65535
65535
65535
65535
65535
65535
65535
65535
65535
65535
65535
65535
65535
65535
65535
65535
65535
65535
65535
65535
65535
65535
65535
65535
65535
65535
65535
65535
65535
65535
65535
65535
65535
65535
65535
65535
65535
65535
65535
65535
65535
65535
65535
65535
65535
65535
65535
65535
65535
65535
65535
65535
65535
65535
65535
65535
65535
65535
65535
65535
65535
65535
65535
65535
65535
65535
65535
65535
65535
65535
65535
65535
65535
65535
65535
65535
65535
65535
65535
65535
65535
65535
65535
65535
65535
65535
65535
65535
65535
65535
65535
65535
65535
65535
65535
65535
65535
65535
65535
65535
65535
65535
65535
65535
65535
65535
65535
65535
65535
65535
65535
65535
65535
65535
65535
65535
65535
65535
65535
65535
65535
65535
65535
65535
65535
65535
65535
65535
65535
65535
65535
65535
65535
65535
65535
65535
65535
65535
65535
65535
65535
65535
65535
65535
65535
65535
65535
65535
65535
65535
65535
65535
65535
65535
65535
65535
65535
65535
65535
65535
65535
65535
65535
65535
65535
65535
65535
65535
65535
65535
65535
65535
65535
65535
65535
65535
65535
65535
65535
65535
65535
65535
65535
65535
65535
65535
65535
65535
65535
65535
65535
65535
65535
65535
65535
65535
65535
65535
65535
65535
65535
65535
65535
65535
65535
65535
65535
65535
65535
65535
65535
65535
65535
65535
65535
65535
65535
65535
65535
65535
65535
65535
65535
65535
65535
65535
65535
65535
65535
65535
65535
65535
65535
65535
65535
65535
65535
65535
65535
65535
65535
65535
65535
65535
65535
65535
65535
65535
65535
65535
65535
65535
65535
65535
65535
65535
65535
65535
65535
65535
65535
65535
65535
65535
65535
65535
65535
65535
65535
65535
65535
65535
65535
65535
65535
65535
65535
65535
65535
65535
65535
65535
65535
65535
65535
65535
65535
65535
65535
65535
65535
65535
65535
65535
65535
65535
65535
65535
65535
65535
65535
65535
65535
65535
65535
65535
65535
65535
65535
65535
65535
65535
65535
65535
65535
65535
65535
65535
65535
65535
65535
65535
65535
65535
65535
65535
65535
65535
65535
65535
65535
65535
65535
65535
65535
65535
65535
65535
65535
65535
65535
65535
65535
65535
65535
65535
65535
65535
65535
65535
65535
65535
65535
65535
65535
65535
65535
65535
65535
65535
65535
65535
65535
65535
65535
65535
65535
65535
65535
65535
65535
65535
65535
65535
65535
65535
65535
65535
65535
65535
65535
65535
65535
65535
65535
65535
65535
65535
65535
65535
65535
65535
65535
65535
65535
65535
65535
65535
65535
65535
65535
65535
65535
65535
65535
65535
65535
65535
65535
65535
65535
65535
65535
65535
65535
65535
65535
65535
65535
65535
65535
65535
65535
65535
65535
65535
65535
65535
65535
65535
65535
65535
65535
65535
65535
65535
65535
65535
65535
65535
65535
65535
65535
65535
65535
65535
65535
65535
65535
65535
65535
65535
65535
65535
65535
65535
65535
65535
65535
65535
65535
65535
65535
65535
65535
65535
65535
65535
65535
65535
65535
65535
65535
65535
65535
65535
65535
65535
65535
65535
65535
65535
65535
65535
65535
65535
65535
65535
65535
65535
65535
65535
65535
65535
65535
65535
65535
65535
65535
65535
65535
65535
65535
65535
65535
65535
65535
65535
65535
65535
65535
65535
65535
65535
65535
65535
65535
65535
65535
65535
65535
65535
65535
65535
65535
65535
65535
65535
65535
65535
65535
65535
65535
65535
65535
65535
65535
65535
65535
65535
65535
65535
65535
65535
65535
65535
65535
65535
65535
65535
65535
65535
65535
65535
65535
65535
65535
65535
65535
65535
65535
65535
65535
65535
65535
65535
65535
65535
65535
65535
65535
65535
65535
65535
65535
65535
65535
65535
65535
65535
65535
65535
65535
65535
65535
65535
65535
65535
65535
65535
65535
65535
65535
65535
65535
65535
65535
65535
65535
65535
65535
65535
65535
65535
65535
65535
65535
65535
65535
65535
65535
65535
65535
65535
65535
65535
65535
65535
65535
65535
65535
65535
65535
65535
65535
65535
65535
65535
65535
65535
65535
65535
65535
65535
65535
65535
65535
65535
65535
65535
65535
65535
65535
65535
65535
65535
65535
65535
65535
65535
65535
65535
65535
65535
65535
65535
65535
65535
65535
65535
65535
65535
65535
65535
65535
65535
65535
65535
65535
65535
65535
65535
65535
65535
65535
65535
65535
65535
65535
65535
65535
65535
65535
65535
65535
65535
65535
65535
65535
65535
65535
65535
65535
65535
65535
65535
65535
65535
65535
65535
65535
65535
65535
65535
65535
65535
65535
65535
65535
65535
65535
65535
65535
65535
65535
65535
65535
65535
65535
65535
65535
65535
65535
65535
65535
65535
65535
65535
65535
65535
65535
65535
65535
65535
65535
65535
65535
65535
65535
65535
65535
65535
65535
65535
65535
65535
65535
65535
65535
65535
65535
65535
65535
65535
65535
65535
65535
65535
65535
65535
65535
65535
65535
65535
65535
65535
65535
65535
65535
65535
65535
65535
65535
65535
65535
65535
65535
65535
65535
65535
65535
65535
65535
65535
65535
65535
65535
65535
65535
65535
65535
65535
65535
65535
65535
65535
65535
65535
65535
65535
65535
65535
65535
65535
65535
65535
65535
65535
65535
65535
65535
65535
65535
65535
65535
65535
65535
65535
65535
65535
65535
65535
65535
65535
65535
65535
65535
65535
65535
65535
65535
65535
65535
65535
65535
65535
65535
65535
65535
65535
65535
65535
65535
65535
65535
65535
65535
65535
65535
65535
65535
65535
65535
65535
65535
65535
65535
65535
65535
65535
65535
65535
65535
65535
65535
65535
65535
65535
65535
65535
65535
65535
65535
65535
65535
65535
65535
65535
65535
65535
65535
65535
65535
65535
65535
65535
65535
65535
65535
65535
65535
65535
65535
65535
65535
65535
65535
65535
65535
65535
65535
65535
65535
65535
65535
65535
65535
65535
65535
65535
65535
65535
65535
65535
65535
65535
65535
65535
65535
65535
65535
65535
65535
65535
65535
65535
65535
65535
65535
65535
65535
65535
65535
65535
65535
65535
65535
65535
65535
65535
65535
65535
65535
65535
65535
65535
65535
65535
65535
65535
65535
65535
65535
65535
65535
65535
65535
65535
65535
65535
65535
65535
65535
65535
65535
65535
65535
65535
65535
65535
65535
65535
65535
65535
65535
65535
65535
65535
65535
65535
65535
65535
65535
65535
65535
65535
65535
65535
65535
65535
65535
65535
65535
65535
65535
65535
65535
65535
65535
65535
65535
65535
65535
65535
65535
65535
65535
65535
65535
65535
65535
65535
65535
65535
65535
65535
65535
65535
65535
65535
65535
65535
65535
65535
65535
65535
65535
65535
65535
65535
65535
65535
65535
65535
65535
65535
65535
65535
65535
65535
65535
65535
65535
65535
65535
65535
65535
65535
65535
65535
65535
65535
65535
65535
65535
65535
65535
65535
65535
65535
65535
65535
65535
65535
65535
65535
65535
65535
65535
65535
65535
65535
65535
65535
65535
65535
65535
65535
65535
65535
65535
65535
65535
65535
65535
65535
65535
65535
65535
65535
65535
65535
65535
65535
65535
65535
65535
65535
65535
65535
65535
65535
65535
65535
65535
65535
65535
65535
65535
65535
65535
65535
65535
65535
65535
65535
65535
65535
65535
65535
65535
65535
65535
65535
65535
65535
65535
65535
65535
65535
65535
65535
65535
65535
65535
65535
65535
65535
65535
65535
65535
65535
65535
65535
65535
65535
65535
65535
65535
65535
65535
65535
65535
65535
65535
65535
65535
65535
65535
65535
65535
65535
65535
65535
65535
65535
65535
65535
65535
65535
65535
65535
65535
65535
65535
65535
65535
65535
65535
65535
65535
65535
65535
65535
65535
65535
65535
65535
65535
65535
65535
65535
65535
65535
65535
65535
65535
65535
65535
65535
65535
65535
65535
65535
65535
65535
65535
65535
65535
65535
65535
65535
65535
65535
65535
65535
65535
65535
65535
65535
65535
65535
65535
65535
65535
65535
65535
65535
65535
65535
65535
65535
65535
65535
65535
65535
65535
65535
65535
65535
65535
65535
65535
65535
65535
65535
65535
65535
65535
65535
65535
65535
65535
65535
65535
65535
65535
65535
65535
65535
65535
65535
65535
65535
65535
65535
65535
65535
65535
65535
65535
65535
65535
65535
65535
65535
65535
65535
65535
65535
65535
65535
65535
65535
65535
65535
65535
65535
65535
65535
65535
65535
65535
65535
65535
65535
65535
65535
65535
65535
65535
65535
65535
65535
65535
65535
65535
65535
65535
65535
65535
65535
65535
65535
65535
65535
65535
65535
65535
65535
65535
65535
65535
65535
65535
65535
65535
65535
65535
65535
65535
65535
65535
65535
65535
65535
65535
65535
65535
65535
65535
65535
65535
65535
65535
65535
65535
65535
65535
65535
65535
65535
65535
65535
65535
65535
65535
65535
65535
65535
65535
65535
65535
65535
65535
65535
65535
65535
65535
65535
65535
65535
65535
65535
65535
65535
65535
65535
65535
65535
65535
65535
65535
65535
65535
65535
65535
65535
65535
65535
65535
65535
65535
65535
65535
65535
65535
65535
65535
65535
65535
65535
65535
65535
65535
65535
65535
65535
65535
65535
65535
65535
65535
65535
65535
65535
65535
65535
65535
65535
65535
65535
65535
65535
65535
65535
65535
65535
65535
65535
65535
65535
65535
65535
65535
65535
65535
65535
65535
65535
65535
65535
65535
65535
65535
65535
65535
65535
65535
65535
65535
65535
65535
65535
65535
65535
65535
65535
65535
65535
65535
65535
65535
65535
65535
65535
65535
65535
65535
65535
65535
65535
65535
65535
65535
65535
65535
65535
65535
65535
65535
65535
65535
65535
65535
65535
65535
65535
65535
65535
65535
65535
65535
65535
65535
65535
65535
65535
65535
65535
65535
65535
65535
65535
65535
65535
65535
65535
65535
65535
65535
65535
65535
65535
65535
65535
65535
65535
65535
65535
65535
65535
65535
65535
65535
65535
65535
65535
65535
65535
65535
65535
65535
65535
65535
65535
65535
65535
65535
65535
65535
65535
65535
65535
65535
65535
65535
65535
65535
65535
65535
65535
65535
65535
65535
65535
65535
65535
65535
65535
65535
65535
65535
65535
65535
65535
65535
65535
65535
65535
65535
65535
65535
65535
65535
65535
65535
65535
65535
65535
65535
65535
65535
65535
65535
65535
65535
65535
65535
65535
65535
65535
65535
65535
65535
65535
65535
65535
65535
65535
65535
65535
65535
65535
65535
65535
65535
65535
65535
65535
65535
65535
65535
65535
65535
65535
65535
65535
65535
65535
65535
65535
65535
65535
65535
65535
65535
65535
65535
65535
65535
65535
65535
65535
65535
65535
65535
65535
65535
65535
65535
65535
65535
65535
65535
65535
65535
65535
65535
65535
65535
65535
65535
65535
65535
65535
65535
65535
65535
65535
65535
65535
65535
65535
65535
65535
65535
65535
65535
65535
65535
65535
65535
65535
65535
65535
65535
65535
65535
65535
65535
65535
65535
65535
65535
65535
65535
65535
65535
65535
65535
65535
65535
65535
65535
65535
65535
65535
65535
65535
65535
65535
65535
65535
65535
65535
65535
65535
65535
65535
65535
65535
65535
65535
65535
65535
65535
65535
65535
65535
65535
65535
65535
65535
65535
65535
65535
65535
65535
65535
65535
65535
65535
65535
65535
65535
65535
65535
65535
65535
65535
65535
65535
65535
65535
65535
65535
65535
65535
65535
65535
65535
65535
65535
65535
65535
65535
65535
65535
65535
65535
65535
65535
65535
65535
65535
65535
65535
65535
65535
65535
65535
65535
65535
65535
65535
65535
65535
65535
65535
65535
65535
65535
65535
65535
65535
65535
65535
65535
65535
65535
65535
65535
65535
65535
65535
65535
65535
65535
65535
65535
65535
65535
65535
65535
65535
65535
65535
65535
65535
65535
65535
65535
65535
65535
65535
65535
65535
65535
65535
65535
65535
65535
65535
65535
65535
65535
65535
65535
65535
65535
65535
65535
65535
65535
65535
65535
65535
65535
65535
65535
65535
65535
65535
65535
65535
65535
65535
65535
65535
65535
65535
65535
65535
65535
65535
65535
65535
65535
65535
65535
65535
65535
65535
65535
65535
65535
65535
65535
65535
65535
65535
65535
65535
65535
65535
65535
65535
65535
65535
65535
65535
65535
65535
65535
65535
65535
65535
65535
65535
65535
65535
65535
65535
65535
65535
65535
65535
65535
65535
65535
65535
65535
65535
65535
65535
65535
65535
65535
65535
65535
65535
65535
65535
65535
65535
65535
65535
65535
65535
65535
65535
65535
65535
65535
65535
65535
65535
65535
65535
65535
65535
65535
65535
65535
65535
65535
65535
65535
65535
65535
65535
65535
65535
65535
65535
65535
65535
65535
65535
65535
65535
65535
65535
65535
65535
65535
65535
65535
65535
65535
65535
65535
65535
65535
65535
65535
65535
65535
65535
65535
65535
65535
65535
65535
65535
65535
65535
65535
65535
65535
65535
65535
65535
65535
65535
65535
65535
65535
65535
65535
65535
65535
65535
65535
65535
65535
65535
65535
65535
65535
65535
65535
65535
65535
65535
65535
65535
65535
65535
65535
65535
65535
65535
65535
65535
65535
65535
65535
65535
65535
65535
65535
65535
65535
65535
65535
65535
65535
65535
65535
65535
65535
65535
65535
65535
65535
65535
65535
65535
65535
65535
65535
65535
65535
65535
65535
65535
65535
65535
65535
65535
65535
65535
65535
65535
65535
65535
65535
65535
65535
65535
65535
65535
65535
65535
65535
65535
65535
65535
65535
65535
65535
65535
65535
65535
65535
65535
65535
65535
65535
65535
65535
65535
65535
65535
65535
65535
65535
65535
65535
65535
65535
65535
65535
65535
65535
65535
65535
65535
65535
65535
65535
65535
65535
65535
65535
65535
65535
65535
65535
65535
65535
65535
65535
65535
65535
65535
65535
65535
65535
65535
65535
65535
65535
65535
65535
65535
65535
65535
65535
65535
65535
65535
65535
65535
65535
65535
65535
65535
65535
65535
65535
65535
65535
65535
65535
65535
65535
65535
65535
65535
65535
65535
65535
65535
65535
65535
65535
65535
65535
65535
65535
65535
65535
65535
65535
65535
65535
65535
65535
65535
65535
65535
65535
65535
65535
65535
65535
65535
65535
65535
65535
65535
65535
65535
65535
65535
65535
65535
65535
65535
65535
65535
65535
65535
65535
65535
65535
65535
65535
65535
65535
65535
65535
65535
65535
65535
65535
65535
65535
65535
65535
65535
65535
65535
65535
65535
65535
65535
65535
65535
65535
65535
65535
65535
65535
65535
65535
65535
65535
65535
65535
65535
65535
65535
65535
65535
65535
65535
65535
65535
65535
65535
65535
65535
65535
65535
65535
65535
65535
65535
65535
65535
65535
65535
65535
65535
65535
65535
65535
65535
65535
65535
65535
65535
65535
65535
65535
65535
65535
65535
65535
65535
65535
65535
65535
65535
65535
65535
65535
65535
65535
65535
65535
65535
65535
65535
65535
65535
65535
65535
65535
65535
65535
65535
65535
65535
65535
65535
65535
65535
65535
65535
65535
65535
65535
65535
65535
65535
65535
65535
65535
65535
65535
65535
65535
65535
65535
65535
65535
65535
65535
65535
65535
65535
65535
65535
65535
65535
65535
65535
65535
65535
65535
65535
65535
65535
65535
65535
65535
65535
65535
65535
65535
65535
65535
65535
65535
65535
65535
65535
65535
65535
65535
65535
65535
65535
65535
65535
65535
65535
65535
65535
65535
65535
65535
65535
65535
65535
65535
65535
65535
65535
65535
65535
65535
65535
65535
65535
65535
65535
65535
65535
65535
65535
65535
65535
65535
65535
65535
65535
65535
65535
65535
65535
65535
65535
65535
65535
65535
65535
65535
65535
65535
65535
65535
65535
65535
65535
65535
65535
65535
65535
65535
65535
65535
65535
65535
65535
65535
65535
65535
65535
65535
65535
65535
65535
65535
65535
65535
65535
65535
65535
65535
65535
65535
65535
65535
65535
65535
65535
65535
65535
65535
65535
65535
65535
65535
65535
65535
65535
65535
65535
65535
65535
65535
65535
65535
65535
65535
65535
65535
65535
65535
65535
65535
65535
65535
65535
65535
65535
65535
65535
65535
65535
65535
65535
65535
65535
65535
65535
65535
65535
65535
65535
65535
65535
65535
65535
65535
65535
65535
65535
65535
65535
65535
65535
65535
65535
65535
65535
65535
65535
65535
65535
65535
65535
65535
65535
65535
65535
65535
65535
65535
65535
65535
65535
65535
65535
65535
65535
65535
65535
65535
65535
65535
65535
65535
65535
65535
65535
65535
65535
65535
65535
65535
65535
65535
65535
65535
65535
65535
65535
65535
65535
65535
65535
65535
65535
65535
65535
65535
65535
65535
65535
65535
65535
65535
65535
65535
65535
65535
65535
65535
65535
65535
65535
65535
65535
65535
65535
65535
65535
65535
65535
65535
65535
65535
65535
65535
65535
65535
65535
65535
65535
65535
65535
65535
65535
65535
65535
65535
65535
65535
65535
65535
65535
65535
65535
65535
65535
65535
65535
65535
65535
65535
65535
65535
65535
65535
65535
65535
65535
65535
65535
65535
65535
65535
65535
65535
65535
65535
65535
65535
65535
65535
65535
65535
65535
65535
65535
65535
65535
65535
65535
65535
65535
65535
65535
65535
65535
65535
65535
65535
65535
65535
65535
65535
65535
65535
65535
65535
65535
65535
65535
65535
65535
65535
65535
65535
65535
65535
65535
65535
65535
65535
65535
65535
65535
65535
65535
65535
65535
65535
65535
65535
65535
65535
65535
65535
65535
65535
65535
65535
65535
65535
65535
65535
65535
65535
65535
65535
65535
65535
65535
65535
65535
65535
65535
65535
65535
65535
65535
65535
65535
65535
65535
65535
65535
65535
65535
65535
65535
65535
65535
65535
65535
65535
65535
65535
65535
65535
65535
65535
65535
65535
65535
65535
65535
65535
65535
65535
65535
65535
65535
65535
65535
65535
65535
65535
65535
65535
65535
65535
65535
65535
65535
65535
65535
65535
65535
65535
65535
65535
65535
65535
65535
65535
65535
65535
65535
65535
65535
65535
65535
65535
65535
65535
65535
65535
65535
65535
65535
65535
65535
65535
65535
65535
65535
65535
65535
65535
65535
65535
65535
65535
65535
65535
65535
65535
65535
65535
65535
65535
65535
65535
65535
65535
65535
65535
65535
65535
65535
65535
65535
65535
65535
65535
65535
65535
65535
65535
65535
65535
65535
65535
65535
65535
65535
65535
65535
65535
65535
65535
65535
65535
65535
65535
65535
65535
65535
65535
65535
65535
65535
65535
65535
65535
65535
65535
65535
65535
65535
65535
65535
65535
65535
65535
65535
65535
65535
65535
65535
65535
65535
65535
65535
65535
65535
65535
65535
65535
65535
65535
65535
65535
65535
65535
65535
65535
65535
65535
65535
65535
65535
65535
65535
65535
65535
65535
65535
65535
65535
65535
65535
65535
65535
65535
65535
65535
65535
65535
65535
65535
65535
65535
65535
65535
65535
65535
65535
65535
65535
65535
65535
65535
65535
65535
65535
65535
65535
65535
65535
65535
65535
65535
65535
65535
65535
65535
65535
65535
65535
65535
65535
65535
65535
65535
65535
65535
65535
65535
65535
65535
65535
65535
65535
65535
65535
65535
65535
65535
65535
65535
65535
65535
65535
65535
65535
65535
65535
65535
65535
65535
65535
65535
65535
65535
65535
65535
65535
65535
65535
65535
65535
65535
65535
65535
65535
65535
65535
65535
65535
65535
65535
65535
65535
65535
65535
65535
65535
65535
65535
65535
65535
65535
65535
65535
65535
65535
65535
65535
65535
65535
65535
65535
65535
65535
65535
65535
65535
65535
65535
65535
65535
65535
65535
65535
65535
65535
65535
65535
65535
65535
65535
65535
65535
65535
65535
65535
65535
65535
65535
65535
65535
65535
65535
65535
65535
65535
65535
65535
65535
65535
65535
65535
65535
65535
65535
65535
65535
65535
65535
65535
65535
65535
65535
65535
65535
65535
65535
65535
65535
65535
65535
65535
65535
65535
65535
65535
65535
65535
65535
65535
65535
65535
65535
65535
65535
65535
65535
65535
65535
65535
65535