0
0
1
1
2
2
3
3
4
5
5
6
7
8
8
9
10
11
12
13
13
14
15
16
17
18
18
19
20
21
23
24
26
27
28
30
31
33
34
35
36
38
39
41
42
43
45
47
49
50
52
54
56
57
60
61
63
65
67
68
71
73
74
76
79
80
82
85
86
89
91
94
96
98
100
102
104
106
108
111
113
115
118
120
121
124
126
128
130
132
134
136
138
141
143
146
149
151
153
155
158
161
164
167
169
171
173
176
179
181
183
186
188
190
193
195
198
201
203
206
208
210
213
216
218
220
223
225
228
231
234
237
240
243
246
248
250
253
255
257
260
263
266
268
270
272
275
277
280
283
285
287
289
292
294
297
299
301
303
306
308
310
312
315
317
320
322
324
327
329
331
333
335
338
340
342
345
348
351
353
355
358
361
363
365
367
370
373
376
378
380
381
384
386
389
391
393
395
398
400
402
405
407
410
412
414
416
419
422
424
426
428
430
433
435
438
440
442
444
447
449
451
453
455
458
460
462
464
467
469
471
474
476
478
481
483
485
487
490
492
494
496
499
502
504
507
509
511
513
515
517
520
522
524
526
528
530
532
534
537
539
541
542
544
545
547
549
551
554
556
558
561
563
564
566
568
570
572
574
577
579
580
582
584
586
588
590
591
593
595
597
599
601
603
605
607
609
611
613
615
616
618
621
623
625
627
629
631
633
635
637
639
641
643
645
647
649
650
652
654
655
657
659
661
662
664
666
669
671
672
674
676
678
680
682
683
685
687
689
691
692
694
696
698
700
702
704
705
707
709
711
713
714
716
718
720
722
724
725
728
729
731
733
734
736
737
739
741
743
745
746
748
750
752
753
755
757
759
761
763
765
766
768
770
772
774
776
778
780
781
784
786
788
790
792
794
796
798
800
802
804
806
808
810
811
813
814
816
818
820
822
824
826
827
829
831
833
835
836
838
840
842
844
845
847
849
851
853
855
857
859
861
862
864
866
868
870
872
874
875
877
879
881
882
884
886
888
891
893
894
896
898
900
902
903
905
907
909
911
913
915
916
919
921
922
925
927
928
931
932
934
936
938
939
941
943
945
947
949
952
953
955
957
959
960
962
964
966
968
970
972
974
976
978
979
981
983
985
987
989
990
992
994
996
998
999
1001
1003
1005
1007
1009
1011
1013
1015
1017
1019
1022
1024
1026
1028
1031
1033
1034
1036
1039
1041
1043
1044
1047
1048
1050
1052
1054
1057
1059
1060
1061
1064
1065
1068
1069
1071
1073
1075
1076
1079
1081
1083
1085
1087
1089
1091
1093
1095
1097
1099
1101
1104
1106
1108
1110
1111
1113
1114
1116
1119
1121
1123
1126
1128
1130
1131
1133
1135
1137
1139
1141
1143
1145
1147
1149
1150
1153
1155
1157
1160
1161
1163
1165
1168
1170
1172
1175
1178
1180
1182
1184
1186
1188
1190
1191
1194
1197
1198
1201
1203
1206
1208
1210
1212
1214
1217
1219
1221
1223
1225
1227
1230
1232
1234
1236
1238
1241
1243
1245
1247
1249
1251
1254
1256
1258
1261
1263
1265
1268
1270
1272
1275
1278
1279
1281
1283
1285
1288
1290
1292
1295
1296
1298
1301
1303
1305
1308
1310
1313
1315
1316
1318
1321
1323
1326
1328
1330
1333
1335
1337
1340
1343
1345
1347
1350
1352
1354
1357
1359
1361
1364
1366
1368
1371
1373
1376
1379
1381
1383
1386
1388
1390
1393
1395
1397
1400
1402
1404
1407
1410
1413
1415
1418
1420
1423
1426
1428
1430
1433
1435
1438
1441
1443
1445
1447
1450
1452
1455
1458
1460
1462
1465
1467
1470
1472
1474
1477
1480
1483
1485
1488
1490
1492
1494
1497
1499
1501
1504
1507
1510
1512
1514
1517
1520
1523
1526
1528
1531
1534
1536
1539
1542
1545
1548
1551
1553
1555
1558
1561
1564
1567
1569
1572
1575
1577
1580
1583
1586
1588
1591
1593
1597
1599
1602
1605
1607
1610
1612
1615
1619
1621
1624
1626
1629
1632
1635
1637
1640
1642
1645
1647
1650
1653
1656
1659
1662
1664
1668
1670
1673
1676
1679
1682
1685
1688
1690
1693
1696
1698
1701
1704
1707
1710
1713
1716
1719
1723
1725
1728
1732
1735
1738
1741
1744
1747
1749
1752
1756
1759
1763
1765
1767
1771
1774
1777
1779
1782
1785
1788
1791
1794
1798
1802
1805
1809
1812
1815
1818
1821
1824
1826
1829
1832
1835
1838
1842
1845
1849
1852
1855
1858
1862
1865
1868
1872
1874
1877
1881
1884
1889
1891
1895
1899
1903
1906
1909
1912
1915
1918
1921
1924
1929
1932
1936
1940
1943
1946
1949
1953
1956
1960
1963
1966
1969
1972
1975
1978
1982
1985
1989
1992
1995
1998
2002
2006
2010
2013
2017
2020
2023
2027
2031
2033
2037
2041
2044
2048
2052
2055
2058
2061
2065
2068
2072
2076
2079
2083
2087
2091
2094
2098
2101
2104
2107
2111
2115
2118
2122
2125
2129
2133
2137
2141
2144
2147
2151
2154
2158
2161
2164
2168
2172
2176
2180
2184
2188
2191
2195
2199
2203
2207
2211
2215
2219
2223
2227
2231
2235
2239
2242
2246
2249
2252
2256
2259
2263
2267
2271
2275
2279
2283
2287
2291
2296
2300
2304
2309
2312
2316
2320
2324
2328
2331
2334
2338
2343
2346
2350
2354
2358
2362
2366
2370
2374
2378
2382
2386
2389
2393
2396
2400
2404
2408
2412
2416
2420
2424
2429
2433
2436
2441
2445
2448
2451
2456
2460
2465
2468
2471
2475
2479
2484
2487
2491
2495
2499
2503
2507
2512
2516
2520
2524
2528
2533
2538
2542
2546
2551
2554
2558
2562
2568
2572
2576
2580
2584
2588
2593
2597
2602
2607
2611
2614
2618
2622
2626
2630
2635
2639
2644
2648
2653
2657
2662
2667
2671
2676
2680
2684
2689
2693
2697
2702
2706
2712
2716
2720
2724
2729
2733
2738
2742
2747
2751
2756
2760
2764
2768
2773
2778
2783
2788
2792
2797
2802
2806
2811
2815
2820
2824
2828
2833
2837
2842
2847
2850
2855
2859
2864
2868
2872
2877
2881
2886
2891
2896
2901
2907
2911
2915
2919
2923
2928
2932
2937
2941
2946
2951
2956
2961
2966
2970
2975
2979
2984
2988
2993
2997
3002
3006
3010
3015
3019
3024
3029
3034
3038
3043
3048
3053
3057
3061
3066
3070
3076
3081
3086
3091
3096
3100
3105
3109
3114
3120
3125
3129
3134
3139
3144
3150
3155
3159
3164
3169
3173
3178
3183
3187
3192
3197
3201
3208
3212
3217
3222
3227
3232
3236
3241
3246
3251
3256
3261
3265
3270
3274
3279
3284
3288
3294
3300
3306
3310
3315
3320
3325
3330
3335
3341
3346
3351
3356
3361
3366
3371
3376
3382
3387
3392
3397
3402
3408
3412
3418
3423
3427
3432
3438
3442
3447
3452
3456
3462
3467
3471
3476
3480
3485
3490
3496
3500
3505
3510
3515
3520
3525
3530
3536
3541
3546
3551
3556
3562
3566
3572
3577
3582
3587
3592
3598
3603
3608
3614
3620
3625
3630
3634
3640
3645
3650
3655
3660
3665
3670
3675
3681
3685
3691
3696
3700
3705
3709
3715
3720
3725
3730
3736
3741
3746
3752
3757
3763
3768
3774
3779
3785
3789
3794
3799
3805
3810
3815
3820
3826
3832
3836
3841
3846
3852
3857
3862
3868
3873
3879
3884
3891
3896
3900
3906
3911
3916
3921
3926
3932
3937
3943
3948
3955
3961
3966
3972
3979
3983
3989
3994
3999
4005
4010
4016
4020
4027
4033
4038
4044
4049
4055
4059
4064
4069
4074
4081
4086
4092
4097
4103
4108
4113
4119
4124
4130
4134
4140
4146
4150
4156
4162
4167
4173
4179
4184
4189
4194
4200
4205
4211
4217
4223
4228
4233
4239
4243
4249
4254
4259
4265
4270
4276
4283
4288
4293
4299
4304
4310
4315
4322
4327
4334
4339
4345
4352
4358
4364
4370
4375
4380
4387
4393
4398
4404
4409
4415
4422
4429
4434
4440
4445
4451
4458
4464
4469
4475
4480
4486
4492
4497
4502
4509
4515
4520
4525
4530
4536
4541
4547
4553
4559
4565
4571
4575
4582
4588
4592
4598
4603
4609
4615
4622
4627
4634
4640
4645
4652
4657
4663
4668
4673
4678
4684
4689
4695
4702
4707
4712
4719
4725
4730
4736
4741
4747
4753
4758
4764
4770
4776
4781
4787
4793
4797
4804
4809
4815
4820
4826
4833
4837
4844
4851
4856
4862
4868
4874
4880
4885
4891
4897
4902
4908
4914
4921
4926
4932
4937
4944
4950
4955
4961
4967
4973
4979
4984
4990
4995
5001
5007
5013
5018
5023
5029
5035
5040
5046
5051
5056
5062
5068
5074
5079
5086
5091
5096
5103
5109
5114
5120
5127
5132
5137
5142
5148
5153
5160
5166
5171
5178
5184
5190
5196
5201
5207
5214
5219
5226
5231
5236
5243
5249
5254
5260
5266
5272
5279
5284
5289
5295
5300
5305
5311
5318
5323
5329
5335
5341
5347
5354
5361
5366
5372
5377
5383
5389
5395
5401
5407
5412
5418
5423
5429
5434
5440
5445
5450
5455
5461
5466
5472
5477
5484
5490
5496
5502
5508
5513
5518
5525
5530
5535
5540
5547
5552
5558
5564
5570
5576
5583
5588
5594
5599
5605
5610
5615
5622
5627
5633
5638
5644
5651
5657
5662
5668
5673
5679
5685
5690
5696
5703
5709
5715
5721
5727
5732
5739
5744
5749
5755
5761
5767
5772
5778
5784
5789
5795
5800
5805
5810
5816
5822
5827
5832
5838
5844
5851
5855
5861
5866
5872
5878
5883
5888
5894
5900
5905
5911
5917
5923
5929
5934
5940
5946
5951
5957
5962
5968
5975
5979
5984
5990
5995
6001
6007
6013
6018
6024
6030
6034
6040
6045
6051
6056
6062
6067
6072
6078
6083
6089
6094
6099
6104
6109
6115
6120
6125
6130
6135
6140
6146
6150
6155
6161
6167
6172
6178
6182
6188
6192
6197
6202
6208
6214
6218
6223
6228
6233
6239
6244
6249
6254
6258
6264
6269
6274
6280
6285
6290
6295
6299
6304
6310
6314
6318
6323
6328
6333
6339
6343
6348
6353
6357
6362
6367
6371
6376
6380
6385
6389
6394
6399
6403
6407
6413
6417
6421
6427
6431
6436
6440
6445
6449
6455
6460
6464
6468
6473
6478
6483
6488
6492
6496
6501
6504
6509
6514
6518
6521
6526
6530
6534
6538
6543
6547
6551
6557
6561
6565
6570
6574
6579
6584
6588
6594
6598
6602
6607
6612
6616
6621
6625
6629
6633
6638
6642
6647
6650
6654
6659
6664
6668
6672
6676
6680
6685
6690
6693
6698
6703
6707
6711
6715
6720
6724
6729
6733
6737
6741
6745
6750
6754
6759
6762
6767
6770
6774
6779
6783
6788
6792
6796
6801
6804
6809
6813
6818
6822
6826
6830
6834
6838
6842
6847
6851
6856
6861
6865
6868
6872
6877
6881
6886
6889
6893
6898
6903
6908
6912
6916
6920
6924
6928
6933
6937
6941
6945
6950
6955
6960
6964
6968
6972
6976
6980
6985
6989
6994
6998
7003
7007
7012
7017
7022
7026
7031
7035
7040
7045
7048
7053
7057
7061
7066
7071
7075
7079
7084
7088
7093
7098
7102
7106
7110
7115
7119
7124
7129
7133
7138
7143
7147
7152
7157
7161
7166
7171
7176
7181
7186
7191
7196
7201
7206
7211
7215
7219
7224
7228
7233
7237
7242
7247
7252
7256
7260
7265
7269
7275
7280
7285
7289
7295
7299
7303
7309
7314
7320
7325
7330
7334
7340
7345
7349
7354
7359
7364
7369
7375
7379
7385
7391
7396
7401
7407
7412
7417
7422
7427
7432
7438
7443
7448
7454
7459
7464
7469
7475
7479
7484
7489
7494
7499
7504
7509
7515
7520
7525
7530
7536
7541
7546
7551
7557
7562
7568
7573
7579
7585
7589
7595
7600
7606
7612
7618
7625
7631
7637
7643
7649
7655
7661
7666
7672
7678
7684
7690
7696
7702
7707
7713
7718
7724
7729
7734
7741
7746
7752
7758
7763
7768
7773
7779
7785
7790
7795
7800
7806
7812
7819
7825
7832
7837
7843
7849
7855
7862
7868
7873
7880
7885
7891
7898
7904
7909
7915
7921
7927
7934
7939
7946
7952
7957
7963
7969
7975
7981
7987
7994
8000
8006
8013
8019
8026
8033
8039
8045
8050
8057
8064
8070
8077
8083
8090
8096
8102
8108
8114
8120
8126
8133
8140
8146
8153
8158
8165
8172
8178
8185
8193
8200
8207
8213
8220
8227
8233
8240
8246
8252
8258
8265
8272
8277
8283
8290
8297
8305
8312
8318
8325
8331
8338
8344
8351
8357
8364
8372
8379
8385
8392
8398
8406
8413
8420
8427
8434
8442
8449
8456
8462
8469
8478
8485
8492
8499
8507
8513
8522
8529
8536
8543
8550
8559
8568
8575
8581
8589
8597
8604
8612
8620
8628
8637
8645
8652
8660
8667
8674
8682
8689
8697
8704
8713
8721
8728
8736
8743
8751
8759
8767
8775
8782
8789
8797
8804
8812
8820
8828
8834
8840
8848
8856
8864
8873
8881
8889
8897
8905
8914
8922
8929
8936
8944
8952
8960
8969
8976
8984
8991
8999
9008
9016
9025
9032
9040
9049
9058
9066
9075
9084
9092
9100
9109
9118
9126
9134
9142
9152
9160
9169
9178
9188
9197
9207
9216
9225
9233
9241
9250
9259
9268
9276
9285
9293
9302
9311
9321
9329
9339
9348
9358
9368
9377
9386
9395
9404
9413
9423
9432
9440
9451
9460
9469
9477
9487
9496
9505
9515
9524
9533
9542
9552
9562
9571
9581
9590
9599
9610
9619
9629
9639
9649
9658
9668
9678
9687
9697
9707
9716
9725
9735
9745
9754
9764
9772
9783
9793
9803
9813
9824
9833
9844
9855
9865
9874
9884
9895
9904
9914
9924
9935
9944
9954
9965
9976
9985
9996
10007
10017
10028
10039
10051
10060
10070
10081
10092
10102
10113
10123
10134
10146
10156
10165
10175
10186
10195
10205
10216
10227
10238
10248
10260
10270
10280
10292
10302
10313
10323
10334
10345
10356
10366
10378
10390
10400
10412
10422
10433
10443
10453
10464
10475
10486
10497
10509
10522
10532
10545
10557
10568
10579
10591
10602
10614
10625
10637
10649
10660
10672
10684
10695
10708
10721
10734
10747
10759
10772
10785
10797
10810
10823
10835
10849
10862
10875
10888
10901
10913
10926
10938
10951
10964
10976
10989
11003
11016
11029
11043
11054
11068
11082
11095
11109
11121
11134
11147
11160
11172
11186
11199
11213
11226
11240
11254
11267
11281
11294
11308
11322
11335
11349
11362
11376
11391
11406
11420
11434
11447
11462
11476
11490
11504
11518
11533
11546
11560
11574
11588
11604
11619
11634
11649
11664
11677
11692
11705
11720
11735
11750
11765
11779
11794
11808
11823
11838
11853
11868
11882
11897
11911
11928
11943
11959
11973
11987
12004
12019
12035
12049
12066
12083
12099
12115
12131
12146
12161
12177
12193
12209
12226
12243
12259
12275
12293
12308
12325
12340
12357
12376
12392
12408
12424
12442
12460
12477
12494
12512
12528
12545
12561
12578
12594
12611
12628
12644
12662
12679
12697
12714
12731
12749
12766
12784
12804
12823
12840
12857
12875
12892
12910
12929
12947
12965
12983
13000
13020
13040
13058
13077
13094
13113
13133
13152
13170
13188
13207
13226
13246
13265
13284
13303
13323
13342
13362
13381
13404
13424
13444
13463
13484
13503
13524
13544
13564
13584
13604
13625
13647
13668
13689
13708
13726
13747
13769
13790
13812
13834
13856
13876
13897
13919
13940
13960
13982
14004
14025
14049
14069
14088
14112
14133
14155
14177
14199
14222
14246
14269
14291
14315
14337
14361
14383
14405
14430
14453
14477
14500
14523
14547
14569
14595
14619
14642
14665
14689
14712
14739
14765
14788
14814
14841
14867
14891
14915
14941
14967
14992
15018
15045
15068
15093
15117
15144
15170
15195
15221
15246
15272
15298
15322
15347
15372
15401
15428
15455
15483
15510
15537
15567
15594
15622
15651
15679
15706
15736
15764
15793
15820
15847
15874
15904
15935
15965
15992
16019
16048
16077
16106
16135
16163
16193
16222
16252
16283
16313
16346
16375
16403
16434
16465
16496
16526
16558
16590
16623
16653
16686
16719
16752
16783
16817
16848
16882
16914
16947
16980
17014
17047
17080
17117
17151
17183
17219
17253
17287
17321
17356
17390
17422
17458
17493
17527
17562
17598
17635
17673
17710
17748
17784
17821
17861
17897
17935
17976
18014
18055
18094
18131
18169
18209
18251
18291
18331
18370
18411
18453
18493
18532
18574
18615
18655
18696
18738
18780
18822
18864
18904
18949
18992
19033
19078
19121
19166
19210
19253
19301
19348
19394
19437
19484
19530
19576
19623
19670
19720
19767
19816
19863
19912
19959
20007
20056
20106
20158
20209
20263
20315
20366
20418
20470
20521
20575
20627
20681
20736
20793
20846
20902
20955
21008
21063
21117
21173
21231
21286
21340
21397
21457
21515
21572
21632
21692
21753
21812
21872
21932
21991
22052
22115
22179
22244
22309
22372
22441
22504
22570
22635
22702
22770
22840
22906
22972
23043
23114
23184
23257
23329
23402
23472
23548
23620
23694
23770
23844
23923
24001
24077
24159
24237
24316
24397
24476
24558
24642
24724
24809
24891
24977
25064
25150
25240
25329
25422
25512
25604
25695
25789
25879
25974
26068
26165
26260
26360
26458
26556
26659
26763
26869
26973
27074
27178
27283
27389
27501
27610
27717
27824
27934
28054
28171
28289
28406
28526
28649
28775
28899
29025
29154
29285
29418
29549
29684
29821
29961
30102
30243
30390
30535
30681
30830
30979
31134
31292
31450
31614
31772
31936
32107
32270
32439
32615
32790
32970
33154
33345
33530
33721
33918
34119
34324
34532
34740
34953
35168
35396
35621
35849
36082
36318
36566
36817
37065
37321
37589
37854
38132
38412
38709
39000
39303
39613
39929
40256
40584
40917
41262
41621
41987
42364
42751
43156
43565
43983
44421
44871
45339
45817
46308
46815
47329
47871
48430
49022
49619
50237
50878
51535
52225
52934
53658
54404
55148
55917
56692
57455
58204
58948
59676
60384
61061
61692
62285
62807
63285
63695
64057
64367
64620
64827
65000
65139
65246
65328
65389
65435
65468
65491
65506
65518
65525
65529
65532
65533
65534
65535
65535
65535
65535
65535
65535
65535
65535
65535
65535
65535
65535
65535
65535
65535
65535
65535
65535
65535
65535
65535
65535
65535
65535
65535
65535
65535
65535
65535
65535
65535
65535
65535
65535
65535
65535
65535
65535
65535
65535
65535
65535
65535
65535
65535
65535
65535
65535
65535
65535
65535
65535
65535
65535
65535
65535
65535
65535
65535
65535
65535
65535
65535
65535
65535
65535
65535
65535
65535
65535
65535
65535
65535
65535
65535
65535
65535
65535
65535
65535
65535
65535
65535
65535
65535
65535
65535
65535
65535
65535
65535
65535
65535
65535
65535
65535
65535
65535
65535
65535
65535
65535
65535
65535
65535
65535
65535
65535
65535
65535
65535
65535
65535
65535
65535
65535
65535
65535
65535
65535
65535
65535
65535
65535
65535
65535
65535
65535
65535
65535
65535
65535
65535
65535
65535
65535
65535
65535
65535
65535
65535
65535
65535
65535
65535
65535
65535
65535
65535
65535
65535
65535
65535
65535
65535
65535
65535
65535
65535
65535
65535
65535
65535
65535
65535
65535
65535
65535
65535
65535
65535
65535
65535
65535
65535
65535
65535
65535
65535
65535
65535
65535
65535
65535
65535
65535
65535
65535
65535
65535
65535
65535
65535
65535
65535
65535
65535
65535
65535
65535
65535
65535
65535
65535
65535
65535
65535
65535
65535
65535
65535
65535
65535
65535
65535
65535
65535
65535
65535
65535
65535
65535
65535
65535
65535
65535
65535
65535
65535
65535
65535
65535
65535
65535
65535
65535
65535
65535
65535
65535
65535
65535
65535
65535
65535
65535
65535
65535
65535
65535
65535
65535
65535
65535
65535
65535
65535
65535
65535
65535
65535
65535
65535
65535
65535
65535
65535
65535
65535
65535
65535
65535
65535
65535
65535
65535
65535
65535
65535
65535
65535
65535
65535
65535
65535
65535
65535
65535
65535
65535
65535
65535
65535
65535
65535
65535
65535
65535
65535
65535
65535
65535
65535
65535
65535
65535
65535
65535
65535
65535
65535
65535
65535
65535
65535
65535
65535
65535
65535
65535
65535
65535
65535
65535
65535
65535
65535
65535
65535
65535
65535
65535
65535
65535
65535
65535
65535
65535
65535
65535
65535
65535
65535
65535
65535
65535
65535
65535
65535
65535
65535
65535
65535
65535
65535
65535
65535
65535
65535
65535
65535
65535
65535
65535
65535
65535
65535
65535
65535
65535
65535
65535
65535
65535
65535
65535
65535
65535
65535
65535
65535
65535
65535
65535
65535
65535
65535
65535
65535
65535
65535
65535
65535
65535
65535
65535
65535
65535
65535
65535
65535
65535
65535
65535
65535
65535
65535
65535
65535
65535
65535
65535
65535
65535
65535
65535
65535
65535
65535
65535
65535
65535
65535
65535
65535
65535
65535
65535
65535
65535
65535
65535
65535
65535
65535
65535
65535
65535
65535
65535
65535
65535
65535
65535
65535
65535
65535
65535
65535
65535
65535
65535
65535
65535
65535
65535
65535
65535
65535
65535
65535
65535
65535
65535
65535
65535
65535
65535
65535
65535
65535
65535
65535
65535
65535
65535
65535
65535
65535
65535
65535
65535
65535
65535
65535
65535
65535
65535
65535
65535
65535
65535
65535
65535
65535
65535
65535
65535
65535
65535
65535
65535
65535
65535
65535
65535
65535
65535
65535
65535
65535
65535
65535
65535
65535
65535
65535
65535
65535
65535
65535
65535
65535
65535
65535
65535
65535
65535
65535
65535
65535
65535
65535
65535
65535
65535
65535
65535
65535
65535
65535
65535
65535
65535
65535
65535
65535
65535
65535
65535
65535
65535
65535
65535
65535
65535
65535
65535
65535
65535
65535
65535
65535
65535
65535
65535
65535
65535
65535
65535
65535
65535
65535
65535
65535
65535
65535
65535
65535
65535
65535
65535
65535
65535
65535
65535
65535
65535
65535
65535
65535
65535
65535
65535
65535
65535
65535
65535
65535
65535
65535
65535
65535
65535
65535
65535
65535
65535
65535
65535
65535
65535
65535
65535
65535
65535
65535
65535
65535
65535
65535
65535
65535
65535
65535
65535
65535
65535
65535
65535
65535
65535
65535
65535
65535
65535
65535
65535
65535
65535
65535
65535
65535
65535
65535
65535
65535
65535
65535
65535
65535
65535
65535
65535
65535
65535
65535
65535
65535
65535
65535
65535
65535
65535
65535
65535
65535
65535
65535
65535
65535
65535
65535
65535
65535
65535
65535
65535
65535
65535
65535
65535
65535
65535
65535
65535
65535
65535
65535
65535
65535
65535
65535
65535
65535
65535
65535
65535
65535
65535
65535
65535
65535
65535
65535
65535
65535
65535
65535
65535
65535
65535
65535
65535
65535
65535
65535
65535
65535
65535
65535
65535
65535
65535
65535
65535
65535
65535
65535
65535
65535
65535
65535
65535
65535
65535
65535
65535
65535
65535
65535
65535
65535
65535
65535
65535
65535
65535
65535
65535
65535
65535
65535
65535
65535
65535
65535
65535
65535
65535
65535
65535
65535
65535
65535
65535
65535
65535
65535
65535
65535
65535
65535
65535
65535
65535
65535
65535
65535
65535
65535
65535
65535
65535
65535
65535
65535
65535
65535
65535
65535
65535
65535
65535
65535
65535
65535
65535
65535
65535
65535
65535
65535
65535
65535
65535
65535
65535
65535
65535
65535
65535
65535
65535
65535
65535
65535
65535
65535
65535
65535
65535
65535
65535
65535
65535
65535
65535
65535
65535
65535
65535
65535
65535
65535
65535
65535
65535
65535
65535
65535
65535
65535
65535
65535
65535
65535
65535
65535
65535
65535
65535
65535
65535
65535
65535
65535
65535
65535
65535
65535
65535
65535
65535
65535
65535
65535
65535
65535
65535
65535
65535
65535
65535
65535
65535
65535
65535
65535
65535
65535
65535
65535
65535
65535
65535
65535
65535
65535
65535
65535
65535
65535
65535
65535
65535
65535
65535
65535
65535
65535
65535
65535
65535
65535
65535
65535
65535
65535
65535
65535
65535
65535
65535
65535
65535
65535
65535
65535
65535
65535
65535
65535
65535
65535
65535
65535
65535
65535
65535
65535
65535
65535
65535
65535
65535
65535
65535
65535
65535
65535
65535
65535
65535
65535
65535
65535
65535
65535
65535
65535
65535
65535
65535
65535
65535
65535
65535
65535
65535
65535
65535
65535
65535
65535
65535
65535
65535
65535
65535
65535
65535
65535
65535
65535
65535
65535
65535
65535
65535
65535
65535
65535
65535
65535
65535
65535
65535
65535
65535
65535
65535
65535
65535
65535
65535
65535
65535
65535
65535
65535
65535
65535
65535
65535
65535
65535
65535
65535
65535
65535
65535
65535
65535
65535
65535
65535
65535
65535
65535
65535
65535
65535
65535
65535
65535
65535
65535
65535
65535
65535
65535
65535
65535
65535
65535
65535
65535
65535
65535
65535
65535
65535
65535
65535
65535
65535
65535
65535
65535
65535
65535
65535
65535
65535
65535
65535
65535
65535
65535
65535
65535
65535
65535
65535
65535
65535
65535
65535
65535
65535
65535
65535
65535
65535
65535
65535
65535
65535
65535
65535
65535
65535
65535
65535
65535
65535
65535
65535
65535
65535
65535
65535
65535
65535
65535
65535
65535
65535
65535
65535
65535
65535
65535
65535
65535
65535
65535
65535
65535
65535
65535
65535
65535
65535
65535
65535
65535
65535
65535
65535
65535
65535
65535
65535
65535
65535
65535
65535
65535
65535
65535
65535
65535
65535
65535
65535
65535
65535
65535
65535
65535
65535
65535
65535
65535
65535
65535
65535
65535
65535
65535
65535
65535
65535
65535
65535
65535
65535
65535
65535
65535
65535
65535
65535
65535
65535
65535
65535
65535
65535
65535
65535
65535
65535
65535
65535
65535
65535
65535
65535
65535
65535
65535
65535
65535
65535
65535
65535
65535
65535
65535
65535
65535
65535
65535
65535
65535
65535
65535
65535
65535
65535
65535
65535
65535
65535
65535
65535
65535
65535
65535
65535
65535
65535
65535
65535
65535
65535
65535
65535
65535
65535
65535
65535
65535
65535
65535
65535
65535
65535
65535
65535
65535
65535
65535
65535
65535
65535
65535
65535
65535
65535
65535
65535
65535
65535
65535
65535
65535
65535
65535
65535
65535
65535
65535
65535
65535
65535
65535
65535
65535
65535
65535
65535
65535
65535
65535
65535
65535
65535
65535
65535
65535
65535
65535
65535
65535
65535
65535
65535
65535
65535
65535
65535
65535
65535
65535
65535
65535
65535
65535
65535
65535
65535
65535
65535
65535
65535
65535
65535
65535
65535
65535
65535
65535
65535
65535
65535
65535
65535
65535
65535
65535
65535
65535
65535
65535
65535
65535
65535
65535
65535
65535
65535
65535
65535
65535
65535
65535
65535
65535
65535
65535
65535
65535
65535
65535
65535
65535
65535
65535
65535
65535
65535
65535
65535
65535
65535
65535
65535
65535
65535
65535
65535
65535
65535
65535
65535
65535
65535
65535
65535
65535
65535
65535
65535
65535
65535
65535
65535
65535
65535
65535
65535
65535
65535
65535
65535
65535
65535
65535
65535
65535
65535
65535
65535
65535
65535
65535
65535
65535
65535
65535
65535
65535
65535
65535
65535
65535
65535
65535
65535
65535
65535
65535
65535
65535
65535
65535
65535
65535
65535
65535
65535
65535
65535
65535
65535
65535
65535
65535
65535
65535
65535
65535
65535
65535
65535
65535
65535
65535
65535
65535
65535
65535
65535
65535
65535
65535
65535
65535
65535
65535
65535
65535
65535
65535
65535
65535
65535
65535
65535
65535
65535
65535
65535
65535
65535
65535
65535
65535
65535
65535
65535
65535
65535
65535
65535
65535
65535
65535
65535
65535
65535
65535
65535
65535
65535
65535
65535
65535
65535
65535
65535
65535
65535
65535
65535
65535
65535
65535
65535
65535
65535
65535
65535
65535
65535
65535
65535
65535
65535
65535
65535
65535
65535
65535
65535
65535
65535
65535
65535
65535
65535
65535
65535
65535
65535
65535
65535
65535
65535
65535
65535
65535
65535
65535
65535
65535
65535
65535
65535
65535
65535
65535
65535
65535
65535
65535
65535
65535
65535
65535
65535
65535
65535
65535
65535
65535
65535
65535
65535
65535
65535
65535
65535
65535
65535
65535
65535
65535
65535
65535
65535
65535
65535
65535
65535
65535
65535
65535
65535
65535
65535
65535
65535
65535
65535
65535
65535
65535
65535
65535
65535
65535
65535
65535
65535
65535
65535
65535
65535
65535
65535
65535
65535
65535
65535
65535
65535
65535
65535
65535
65535
65535
65535
65535
65535
65535
65535
65535
65535
65535
65535
65535
65535
65535
65535
65535
65535
65535
65535
65535
65535
65535
65535
65535
65535
65535
65535
65535
65535
65535
65535
65535
65535
65535
65535
65535
65535
65535
65535
65535
65535
65535
65535
65535
65535
65535
65535
65535
65535
65535
65535
65535
65535
65535
65535
65535
65535
65535
65535
65535
65535
65535
65535
65535
65535
65535
65535
65535
65535
65535
65535
65535
65535
65535
65535
65535
65535
65535
65535
65535
65535
65535
65535
65535
65535
65535
65535
65535
65535
65535
65535
65535
65535
65535
65535
65535
65535
65535
65535
65535
65535
65535
65535
65535
65535
65535
65535
65535
65535
65535
65535
65535
65535
65535
65535
65535
65535
65535
65535
65535
65535
65535
65535
65535
65535
65535
65535
65535
65535
65535
65535
65535
65535
65535
65535
65535
65535
65535
65535
65535
65535
65535
65535
65535
65535
65535
65535
65535
65535
65535
65535
65535
65535
65535
65535
65535
65535
65535
65535
65535
65535
65535
65535
65535
65535
65535
65535
65535
65535
65535
65535
65535
65535
65535
65535
65535
65535
65535
65535
65535
65535
65535
65535
65535
65535
65535
65535
65535
65535
65535
65535
65535
65535
65535
65535
65535
65535
65535
65535
65535
65535
65535
65535
65535
65535
65535
65535
65535
65535
65535
65535
65535
65535
65535
65535
65535
65535
65535
65535
65535
65535
65535
65535
65535
65535
65535
65535
65535
65535
65535
65535
65535
65535
65535
65535
65535
65535
65535
65535
65535
65535
65535
65535
65535
65535
65535
65535
65535
65535
65535
65535
65535
65535
65535
65535
65535
65535
65535
65535
65535
65535
65535
65535
65535
65535
65535
65535
65535
65535
65535
65535
65535
65535
65535
65535
65535
65535
65535
65535
65535
65535
65535
65535
65535
65535
65535
65535
65535
65535
65535
65535
65535
65535
65535
65535
65535
65535
65535
65535
65535
65535
65535
65535
65535
65535
65535
65535
65535
65535
65535
65535
65535
65535
65535
65535
65535
65535
65535
65535
65535
65535
65535
65535
65535
65535
65535
65535
65535
65535
65535
65535
65535
65535
65535
65535
65535
65535
65535
65535
65535
65535
65535
65535
65535
65535
65535
65535
65535
65535
65535
65535
65535
65535
65535
65535
65535
65535
65535
65535
65535
65535
65535
65535
65535
65535
65535
65535
65535
65535
65535
65535
65535
65535
65535
65535
65535
65535
65535
65535
65535
65535
65535
65535
65535
65535
65535
65535
65535
65535
65535
65535
65535
65535
65535
65535
65535
65535
65535
65535
65535
65535
65535
65535
65535
65535
65535
65535
65535
65535
65535
65535
65535
65535
65535
65535
65535
65535
65535
65535
65535
65535
65535
65535
65535
65535
65535
65535
65535
65535
65535
65535
65535
65535
65535
65535
65535
65535
65535
65535
65535
65535
65535
65535
65535
65535
65535
65535
65535
65535
65535
65535
65535
65535
65535
65535
65535
65535
65535
65535
65535
65535
65535
65535
65535
65535
65535
65535
65535
65535
65535
65535
65535
65535
65535
65535
65535
65535
65535
65535
65535
65535
65535
65535
65535
65535
65535
65535
65535
65535
65535
65535
65535
65535
65535
65535
65535
65535
65535
65535
65535
65535
65535
65535
65535
65535
65535
65535
65535
65535
65535
65535
65535
65535
65535
65535
65535
65535
65535
65535
65535
65535
65535
65535
65535
65535
65535
65535
65535
65535
65535
65535
65535
65535
65535
65535
65535
65535
65535
65535
65535
65535
65535
65535
65535
65535
65535
65535
65535
65535
65535
65535
65535
65535
65535
65535
65535
65535
65535
65535
65535
65535
65535
65535
65535
65535
65535
65535
65535
65535
65535
65535
65535
65535
65535
65535
65535
65535
65535
65535
65535
65535
65535
65535
65535
65535
65535
65535
65535
65535
65535
65535
65535
65535
65535
65535
65535
65535
65535
65535
65535
65535
65535
65535
65535
65535
65535
65535
65535
65535
65535
65535
65535
65535
65535
65535
65535
65535
65535
65535
65535
65535
65535
65535
65535
65535
65535
65535
65535
65535
65535
65535
65535
65535
65535
65535
65535
65535
65535
65535
65535
65535
65535
65535
65535
65535
65535
65535
65535
65535
65535
65535
65535
65535
65535
65535
65535
65535
65535
65535
65535
65535
65535
65535
65535
65535
65535
65535
65535
65535
65535
65535
65535
65535
65535
65535
65535
65535
65535
65535
65535
65535
65535
65535
65535
65535
65535
65535
65535
65535
65535
65535
65535
65535
65535
65535
65535
65535
65535
65535
65535
65535
65535
65535
65535
65535
65535
65535
65535
65535
65535
65535
65535
65535
65535
65535
65535
65535
65535
65535
65535
65535
65535
65535
65535
65535
65535
65535
65535
65535
65535
65535
65535
65535
65535
65535
65535
65535
65535
65535
65535
65535
65535
65535
65535
65535
65535
65535
65535
65535
65535
65535
65535
65535
65535
65535
65535
65535
65535
65535
65535
65535
65535
65535
65535
65535
65535
65535
65535
65535
65535
65535
65535
65535
65535
65535
65535
65535
65535
65535
65535
65535
65535
65535
65535
65535
65535
65535
65535
65535
65535
65535
65535
65535
65535
65535
65535
65535
65535
65535
65535
65535
65535
65535
65535
65535
65535
65535
65535
65535
65535
65535
65535
65535
65535
65535
65535
65535
65535
65535
65535
65535
65535
65535
65535
65535
65535
65535
65535
65535
65535
65535
65535
65535
65535
65535
65535
65535
65535
65535
65535
65535
65535
65535
65535
65535
65535
65535
65535
65535
65535
65535
65535
65535
65535
65535
65535
65535
65535
65535
65535
65535
65535
65535
65535
65535
65535
65535
65535
65535
65535
65535
65535
65535
65535
65535
65535
65535
65535
65535
65535
65535
65535
65535
65535
65535
65535
65535
65535
65535
65535
65535
65535
65535
65535
65535
65535
65535
65535
65535
65535
65535
65535
65535
65535
65535
65535
65535
65535
65535
65535
65535
65535
65535
65535
65535
65535
65535
65535
65535
65535
65535
65535
65535
65535
65535
65535
65535
65535
65535
65535
65535
65535
65535
65535
65535
65535
65535
65535
65535
65535
65535
65535
65535
65535
65535
65535
65535
65535
65535
65535
65535
65535
65535
65535
65535
65535
65535
65535
65535
65535
65535
65535
65535
65535
65535
65535
65535
65535
65535
65535
65535
65535
65535
65535
65535
65535
65535
65535
65535
65535
65535
65535
65535
65535
65535
65535
65535
65535
65535
65535
65535
65535
65535
65535
65535
65535
65535
65535
65535
65535
65535
65535
65535
65535
65535
65535
65535
65535
65535
65535
65535
65535
65535
65535
65535
65535
65535
65535
65535
65535
65535
65535
65535
65535
65535
65535
65535
65535
65535
65535
65535
65535
65535
65535
65535
65535
65535
65535
65535
65535
65535
65535
65535
65535
65535
65535
65535
65535
65535
65535
65535
65535
65535
65535
65535
65535
65535
65535
65535
65535
65535
65535
65535
65535
65535
65535
65535
65535
65535
65535
65535
65535
65535
65535
65535
65535
65535
65535
65535
65535
65535
65535
65535
65535
65535
65535
65535
65535
65535
65535
65535
65535
65535
65535
65535
65535
65535
65535
65535
65535
65535
65535
65535
65535
65535
65535
65535
65535
65535
65535
65535
65535
65535
65535
65535
65535
65535
65535
65535
65535
65535
65535
65535
65535
65535
65535
65535
65535
65535
65535
65535
65535
65535
65535
65535
65535
65535
65535
65535
65535
65535
65535
65535
65535
65535
65535
65535
65535
65535
65535
65535
65535
65535
65535
65535
65535
65535
65535
65535
65535
65535
65535
65535
65535
65535
65535
65535
65535
65535
65535
65535
65535
65535
65535
65535
65535
65535
65535
65535
65535
65535
65535
65535
65535
65535
65535
65535
65535
65535
65535
65535
65535
65535
65535
65535
65535
65535
65535
65535
65535
65535
65535
65535
65535
65535
65535
65535
65535
65535
65535
65535
65535
65535
65535
65535
65535
65535
65535
65535
65535
65535
65535
65535
65535
65535
65535
65535
65535
65535
65535
65535
65535
65535
65535
65535
65535
65535
65535
65535
65535
65535
65535
65535
65535
65535
65535
65535
65535
65535
65535
65535
65535
65535
65535
65535
65535
65535
65535
65535
65535
65535
65535
65535
65535
65535
65535
65535
65535
65535
65535
65535
65535
65535
65535
65535
65535
65535
65535
65535
65535
65535
65535
65535
65535
65535
65535
65535
65535
65535
65535
65535
65535
65535
65535
65535
65535
65535
65535
65535
65535
65535
65535
65535
65535
65535
65535
65535
65535
65535
65535
65535
65535
65535
65535
65535
65535
65535
65535
65535
65535
65535
65535
65535
65535
65535
65535
65535
65535
65535
65535
65535
65535
65535
65535
65535
65535
65535
65535
65535
65535
65535
65535
65535
65535
65535
65535
65535
65535
65535
65535
65535
65535
65535
65535
65535
65535
65535
65535
65535
65535
65535
65535
65535
65535
65535
65535
65535
65535
65535
65535
65535
65535
65535
65535
65535
65535
65535
65535
65535
65535
65535
65535
65535
65535
65535
65535
65535
65535
65535
65535
65535
65535
65535
65535
65535
65535
65535
65535
65535
65535
65535
65535
65535
65535
65535
65535
65535
65535
65535
65535
65535
65535
65535
65535
65535
65535
65535
65535
65535
65535
65535
65535
65535
65535
65535
65535
65535
65535
65535
65535
65535
65535
65535
65535
65535
65535
65535
65535
65535
65535
65535
65535
65535
65535
65535
65535
65535
65535
65535
65535
65535
65535
65535
65535
65535
65535
65535
65535
65535
65535
65535
65535
65535
65535
65535
65535
65535
65535
65535
65535
65535
65535
65535
65535
65535
65535
65535
65535
65535
65535
65535
65535
65535
65535
65535
65535
65535
65535
65535
65535
65535
65535
65535
65535
65535
65535
65535
65535
65535
65535
65535
65535
65535
65535
65535
65535
65535
65535
65535
65535
65535
65535
65535
65535
65535
65535
65535
65535
65535
65535
65535
65535
65535
65535
65535
65535
65535
65535
65535
65535
65535
65535
65535
65535
65535
65535
65535
65535
65535
65535
65535
65535
65535
65535
65535
65535
65535
65535
65535
65535
65535
65535
65535
65535
65535
65535
65535
65535
65535
65535
65535
65535
65535
65535
65535
65535
65535
65535
65535
65535
65535
65535
65535
65535
65535
65535
65535
65535
65535
65535
65535
65535
65535
65535
65535
65535
65535
65535
65535
65535
65535
65535
65535
65535
65535
65535
65535
65535
65535
65535
65535
65535
65535
65535
65535
65535
65535
65535
65535
65535
65535
65535
65535
65535
65535
65535
65535
65535
65535
65535
65535
65535
65535
65535
65535
65535
65535
65535
65535
65535
65535
65535
65535
65535
65535
65535
65535
65535
65535
65535
65535
65535
65535
65535
65535
65535
65535
65535
65535
65535
65535
65535
65535
65535
65535
65535
65535
65535
65535
65535
65535
65535
65535
65535
65535
65535
65535
65535
65535
65535
65535
65535
65535
65535
65535
65535
65535
65535
65535
65535
65535
65535
65535
65535
65535
65535
65535
65535
65535
65535
65535
65535
65535
65535
65535
65535
65535
65535
65535
65535
65535
65535
65535
65535
65535
65535
65535
65535
65535
65535
65535
65535
65535
65535
65535
65535
65535
65535
65535
65535
65535
65535
65535
65535
65535
65535
65535
65535
65535
65535
65535
65535
65535
65535
65535
65535
65535
65535
65535
65535
65535
65535
65535
65535
65535
65535
65535
65535
65535
65535
65535
65535
65535
65535
65535
65535
65535
65535
65535
65535
65535
65535
65535
65535
65535
65535
65535
65535
65535
65535
65535
65535
65535
65535
65535
65535
65535
65535
65535
65535
65535
65535
65535
65535
65535
65535
65535
65535
65535
65535
65535
65535
65535
65535
65535
65535
65535
65535
65535
65535
65535
65535
65535
65535
65535
65535
65535
65535
65535
65535
65535
65535
65535
65535
65535
65535
65535
65535
65535
65535
65535
65535
65535
65535
65535
65535
65535
65535
65535
65535
65535
65535
65535
65535
65535
65535
65535
65535
65535
65535
65535
65535
65535
65535
65535
65535
65535
65535
65535
65535
65535
65535
65535
65535
65535
65535
65535
65535
65535
65535
65535
65535
65535
65535
65535
65535
65535
65535
65535
65535
65535
65535
65535
65535
65535
65535
65535
65535
65535
65535
65535
65535
65535
65535
65535
65535
65535
65535
65535
65535
65535
65535
65535
65535
65535
65535
65535
65535
65535
65535
65535
65535
65535
65535
65535
65535
65535
65535
65535
65535
65535
65535
65535
65535
65535
65535
65535
65535
65535
65535
65535
65535
65535
65535
65535
65535
65535
65535
65535
65535
65535
65535
65535
65535
65535
65535
65535
65535
65535
65535
65535
65535
65535
65535
65535
65535
65535
65535
65535
65535
65535
65535
65535
65535
65535
65535
65535
65535
65535
65535
65535
65535
65535
65535
65535
65535
65535
65535
65535
65535
65535
65535
65535
65535
65535
65535
65535
65535
65535
65535
65535
65535
65535
65535
65535
65535
65535
65535
65535
65535
65535
65535
65535
65535
65535
65535
65535
65535
65535
65535
65535
65535
65535
65535
65535
65535
65535
65535
65535
65535
65535
65535
65535
65535
65535
65535
65535
65535
65535
65535
65535
65535
65535
65535
65535
65535
65535
65535
65535
65535
65535
65535
65535
65535
65535
65535
65535
65535
65535
65535
65535
65535
65535
65535
65535
65535
65535
65535
65535
65535
65535
65535
65535
65535
65535
65535
65535
65535
65535
65535
65535
65535
65535
65535
65535
65535
65535
65535
65535
65535
65535
65535
65535
65535
65535
65535
65535
65535
65535
65535
65535
65535
65535
65535
65535
65535
65535
65535
65535
65535
65535
65535
65535
65535
65535
65535
65535
65535
65535
65535
65535
65535
65535
65535
65535
65535
65535
65535
65535
65535
65535
65535
65535
65535
65535
65535
65535
65535
65535
65535
65535
65535
65535
65535
65535
65535
65535
65535
65535
65535
65535
65535
65535
65535
65535
65535
65535
65535
65535
65535
65535
65535
65535
65535
65535
65535
65535
65535
65535
65535
65535
65535
65535
65535
65535
65535
65535
65535
65535
65535
65535
65535
65535
65535
65535
65535
65535
65535
65535
65535
65535
65535
65535
65535
65535
65535
65535
65535
65535
65535
65535
65535
65535
65535
65535
65535
65535
65535
65535
65535
65535
65535
65535
65535
65535
65535
65535
65535
65535
65535
65535
65535
65535
65535
65535
65535
65535
65535
65535
65535
65535
65535
65535
65535
65535
65535
65535
65535
65535
65535
65535
65535
65535
65535
65535
65535
65535
65535
65535
65535
65535
65535
65535
65535
65535
65535
65535
65535
65535
65535
65535
65535
65535
65535
65535
65535
65535
65535
65535
65535
65535
65535
65535
65535
65535
65535
65535
65535
65535
65535
65535
65535
65535
65535
65535
65535
65535
65535
65535
65535
65535
65535
65535
65535
65535
65535
65535
65535
65535
65535
65535
65535
65535
65535
65535
65535
65535
65535
65535
65535
65535
65535
65535
65535
65535
65535
65535
65535
65535
65535
65535
65535
65535
65535
65535
65535
65535
65535
65535
65535
65535
65535
65535
65535
65535
65535
65535
65535
65535
65535
65535
65535
65535
65535
65535
65535
65535
65535
65535
65535
65535
65535
65535
65535
65535
65535
65535
65535
65535
65535
65535
65535
65535
65535
65535
65535
65535
65535
65535
65535
65535
65535
65535
65535
65535
65535
65535
65535
65535
65535
65535
65535
65535
65535
65535
65535
65535
65535
65535
65535
65535
65535
65535
65535
65535
65535
65535
65535
65535
65535
65535
65535
65535
65535
65535
65535
65535
65535
65535
65535
65535
65535
65535
65535
65535
65535
65535
65535
65535
65535
65535
65535
65535
65535
65535
65535
65535
65535
65535
65535
65535
65535
65535
65535
65535
65535
65535
65535
65535
65535
65535
65535
65535
65535
65535
65535
65535
65535
65535
65535
65535
65535
65535
65535
65535
65535
65535
65535
65535
65535
65535
65535
65535
65535
65535
65535
65535
65535
65535
65535
65535
65535
65535
65535
65535
65535
65535
65535
65535
65535
65535
65535
65535
65535
65535
65535
65535
65535
65535
65535
65535
65535
65535
65535
65535
65535
65535
65535
65535
65535
65535
65535
65535
65535
65535
65535
65535
65535
65535
65535
65535
65535
65535
65535
65535
65535
65535
65535
65535
65535
65535
65535
65535
65535
65535
65535
65535
65535
65535
65535
65535
65535
65535
65535
65535
65535
65535
65535
65535
65535
65535
65535
65535
65535
65535
65535
65535
65535
65535
65535
65535
65535
65535
65535
65535
65535
65535
65535
65535
65535
65535
65535
65535
65535
65535
65535
65535
65535
65535
65535
65535
65535
65535
65535
65535
65535
65535
65535
65535
65535
65535
65535
65535
65535
65535
65535
65535
65535
65535
65535
65535
65535
65535
65535
65535
65535
65535
65535
65535
65535
65535
65535
65535
65535
65535
65535
65535
65535
65535
65535
65535
65535
65535
65535
65535
65535
65535
65535
65535
65535
65535
65535
65535
65535
65535
65535
65535
65535
65535
65535
65535
65535
65535
65535
65535
65535
65535
65535
65535
65535
65535
65535
65535
65535
65535
65535
65535
65535
65535
65535
65535
65535
65535
65535
65535
65535
65535
65535
65535
65535
65535
65535
65535
65535
65535
65535
65535
65535
65535
65535
65535
65535
65535
65535
65535
65535
65535
65535
65535
65535
65535
65535
65535
65535
65535
65535
65535
65535
65535
65535
65535
65535
65535
65535
65535
65535
65535
65535
65535
65535
65535
65535
65535
65535
65535
65535
65535
65535
65535
65535
65535
65535
65535
65535
65535
65535
65535
65535
65535
65535
65535
65535
65535
65535
65535
65535
65535
65535
65535
65535
65535
65535
65535
65535
65535
65535
65535
65535
65535
65535
65535
65535
65535
65535
65535
65535
65535
65535
65535
65535
65535
65535
65535
65535
65535
65535
65535
65535
65535
65535
65535
65535
65535
65535
65535
65535
65535
65535
65535
65535
65535
65535
65535
65535
65535
65535
65535
65535
65535
65535
65535
65535
65535
65535
65535
65535
65535
65535
65535
65535
65535
65535
65535
65535
65535
65535
65535
65535
65535
65535
65535
65535
65535
65535
65535
65535
65535
65535
65535
65535
65535
65535
65535
65535
65535
65535
65535
65535
65535
65535
65535
65535
65535
65535
65535
65535
65535
65535
65535
65535
65535
65535
65535
65535
65535
65535
65535
65535
65535
65535
65535
65535
65535
65535
65535
65535
65535
65535
65535
65535
65535
65535
65535
65535
65535
65535
65535
65535
65535
65535
65535
65535
65535
65535
65535
65535
65535
65535
65535
65535
65535
65535
65535
65535
65535
65535
65535
65535
65535
65535
65535
65535
65535
65535
65535
65535
65535
65535
65535
65535
65535
65535
65535
65535
65535
65535
65535
65535
65535
65535
65535
65535
65535
65535
65535
65535
65535
65535
65535
65535
65535
65535
65535
65535
65535
65535
65535
65535
65535
65535
65535
65535
65535
65535
65535
65535
65535
65535
65535
65535
65535
65535
65535
65535
65535
65535
65535
65535
65535
65535
65535
65535
65535
65535
65535
65535
65535
65535
65535
65535
65535
65535
65535
65535
65535
65535
65535
65535
65535
65535
65535
65535
65535
65535
65535
65535
65535
65535
65535
65535
65535
65535
65535
65535
65535
65535
65535
65535
65535
65535
65535
65535
65535
65535
65535
65535
65535
65535
65535
65535
65535
65535
65535
65535
65535
65535
65535
65535
65535
65535
65535
65535
65535
65535
65535
65535
65535
65535
65535
65535
65535
65535
65535
65535
65535
65535
65535
65535
65535
65535
65535
65535
65535
65535
65535
65535
65535
65535
65535
65535
65535
65535
65535
65535
65535
65535
65535
65535
65535
65535
65535
65535
65535
65535
65535
65535
65535
65535
65535
65535
65535
65535
65535
65535
65535
65535
65535
65535
65535
65535
65535
65535
65535
65535
65535
65535
65535
65535
65535
65535
65535
65535
65535
65535
65535
65535
65535
65535
65535
65535
65535
65535
65535
65535
65535
65535
65535
65535
65535
65535
65535
65535
65535
65535
65535
65535
65535
65535
65535
65535
65535
65535
65535
65535
65535
65535
65535
65535
65535
65535
65535
65535
65535
65535
65535
65535
65535
65535
65535
65535
65535
65535
65535
65535
65535
65535
65535
65535
65535
65535
65535
65535
65535
65535
65535
65535
65535
65535
65535
65535
65535
65535
65535
65535
65535
65535
65535
65535
65535
65535
65535
65535
65535
65535
65535
65535
65535
65535
65535
65535
65535
65535
65535
65535
65535
65535
65535
65535
65535
65535
65535
65535
65535
65535
65535
65535
65535
65535
65535
65535
65535
65535
65535
65535
65535
65535
65535
65535
65535
65535
65535
65535
65535
65535
65535
65535
65535
65535
65535
65535
65535
65535
65535
65535
65535
65535
65535
65535
65535
65535
65535
65535
65535
65535
65535
65535
65535
65535
65535
65535
65535
65535
65535
65535
65535
65535
65535
65535
65535
65535
65535
65535
65535
65535
65535
65535
65535
65535
65535
65535
65535
65535
65535
65535
65535
65535
65535
65535
65535
65535
65535
65535
65535
65535
65535
65535
65535
65535
65535
65535
65535
65535
65535
65535
65535
65535
65535
65535
65535
65535
65535
65535
65535
65535
65535
65535
65535
65535
65535
65535
65535
65535
65535
65535
65535
65535
65535
65535
65535
65535
65535
65535
65535
65535
65535
65535
65535
65535
65535
65535
65535
65535
65535
65535
65535
65535
65535
65535
65535
65535
65535
65535
65535
65535
65535
65535
65535
65535
65535
65535
65535
65535
65535
65535
65535
65535
65535
65535
65535
65535
65535
65535
65535
65535
65535
65535
65535
65535
65535
65535
65535
65535
65535
65535
65535
65535
65535
65535
65535
65535
65535
65535
65535
65535
65535
65535
65535
65535
65535
65535
65535
65535
65535
65535
65535
65535
65535
65535
65535
65535
65535
65535
65535
65535
65535
65535
65535
65535
65535
65535
65535
65535
65535
65535
65535
65535
65535
65535
65535
65535
65535
65535
65535
65535
65535
65535
65535
65535
65535
65535
65535
65535
65535
65535
65535
65535
65535
65535
65535
65535
65535
65535
65535
65535
65535
65535
65535
65535
65535
65535
65535
65535
65535
65535
65535
65535
65535
65535
65535
65535
65535
65535
65535
65535
65535
65535
65535
65535
65535
65535
65535
65535
65535
65535
65535
65535
65535
65535
65535
65535
65535
65535
65535
65535
65535
65535
65535
65535
65535
65535
65535
65535
65535
65535
65535
65535
65535
65535
65535
65535
65535
65535
65535
65535
65535
65535
65535
65535
65535
65535
65535
65535
65535
65535
65535
65535
65535
65535
65535
65535
65535
65535
65535
65535
65535
65535
65535
65535
65535
65535
65535
65535
65535
65535
65535
65535
65535
65535
65535
65535
65535
65535
65535
65535
65535
65535
65535
65535
65535
65535
65535
65535
65535
65535
65535
65535
65535
65535
65535
65535
65535
65535
65535
65535
65535
65535
65535
65535
65535
65535
65535
65535
65535
65535
65535
65535
65535
65535
65535
65535
65535
65535
65535
65535
65535
65535
65535
65535
65535
65535
65535
65535
65535
65535
65535
65535
65535
65535
65535
65535
65535
65535
65535