40413
59066
5965
43269
11929
39908
14785
58308
48729
11171
45367
32680
23101
4196
50826
28813
19234
329
76
6041
65106
61745
55275
42587
33008
23429
57625
26285
13598
35106
12839
28130
2755
21155
55098
26614
51231
19638
31820
47111
59293
37027
52318
5181
26690
41981
32149
16100
12486
61973
30380
26766
32478
60204
6597
52975
40035
11551
1719
57423
3817
18855
65233
46075
14230
51282
63211
22040
62200
24137
51610
4221
31694
21863
18249
33287
35890
19841
56640
34121
39833
64197
7482
16303
62681
12183
17895
23607
63515
44357
46960
37129
49058
29648
38468
50145
21408
17794
26615
63414
28460
15267
23835
23076
35006
43827
61973
51889
20044
25756
62555
33818
23986
51459
25831
62631
46329
23810
57500
44307
37584
65057
39429
20018
47492
53204
40010
51940
57399
56641
58991
39581
26388
47391
55959
58562
48730
38646
38140
53179
36877
29901
26034
31746
37458
58714
20651
57450
25604
9303
8797
17618
63743
44333
53153
5764
27020
14080
57096
15925
37180
36675
48604
4324
28688
18604
30533
58006
13726
31873
31367
12209
17921
17163
13549
53457
40264
45723
13878
35133
59498
40087
2024
13954
35209
53356
33946
33187
1342
25706
9657
62253
17972
29902
7382
19312
43676
40062
1999
32581
44510
15774
30812
5184
38874
47695
62733
24670
8368
20298
38445
41048
43651
11806
26844
7433
44233
53053
52548
14485
17088
44561
59599
43550
8596
4982
41781
31949
6321
12033
17745
4552
28917
47064
2783
33365
51512
29245
9835
37308
61672
64275
38647
3693
43601
49060
11250
26288
53761
50147
65185
39557
7965
29220
53585
43753
61900
39633
42236
19717
6777
6271
30888
27274
39456
54495
50880
56592
15421
30459
51714
10543
6929
56415
59019
39861
45573
45067
60106
25151
9102
55480
48758
35817
16659
6828
3213
43374
36651
33037
44966
35135
28412
15472
18075
26895
4629
7232
9835
4
40164
64529
10922
10417
585
9406
15118
42591
14107
38471
25531
15699
15194
36449
42161
23004
737
53333
12414
2582
58286
20476
32406
13248
59626
59120
64832
11226
4503
47772
25506
34327
55582
58185
17266
60536
32052
22220
9280
8774
39609
29777
38598
19440
31370
37082
5489
36323
51362
25986
31698
21867
55810
49087
36147
48076
28918
3543
56138
5641
33366
23535
10594
38320
3619
31345
18404
45877
36046
16888
60157
50326
59146
46206
52171
45448
32507
10241
37714
27882
8724
51994
42162
44765
50477
37537
21488
11656
32912
63746
22575
12743
24672
24167
20553
35591
28868
28363
18531
18025
61042
51210
19618
3569
65490
27680
52297
58009
57504
38346
40949
46661
2634
36577
39180
44892
22626
37664
56063
64884
42617
26568
7411
53789
40848
43452
5641
14462
35718
19669
31598
12440
58818
61422
60916
63519
31927
6551
6046
39989
14614
11000
7385
56872
28388
34100
42921
20402
23005
60057
40899
31068
24345
5187
29804
54168
38119
50049
6021
24168
11227
63823
7108
6602
62307
24244
20629
63899
13401
53562
43730
18355
20958
64228
54396
25912
19189
31
52374
26746
63798
47749
41026
15651
58920
64632
48583
13881
941
9762
24800
33621
14463
10849
63444
56721
62433
37058
45879
1851
48229
53941
31675
24952
12011
55281
29906
10748
35112
50150
12340
21161
20655
7715
28970
40900
12163
17875
11152
51060
9889
15601
49544
52147
1649
4252
3747
59451
2736
64658
51717
41886
56924
12644
2812
36755
55155
7766
60361
537
43807
9105
5491
8094
57581
25736
37665
52703
33546
64127
38752
44464
28415
52779
33621
64203
51263
6982
260
2863
5466
48736
23360
51086
50581
6300
33773
45703
1422
22678
411
37463
24523
51996
45273
44768
31827
34430
2838
14767
29805
63749
3925
18963
15349
8373
45425
23158
35088
12568
52476
61297
23234
715
209
2813
11633
48433
41710
13226
62713
27758
27000
45400
22881
50354
9182
5568
64128
51188
44465
15728
27657
17826
42190
35467
50505
18660
30589
26975
26470
13529
12771
30918
58391
57886
63598
50657
21920
61828
58214
13934
19646
37793
2839
8550
36024
19722
311
43581
36858
55005
60717
56850
53235
62056
5341
48610
44996
44238
37515
24575
20708
38855
792
6504
65317
64811
39183
48004
16158
40523
49343
20607
38754
50683
37490
8753
51770
60591
16310
59327
61930
23867
32688
47726
3446
52680
61501
7894
57128
37718
8981
33345
63927
19647
25359
40397
8551
32916
57280
3673
21820
61728
29883
44668
15931
43405
5342
60793
22730
9537
33901
42722
4659
44567
37592
11964
14567
7844
53969
363
52706
11534
35646
22705
43961
49420
64458
41939
41433
56472
18409
20759
1349
25713
9411
21341
36379
60743
7137
9740
62083
17802
17044
742
25107
65015
26952
7541
565
21568
64585
51392
4003
50128
33826
17525
32310
16008
2815
8527
29783
35242
31375
15073
1880
16918
19269
18510
49092
35899
25815
6404
55638
14467
51266
9841
59076
30339
4711
29075
338
62008
64358
1173
37972
37214
64687
63928
56953
3346
27711
8300
45099
19471
40727
39969
23667
26017
12824
49371
51974
1223
59784
55917
42724
48183
16337
3144
2386
51620
47753
34560
62033
61275
51191
13128
12370
14720
17071
59835
5975
45883
51343
31679
37138
27054
51166
53516
58975
55361
63929
28722
34182
8301
17121
41486
37366
39717
14089
32236
25260
40045
42396
44746
37771
21216
26423
34991
21545
27004
4485
9944
40273
20862
60770
35142
46819
52278
63955
10096
21772
14544
47982
34789
49574
29911
19826
43938
11840
61074
63425
12674
46112
4435
56777
30897
23668
4005
3247
8706
29709
19625
40627
33652
60872
6760
46415
32969
3980
31200
49094
63880
34890
49676
26904
41689
62692
33955
33197
51091
59659
58648
36129
922
15708
49145
48387
41159
15278
14267
53922
63
27283
63830
47275
12068
61302
57183
3323
18109
29533
9870
2894
14571
48008
6584
46239
63881
22456
65220
57992
38329
9339
52103
23114
34790
27815
33274
1176
3273
52255
26374
53594
46366
57790
56779
9137
17705
51143
12827
55591
35928
44496
65499
39618
16846
6509
5498
13813
6585
24479
29685
31783
18337
1783
50511
49501
4967
35044
12272
39239
16467
12348
36459
19905
47125
58802
48465
38380
34260
36358
26021
3249
17782
19880
25086
61380
22811
21801
36333
10200
59181
36409
16746
18844
8506
29509
34969
52610
38911
50588
27816
20588
13359
34109
61077
10326
59055
26957
32163
15609
49047
23166
50386
33832
45256
31810
15255
4918
25668
58853
1632
9948
37168
17252
3806
31027
52029
29005
40429
8078
38407
56301
45964
63605
3276
52257
54355
28474
2593
17126
59637
30395
41819
37699
61558
60547
28196
14498
47683
37346
1886
53976
40530
64389
698
2796
35981
28753
9089
32948
25467
52435
16975
3276
2265
4616
3605
18138
38888
53421
36613
63581
31230
45763
16520
15509
36007
547
46167
26251
28349
55316
47835
28172
55140
50767
65300
20261
22359
52435
60751
19074
24280
7473
15788
2089
53927
6032
39217
59967
65174
63910
53320
17861
4162
46673
17431
22385
40026
4567
22208
17836
35477
59336
20768
57061
52689
23447
50667
5881
45284
16041
24357
14020
6538
58376
16699
21653
32824
43995
2065
10380
6261
33228
26000
21627
17508
16244
46320
26404
18923
45638
22613
15132
17230
423
27390
13692
25116
39396
35276
12251
42328
28882
5857
26607
25343
8536
4164
46675
64064
3734
27340
32547
37753
11620
63457
15310
63786
53196
36389
22690
27897
26633
62927
61663
32168
6034
54763
34847
24257
57190
18368
4670
53399
27265
19784
15664
8183
31789
40105
23297
6490
58327
9927
24460
23196
25041
11343
38058
46373
45109
28302
8386
25774
2750
29717
9801
18116
26179
3154
64318
16170
17763
47334
61866
35733
22034
30097
855
27569
35379
18572
35961
6718
42759
38387
40232
20316
147
17536
729
11900
32397
18446
51631
19027
5329
57166
43467
4646
37831
14807
4217
49837
11016
426
49154
7477
31336
2094
3939
5531
38716
34344
64168
56686
30553
57268
49787
10965
15919
45743
63132
61868
4394
40688
4976
50343
61514
57142
34117
17057
9576
58052
28557
5279
56864
30730
60807
12660
36266
31893
33738
1387
15667
26839
53553
24058
35482
24640
48246
37909
17993
60504
31009
63941
22264
52088
44354
58634
60479
34093
51481
28204
54919
19206
5508
28861
52720
35913
34649
11372
62956
43040
29342
24716
1439
59494
42686
38314
15037
7555
52923
10993
62577
42409
62906
11397
19460
52645
10715
3234
57927
28685
33639
7253
27750
26234
59166
7657
12358
42182
65535
7809
62755
5282
59975
64929
22999
59040
23328
62730
17439
25248
48855
38012
49183
13471
43547
39175
59672
49082
6900
21180
4120
40161
13774
43598
64095
404
42663
16277
46353
44837
9124
60962
22141
17515
25578
17844
784
5738
23126
62276
23455
37735
51762
9832
11425
47466
33767
13598
65436
26615
25351
58283
10136
49286
47769
5587
7432
43473
4652
62454
26741
62782
48578
53532
42437
56717
58309
9909
11501
25529
58208
63162
49463
44585
43069
60458
2984
51460
46835
35740
30862
32707
43625
61014
43954
32859
25125
48731
13018
33516
4021
5613
1241
34173
7534
2909
20298
40795
48858
10037
18099
29017
55480
57072
15142
26061
59246
7737
6220
45623
584
36625
38218
24266
6954
55430
10138
27274
63315
21133
60282
37005
32632
50021
51866
50350
30434
32026
17822
16558
65034
10417
21335
29398
55860
39053
53080
36020
44082
20805
25506
17772
25834
14992
13475
62204
7587
59171
4806
50174
51766
43779
48986
16129
8143
6879
33341
50477
39635
50553
49289
10468
12061
63645
59020
23308
5995
60688
31193
48582
25052
4883
6728
33190
50326
2179
9989
30486
7209
24597
47951
46434
4504
132
29956
40874
33140
47420
36578
53966
52703
29425
18582
23283
56216
20251
50074
61245
6628
11329
53588
64506
19215
49038
41557
62055
32560
65492
13983
24902
20529
3216
29679
184
4885
59578
20757
3444
45703
31499
11583
63167
5441
10142
49292
41558
40041
44743
11886
10622
52881
4734
12796
42620
56647
8247
41179
39663
47473
64608
63092
39562
34684
42746
28795
24423
13580
18281
13656
9031
7514
65317
20278
53210
33042
59756
14718
47650
65039
57558
9410
57886
43935
42671
3597
8298
6782
2157
6858
49116
63396
30540
32385
59100
57836
6327
61021
59504
14466
9841
61173
3446
27053
47297
55360
7212
5949
1576
6025
38957
31223
39286
53313
8021
6505
11459
9942
49092
41358
27407
4382
40170
22858
21341
10499
15200
54097
65268
13759
65344
48537
43911
51721
62640
48941
31881
14821
4231
2715
41865
56144
45555
34712
5217
16388
15125
38478
18309
4105
62160
4687
25184
11233
3499
48866
56928
55412
25917
52632
41789
46490
10778
15479
45303
12699
1856
31680
11511
53770
39818
25614
55691
63753
24932
42321
43913
64158
22228
20964
31883
5496
63551
27839
48336
62363
64208
3626
42776
47730
61757
32515
3020
17300
9819
64512
41487
11992
35598
46770
64158
56677
64740
38354
65321
64057
59432
11285
56652
33375
54125
9086
60924
56551
64614
25793
8733
48135
37545
20738
16365
11740
7368
65170
23493
53569
17857
4158
15330
16922
18767
23721
34892
43207
63705
15557
5220
63275
58903
54530
50158
17554
41413
12171
23342
44092
36611
63326
56097
11312
7192
5928
60874
3654
11716
60445
53216
36156
50689
65222
17074
12955
17908
41767
49830
64363
28650
24278
57463
56452
48971
47707
37117
4766
50386
49375
1481
53571
21220
4413
293
64818
23141
34565
24228
23217
28170
55138
60345
12197
17404
41263
21347
35879
22181
17808
4362
5955
1835
56781
27539
23167
62569
33327
54077
25088
5424
1052
37346
4995
57085
49856
11288
698
64970
48416
47405
40177
23369
22106
52435
35627
12603
48896
47885
40657
30067
47709
40227
48543
56858
43412
39292
38029
27692
4667
56757
5754
45409
53724
33808
39015
40860
61610
38838
3378
61686
26226
50085
23951
1179
3277
33353
29234
15788
27212
50818
46698
11239
22410
30725
48619
63152
46345
39116
548
37094
64062
56581
30447
19857
21955
58249
29260
18922
45890
10430
40507
55039
54028
31004
7979
3607
33683
14020
44096
30650
42074
6614
46017
38536
56177
11391
53902
55748
17179
47003
42883
1206
37500
17584
13211
62193
39168
31939
58907
32774
22184
39825
35705
40659
64518
57037
2925
11240
44425
55849
29716
50466
15006
38612
62471
42555
16422
52715
35908
25318
58503
60348
12454
60930
47231
45967
47813
31005
51503
19152
39649
29312
50062
20820
32244
30980
57948
22488
8789
19961
9624
45917
35328
62295
45235
22210
8512
23044
5984
14300
41267
14881
32270
15210
35707
12682
64520
16372
2674
32750
3508
33331
47611
55674
1309
53147
36086
374
11545
41369
30526
35480
21781
26735
16145
30425
4039
15210
41925
3104
1840
3685
21074
905
52743
51479
6693
64495
53905
24663
60704
21883
33054
19356
30527
10358
5986
10940
25220
36138
3787
24032
63182
58556
1083
40485
1664
50140
61059
37781
30047
28278
8109
50115
14403
37756
20696
31615
61438
35052
8666
22693
49155
10334
8818
60402
30907
48296
25018
42407
59796
5178
25676
14833
10208
18270
17007
53048
63966
22036
48751
31944
52441
54034
46300
7226
52340
7049
46199
29139
36949
44758
2576
4168
49535
7353
46503
57421
40108
1287
40437
32703
9425
51431
18575
63942
18651
1591
43849
57876
12838
33082
56436
58028
6519
1894
43900
1717
31288
45063
18424
38668
21608
60758
31010
10589
52595
53934
24439
909
49132
35181
42991
4170
11979
63311
52216
34903
61365
530
49006
28585
5055
53278
57726
40161
53935
11752
28888
14684
59546
11399
6521
5004
37684
45494
37507
1542
50018
42284
34298
29420
30507
16302
27221
25452
5283
3514
29976
21989
48452
46682
4247
11804
38266
8519
53633
4980
59168
26312
64956
22773
17643
15874
10996
59219
57450
20979
37862
60963
59194
29194
55656
533
8090
49843
60508
61848
6725
1342
30660
50905
33339
43752
63744
11982
22395
39026
5664
19186
54721
34047
4299
58487
31596
20500
55783
41579
20652
37283
63492
64579
50375
57679
61875
31874
51613
40518
23205
5640
31849
26719
34023
7131
42919
32077
33164
56012
63316
45498
49693
16584
48758
34301
28918
26896
62432
51336
46206
13097
11075
21235
22575
8118
59197
54066
39357
62205
28843
42617
21943
16560
45372
2937
9989
29475
24344
47192
54244
5338
12643
47926
45904
12289
38246
45297
52349
15625
41329
20150
14766
9383
63318
55079
6173
16334
4733
55559
53285
51263
39662
56040
22425
60817
30311
43580
44161
38525
36250
52628
34810
51188
42696
5972
22350
57633
5113
15273
28542
57608
55080
21718
53640
35569
39512
21693
53615
7565
36125
55612
31323
25940
51644
5341
59024
59605
47752
32789
61602
62183
22351
29403
42419
18131
56270
38451
32815
58266
31122
34812
63878
14467
36809
18738
37972
32083
64004
58115
24248
52808
56751
29354
7921
58495
15554
31679
28899
35951
42749
21317
21646
41132
13482
13811
57914
45808
21267
15125
50155
60063
35522
4763
45758
46087
3146
43888
62616
19675
29836
36634
18311
31580
41487
60468
57688
5168
39946
55565
40603
56728
41260
60494
51496
64513
39972
37191
15759
53645
44395
949
51270
10932
51927
5625
18641
40983
22660
32314
35752
57841
45482
35979
64539
11514
8481
27462
52661
15432
15761
3402
25491
6915
31860
50841
50917
23015
41996
51145
19881
1052
875
41364
44296
37902
44195
28475
12754
62570
55923
52637
52460
21196
30346
61509
27136
61408
17709
14423
17608
57844
4567
23042
50844
3783
53852
28552
43666
55924
27516
27592
11872
24130
27062
61333
32925
51401
50971
44577
62800
53044
24889
15133
64696
51831
17206
38790
22817
53727
56406
52615
5302
26633
32421
32245
37780
59111
18268
17839
29844
32270
60072
62751
43669
49457
20544
1209
6744
43366
45793
51833
1411
35431
3661
37175
39601
10940
60250
56459
52921
18043
51556
53983
40866
52871
17993
64194
41245
56106
17867
57851
60530
40690
36898
23529
13773
65433
5180
22897
9527
39679
57649
10336
46706
39553
47944
18778
42460
38416
62351
1845
29141
46606
64576
32301
8846
29672
47390
40237
35688
49791
48603
38089
5562
17061
6547
42917
29294
40794
52041
25984
65462
51587
50399
33415
10466
37257
29599
15976
20753
34351
29549
12817
45825
19515
36980
23104
12085
23079
37182
29524
53206
54369
61749
35439
39963
10797
61952
38245
8573
4024
33671
50630
24067
56317
11101
3190
35693
21312
38271
8347
53285
13276
61069
28036
60539
39688
53538
26470
24524
35012
57936
31120
10269
10927
2510
50051
51467
37591
29175
39159
43177
59378
4078
14062
9007
50331
1248
23919
62387
7087
7744
45959
2589
3751
61124
2210
43533
34864
29304
42396
52127
27409
21596
50232
53493
44824
1453
36306
24529
18210
27941
12549
22280
28902
13510
39037
4488
35727
45457
36536
33579
27766
33377
26806
55189
8204
4489
16570
38483
26200
25846
6840
19174
31256
43084
59032
49605
46648
42933
64340
61131
14146
14045
47888
16447
38359
22715
35049
12176
20896
29615
10104
28150
58631
44831
56660
40257
17384
7199
50114
11445
7477
34344
11976
42457
29416
52921
23325
40613
30680
26965
28962
52720
57825
38061
55854
48272
53378
61339
6874
61466
34474
55123
38720
12233
32377
33868
7633
30633
50524
48401
59472
41805
49008
59321
57703
27349
44384
20247
37030
3820
60763
61496
53155
63468
29247
45523
43653
40772
1092
42238
55407
27908
41077
17445
20782
8827
3343
34911
35138
4026
28618
41028
22098
3673
22300
40170
3093
15250
1779
54349
465
55892
65193
43154
36153
44191
43407
20863
26550
19296
14899
11007
53999
62036
1934
26021
15659
51675
37951
42880
19830
62569
23217
34111
61053
52789
13943
61635
6993
52082
11972
31181
4012
39775
21679
6944
48167
11418
55497
36643
9220
18597
40915
59618
4217
20064
4572
1261
12989
65382
14430
7505
38138
6343
21179
8290
19512
59218
39353
44105
26590
760
51890
26060
6448
36070
6878
8269
30915
13905
3366
44918
32862
2660
31776
16612
23209
14009
36403
58543
55814
44011
31703
40651
33802
20483
41360
37872
23542
29381
9591
27360
22861
61632
28397
30369
38558
48592
55518
31609
34920
26050
44905
64518
35984
42657
39498
14072
35783
43796
8539
51505
43216
29720
47059
11043
9730
20093
29950
49639
6395
60281
63415
53862
19692
43576
45953
22448
46333
23081
46713
26065
49949
19722
48813
18080
59354
34080
6203
88
39339
620
26678
50133
2846
35627
43286
50692
59690
4163
1990
40231
24865
19406
52011
56384
57901
2703
24465
42360
4803
13372
33617
37814
10417
5287
61321
29805
56596
64483
47499
50761
54527
2084
4840
63553
33705
24860
62646
14980
24787
11317
14730
7730
64497
16907
44179
35991
42336
15825
6373
4732
29552
37818
1551
17374
5218
53973
24505
35273
59235
42024
32876
19862
13140
36748
30026
39935
3290
60664
9055
464
43533
7292
39518
60649
55394
728
20419
20193
20044
62987
23334
18205
50963
29432
3781
22487
29920
28103
15519
56365
44186
55942
19298
31534
27038
39072
43625
24219
48739
22584
16067
57597
58031
12492
26524
28019
3129
49664
34453
48485
19930
24407
42938
54441
939
33774
12445
2085
22509
15662
7677
48622
17334
47487
23553
46351
46477
53504
54490
11372
57321
44962
49410
29747
13445
38062
34700
22013
31339
43774
59318
65535
65535
65535
65535
65535
65535
65535
65535
65535
65535
65535
65535
65535
65535
65535
65535
65535
65535
65535
65535
65535
65535
65535
65535
65535
65535
65535
65535
65535
65535
65535
65535
65535
65535
65535
65535
65535
65535
65535
65535
65535
65535
65535
65535
65535
65535
65535
65535
65535
65535
65535
65535
65535
65535
65535
65535
65535
65535
65535
65535
65535
65535
65535
65535
65535
65535
65535
65535
65535
65535
65535
65535
65535
65535
65535
65535
65535
65535
65535
65535
65535
65535
65535
65535
65535
65535
65535
65535
65535
65535
65535
65535
65535
65535
65535
65535
65535
65535
65535
65535
65535
65535
65535
65535
65535
65535
65535
65535
65535
65535
65535
65535
65535
65535
65535
65535
65535
65535
65535
65535
65535
65535
65535
65535
65535
65535
65535
65535
65535
65535
65535
65535
65535
65535
65535
65535
65535
65535
65535
65535
65535
65535
65535
65535
65535
65535
65535
65535
65535
65535
65535
65535
65535
65535
65535
65535
65535
65535
65535
65535
65535
65535
65535
65535
65535
65535
65535
65535
65535
65535
65535
65535
65535
65535
65535
65535
65535
65535
65535
65535
65535
65535
65535
65535
65535
65535
65535
65535
65535
65535
65535
65535
65535
65535
65535
65535
65535
65535
65535
65535
65535
65535
65535
65535
65535
65535
65535
65535
65535
65535
65535
65535
65535
65535
65535
65535
65535
65535
65535
65535
65535
65535
65535
65535
65535
65535
65535
65535
65535
65535
65535
65535
65535
65535
65535
65535
65535
65535
65535
65535
65535
65535
65535
65535
65535
65535
65535
65535
65535
65535
65535
65535
65535
65535
65535
65535
65535
65535
65535
65535
65535
65535
65535
65535
65535
65535
65535
65535
65535
65535
65535
65535
65535
65535
65535
65535
65535
65535
65535
65535
65535
65535
65535
65535
65535
65535
65535
65535
65535
65535
65535
65535
65535
65535
65535
65535
65535
65535
65535
65535
65535
65535
65535
65535
65535
65535
65535
65535
65535
65535
65535
65535
65535
65535
65535
65535
65535
65535
65535
65535
65535
65535
65535
65535
65535
65535
65535
65535
65535
65535
65535
65535
65535
65535
65535
65535
65535
65535
65535
65535
65535
65535
65535
65535
65535
65535
65535
65535
65535
65535
65535
65535
65535
65535
65535
65535
65535
65535
65535
65535
65535
65535
65535
65535
65535
65535
65535
65535
65535
65535
65535
65535
65535
65535
65535
65535
65535
65535
65535
65535
65535
65535
65535
65535
65535
65535
65535
65535
65535
65535
65535
65535
65535
65535
65535
65535
65535
65535
65535
65535
65535
65535
65535
65535
65535
65535
65535
65535
65535
65535
65535
65535
65535
65535
65535
65535
65535
65535
65535
65535
65535
65535
65535
65535
65535
65535
65535
65535
65535
65535
65535
65535
65535
65535
65535
65535
65535
65535
65535
65535
65535
65535
65535
65535
65535
65535
65535
65535
65535
65535
65535
65535
65535
65535
65535
65535
65535
65535
65535
65535
65535
65535
65535
65535
65535
65535
65535
65535
65535
65535
65535
65535
65535
65535
65535
65535
65535
65535
65535
65535
65535
65535
65535
65535
65535
65535
65535
65535
65535
65535
65535
65535
65535
65535
65535
65535
65535
65535
65535
65535
65535
65535
65535
65535
65535
65535
65535
65535
65535
65535
65535
65535
65535
65535
65535
65535
65535
65535
65535
65535
65535
65535
65535
65535
65535
65535
65535
65535
65535
65535
65535
65535
65535
65535
65535
65535
65535
65535
65535
65535
65535
65535
65535
65535
65535
65535
65535
65535
65535
65535
65535
65535
65535
65535
65535
65535
65535
65535
65535
65535
65535
65535
65535
65535
65535
65535
65535
65535
65535
65535
65535
65535
65535
65535
65535
65535
65535
65535
65535
65535
65535
65535
65535
65535
65535
65535
65535
65535
65535
65535
65535
65535
65535
65535
65535
65535
65535
65535
65535
65535
65535
65535
65535
65535
65535
65535
65535
65535
65535
65535
65535
65535
65535
65535
65535
65535
65535
65535
65535
65535
65535
65535
65535
65535
65535
65535
65535
65535
65535
65535
65535
65535
65535
65535
65535
65535
65535
65535
65535
65535
65535
65535
65535
65535
65535
65535
65535
65535
65535
65535
65535
65535
65535
65535
65535
65535
65535
65535
65535
65535
65535
65535
65535
65535
65535
65535
65535
65535
65535
65535
65535
65535
65535
65535
65535
65535
65535
65535
65535
65535
65535
65535
65535
65535
65535
65535
65535
65535
65535
65535
65535
65535
65535
65535
65535
65535
65535
65535
65535
65535
65535
65535
65535
65535
65535
65535
65535
65535
65535
65535
65535
65535
65535
65535
65535
65535
65535
65535
65535
65535
65535
65535
65535
65535
65535
65535
65535
65535
65535
65535
65535
65535
65535
65535
65535
65535
65535
65535
65535
65535
65535
65535
65535
65535
65535
65535
65535
65535
65535
65535
65535
65535
65535
65535
65535
65535
65535
65535
65535
65535
65535
65535
65535
65535
65535
65535
65535
65535
65535
65535
65535
65535
65535
65535
65535
65535
65535
65535
65535
65535
65535
65535
65535
65535
65535
65535
65535
65535
65535
65535
65535
65535
65535
65535
65535
65535
65535
65535
65535
65535
65535
65535
65535
65535
65535
65535
65535
65535
65535
65535
65535
65535
65535
65535
65535
65535
65535
65535
65535
65535
65535
65535
65535
65535
65535
65535
65535
65535
65535
65535
65535
65535
65535
65535
65535
65535
65535
65535
65535
65535
65535
65535
65535
65535
65535
65535
65535
65535
65535
65535
65535
65535
65535
65535
65535
65535
65535
65535
65535
65535
65535
65535
65535
65535
65535
65535
65535
65535
65535
65535
65535
65535
65535
65535
65535
65535
65535
65535
65535
65535
65535
65535
65535
65535
65535
65535
65535
65535
65535
65535
65535
65535
65535
65535
65535
65535
65535
65535
65535
65535
65535
65535
65535
65535
65535
65535
65535
65535
65535
65535
65535
65535
65535
65535
65535
65535
65535
65535
65535
65535
65535
65535
65535
65535
65535
65535
65535
65535
65535
65535
65535
65535
65535
65535
65535
65535
65535
65535
65535
65535
65535
65535
65535
65535
65535
65535
65535
65535
65535
65535
65535
65535
65535
65535
65535
65535
65535
65535
65535
65535
65535
65535
65535
65535
65535
65535
65535
65535
65535
65535
65535
65535
65535
65535
65535
65535
65535
65535
65535
65535
65535
65535
65535
65535
65535
65535
65535
65535
65535
65535
65535
65535
65535
65535
65535
65535
65535
65535
65535
65535
65535
65535
65535
65535
65535
65535
65535
65535
65535
65535
65535
65535
65535
65535
65535
65535
65535
65535
65535
65535
65535
65535
65535
65535
65535
65535
65535
65535
65535
65535
65535
65535
65535
65535
65535
65535
65535
65535
65535
65535
65535
65535
65535
65535
65535
65535
65535
65535
65535
65535
65535
65535
65535
65535
65535
65535
65535
65535
65535
65535
65535
65535
65535
65535
65535
65535
65535
65535
65535
65535
65535
65535
65535
65535
65535
65535
65535
65535
65535
65535
65535
65535
65535
65535
65535
65535
65535
65535
65535
65535
65535
65535
65535
65535
65535
65535
65535
65535
65535
65535
65535
65535
65535
65535
65535
65535
65535
65535
65535
65535
65535
65535
65535
65535
65535
65535
65535
65535
65535
65535
65535
65535
65535
65535
65535
65535
65535
65535
65535
65535
65535
65535
65535
65535
65535
65535
65535
65535
65535
65535
65535
65535
65535
65535
65535
65535
65535
65535
65535
65535
65535
65535
65535
65535
65535
65535
65535
65535
65535
65535
65535
65535
65535
65535
65535
65535
65535
65535
65535
65535
65535
65535
65535
65535
65535
65535
65535
65535
65535
65535
65535
65535
65535
65535
65535
65535
65535
65535
65535
65535
65535
65535
65535
65535
65535
65535
65535
65535
65535
65535
65535
65535
65535
65535
65535
65535
65535
65535
65535
65535
65535
65535
65535
65535
65535
65535
65535
65535
65535
65535
65535
65535
65535
65535
65535
65535
65535
65535
65535
65535
65535
65535
65535
65535
65535
65535
65535
65535
65535
65535
65535
65535
65535
65535
65535
65535
65535
65535
65535
65535
65535
65535
65535
65535
65535
65535
65535
65535
65535
65535
65535
65535
65535
65535
65535
65535
65535
65535
65535
65535
65535
65535
65535
65535
65535
65535
65535
65535
65535
65535
65535
65535
65535
65535
65535
65535
65535
65535
65535
65535
65535
65535
65535
65535
65535
65535
65535
65535
65535
65535
65535
65535
65535
65535
65535
65535
65535
65535
65535
65535
65535
65535
65535
65535
65535
65535
65535
65535
65535
65535
65535
65535
65535
65535
65535
65535
65535
65535
65535
65535
65535
65535
65535
65535
65535
65535
65535
65535
65535
65535
65535
65535
65535
65535
65535
65535
65535
65535
65535
65535
65535
65535
65535
65535
65535
65535
65535
65535
65535
65535
65535
65535
65535
65535
65535
65535
65535
65535
65535
65535
65535
65535
65535
65535
65535
65535
65535
65535
65535
65535
65535
65535
65535
65535
65535
65535
65535
65535
65535
65535
65535
65535
65535
65535
65535
65535
65535
65535
65535
65535
65535
65535
65535
65535
65535
65535
65535
65535
65535
65535
65535
65535
65535
65535
65535
65535
65535
65535
65535
65535
65535
65535
65535
65535
65535
65535
65535
65535
65535
65535
65535
65535
65535
65535
65535
65535
65535
65535
65535
65535
65535
65535
65535
65535
65535
65535
65535
65535
65535
65535
65535
65535
65535
65535
65535
65535
65535
65535
65535
65535
65535
65535
65535
65535
65535
65535
65535
65535
65535
65535
65535
65535
65535
65535
65535
65535
65535
65535
65535
65535
65535
65535
65535
65535
65535
65535
65535
65535
65535
65535
65535
65535
65535
65535
65535
65535
65535
65535
65535
65535
65535
65535
65535
65535
65535
65535
65535
65535
65535
65535
65535
65535
65535
65535
65535
65535
65535
65535
65535
65535
65535
65535
65535
65535
65535
65535
65535
65535
65535
65535
65535
65535
65535
65535
65535
65535
65535
65535
65535
65535
65535
65535
65535
65535
65535
65535
65535
65535
65535
65535
65535
65535
65535
65535
65535
65535
65535
65535
65535
65535
65535
65535
65535
65535
65535
65535
65535
65535
65535
65535
65535
65535
65535
65535
65535
65535
65535
65535
65535
65535
65535
65535
65535
65535
65535
65535
65535
65535
65535
65535
65535
65535
65535
65535
65535
65535
65535
65535
65535
65535
65535
65535
65535
65535
65535
65535
65535
65535
65535
65535
65535
65535
65535
65535
65535
65535
65535
65535
65535
65535
65535
65535
65535
65535
65535
65535
65535
65535
65535
65535
65535
65535
65535
65535
65535
65535
65535
65535
65535
65535
65535
65535
65535
65535
65535
65535
65535
65535
65535
65535
65535
65535
65535
65535
65535
65535
65535
65535
65535
65535
65535
65535
65535
65535
65535
65535
65535
65535
65535
65535
65535
65535
65535
65535
65535
65535
65535
65535
65535
65535
65535
65535
65535
65535
65535
65535
65535
65535
65535
65535
65535
65535
65535
65535
65535
65535
65535
65535
65535
65535
65535
65535
65535
65535
65535
65535
65535
65535
65535
65535
65535
65535
65535
65535
65535
65535
65535
65535
65535
65535
65535
65535
65535
65535
65535
65535
65535
65535
65535
65535
65535
65535
65535
65535
65535
65535
65535
65535
65535
65535
65535
65535
65535
65535
65535
65535
65535
65535
65535
65535
65535
65535
65535
65535
65535
65535
65535
65535
65535
65535
65535
65535
65535
65535
65535
65535
65535
65535
65535
65535
65535
65535
65535
65535
65535
65535
65535
65535
65535
65535
65535
65535
65535
65535
65535
65535
65535
65535
65535
65535
65535
65535
65535
65535
65535
65535
65535
65535
65535
65535
65535
65535
65535
65535
65535
65535
65535
65535
65535
65535
65535
65535
65535
65535
65535
65535
65535
65535
65535
65535
65535
65535
65535
65535
65535
65535
65535
65535
65535
65535
65535
65535
65535
65535
65535
65535
65535
65535
65535
65535
65535
65535
65535
65535
65535
65535
65535
65535
65535
65535
65535
65535
65535
65535
65535
65535
65535
65535
65535
65535
65535
65535
65535
65535
65535
65535
65535
65535
65535
65535
65535
65535
65535
65535
65535
65535
65535
65535
65535
65535
65535
65535
65535
65535
65535
65535
65535
65535
65535
65535
65535
65535
65535
65535
65535
65535
65535
65535
65535
65535
65535
65535
65535
65535
65535
65535
65535
65535
65535
65535
65535
65535
65535
65535
65535
65535
65535
65535
65535
65535
65535
65535
65535
65535
65535
65535
65535
65535
65535
65535
65535
65535
65535
65535
65535
65535
65535
65535
65535
65535
65535
65535
65535
65535
65535
65535
65535
65535
65535
65535
65535
65535
65535
65535
65535
65535
65535
65535
65535
65535
65535
65535
65535
65535
65535
65535
65535
65535
65535
65535
65535
65535
65535
65535
65535
65535
65535
65535
65535
65535
65535
65535
65535
65535
65535
65535
65535
65535
65535
65535
65535
65535
65535
65535
65535
65535
65535
65535
65535
65535
65535
65535
65535
65535
65535
65535
65535
65535
65535
65535
65535
65535
65535
65535
65535
65535
65535
65535
65535
65535
65535
65535
65535
65535
65535
65535
65535
65535
65535
65535
65535
65535
65535
65535
65535
65535
65535
65535
65535
65535
65535
65535
65535
65535
65535
65535
65535
65535
65535
65535
65535
65535
65535
65535
65535
65535
65535
65535
65535
65535
65535
65535
65535
65535
65535
65535
65535
65535
65535
65535
65535
65535
65535
65535
65535
65535
65535
65535
65535
65535
65535
65535
65535
65535
65535
65535
65535
65535
65535
65535
65535
65535
65535
65535
65535
65535
65535
65535
65535
65535
65535
65535
65535
65535
65535
65535
65535
65535
65535
65535
65535
65535
65535
65535
65535
65535
65535
65535
65535
65535
65535
65535
65535
65535
65535
65535
65535
65535
65535
65535
65535
65535
65535
65535
65535
65535
65535
65535
65535
65535
65535
65535
65535
65535
65535
65535
65535
65535
65535
65535
65535
65535
65535
65535
65535
65535
65535
65535
65535
65535
65535
65535
65535
65535
65535
65535
65535
65535
65535
65535
65535
65535
65535
65535
65535
65535
65535
65535
65535
65535
65535
65535
65535
65535
65535
65535
65535
65535
65535
65535
65535
65535
65535
65535
65535
65535
65535
65535
65535
65535
65535
65535
65535
65535
65535
65535
65535
65535
65535
65535
65535
65535
65535
65535
65535
65535
65535
65535
65535
65535
65535
65535
65535
65535
65535
65535
65535
65535
65535
65535
65535
65535
65535
65535
65535
65535
65535
65535
65535
65535
65535
65535
65535
65535
65535
65535
65535
65535
65535
65535
65535
65535
65535
65535
65535
65535
65535
65535
65535
65535
65535
65535
65535
65535
65535
65535
65535
65535
65535
65535
65535
65535
65535
65535
65535
65535
65535
65535
65535
65535
65535
65535
65535
65535
65535
65535
65535
65535
65535
65535
65535
65535
65535
65535
65535
65535
65535
65535
65535
65535
65535
65535
65535
65535
65535
65535
65535
65535
65535
65535
65535
65535
65535
65535
65535
65535
65535
65535
65535
65535
65535
65535
65535
65535
65535
65535
65535
65535
65535
65535
65535
65535
65535
65535
65535
65535
65535
65535
65535
65535
65535
65535
65535
65535
65535
65535
65535
65535
65535
65535
65535
65535
65535
65535
65535
65535
65535
65535
65535
65535
65535
65535
65535
65535
65535
65535
65535
65535
65535
65535
65535
65535
65535
65535
65535
65535
65535
65535
65535
65535
65535
65535
65535
65535
65535
65535
65535
65535
65535
65535
65535
65535
65535
65535
65535
65535
65535
65535
65535
65535
65535
65535
65535
65535
65535
65535
65535
65535
65535
65535
65535
65535
65535
65535
65535
65535
65535
65535
65535
65535
65535
65535
65535
65535
65535
65535
65535
65535
65535
65535
65535
65535
65535
65535
65535
65535
65535
65535
65535
65535
65535
65535
65535
65535
65535
65535
65535
65535
65535
65535
65535
65535
65535
65535
65535
65535
65535
65535
65535
65535
65535
65535
65535
65535
65535
65535
65535
65535
65535
65535
65535
65535
65535
65535
65535
65535
65535
65535
65535
65535
65535
65535
65535
65535
65535
65535
65535
65535
65535
65535
65535
65535
65535
65535
65535
65535
65535
65535
65535
65535
65535
65535
65535
65535
65535
65535
65535
65535
65535
65535
65535
65535
65535
65535
65535
65535
65535
65535
65535
65535
65535
65535
65535
65535
65535
65535
65535
65535
65535
65535
65535
65535
65535
65535
65535
65535
65535
65535
65535
65535
65535
65535
65535
65535
65535
65535
65535
65535
65535
65535
65535
65535
65535
65535
65535
65535
65535
65535
65535
65535
65535
65535
65535
65535
65535
65535
65535
65535
65535
65535
65535
65535
65535
65535
65535
65535
65535
65535
65535
65535
65535
65535
65535
65535
65535
65535
65535
65535
65535
65535
65535
65535
65535
65535
65535
65535
65535
65535
65535
65535
65535
65535
65535
65535
65535
65535
65535
65535
65535
65535
65535
65535
65535
65535
65535
65535
65535
65535
65535
65535
65535
65535
65535
65535
65535
65535
65535
65535
65535
65535
65535
65535
65535
65535
65535
65535
65535
65535
65535
65535
65535
65535
65535
65535
65535
65535
65535
65535
65535
65535
65535
65535
65535
65535
65535
65535
65535
65535
65535
65535
65535
65535
65535
65535
65535
65535
65535
65535
65535
65535
65535
65535
65535
65535
65535
65535
65535
65535
65535
65535
65535
65535
65535
65535
65535
65535
65535
65535
65535
65535
65535
65535
65535
65535
65535
65535
65535
65535
65535
65535
65535
65535
65535
65535
65535
65535
65535
65535
65535
65535
65535
65535
65535
65535
65535
65535
65535
65535
65535
65535
65535
65535
65535
65535
65535
65535
65535
65535
65535
65535
65535
65535
65535
65535
65535
65535
65535
65535
65535
65535
65535
65535
65535
65535
65535
65535
65535
65535
65535
65535
65535
65535
65535
65535
65535
65535
65535
65535
65535
65535
65535
65535
65535
65535
65535
65535
65535
65535
65535
65535
65535
65535
65535
65535
65535
65535
65535
65535
65535
65535
65535
65535
65535
65535
65535
65535
65535
65535
65535
65535
65535
65535
65535
65535
65535
65535
65535
65535
65535
65535
65535
65535
65535
65535
65535
65535
65535
65535
65535
65535
65535
65535
65535
65535
65535
65535
65535
65535
65535
65535
65535
65535
65535
65535
65535
65535
65535
65535
65535
65535
65535
65535
65535
65535
65535
65535
65535
65535
65535
65535
65535
65535
65535
65535
65535
65535
65535
65535
65535
65535
65535
65535
65535
65535
65535
65535
65535
65535
65535
65535
65535
65535
65535
65535
65535
65535
65535
65535
65535
65535
65535
65535
65535
65535
65535
65535
65535
65535
65535
65535
65535
65535
65535
65535
65535
65535
65535
65535
65535
65535
65535
65535
65535
65535
65535
65535
65535
65535
65535
65535
65535
65535
65535
65535
65535
65535
65535
65535
65535
65535
65535
65535
65535
65535
65535
65535
65535
65535
65535
65535
65535
65535
65535
65535
65535
65535
65535
65535
65535
65535
65535
65535
65535
65535
65535
65535
65535
65535
65535
65535
65535
65535
65535
65535
65535
65535
65535
65535
65535
65535
65535
65535
65535
65535
65535
65535
65535
65535
65535
65535
65535
65535
65535
65535
65535
65535
65535
65535
65535
65535
65535
65535
65535
65535
65535
65535
65535
65535
65535
65535
65535
65535
65535
65535
65535
65535
65535
65535
65535
65535
65535
65535
65535
65535
65535
65535
65535
65535
65535
65535
65535
65535
65535
65535
65535
65535
65535
65535
65535
65535
65535
65535
65535
65535
65535
65535
65535
65535
65535
65535
65535
65535
65535
65535
65535
65535
65535
65535
65535
65535
65535
65535
65535
65535
65535
65535
65535
65535
65535
65535
65535
65535
65535
65535
65535
65535
65535
65535
65535
65535
65535
65535
65535
65535
65535
65535
65535
65535
65535
65535
65535
65535
65535
65535
65535
65535
65535
65535
65535
65535
65535
65535
65535
65535
65535
65535
65535
65535
65535
65535
65535
65535
65535
65535
65535
65535
65535
65535
65535
65535
65535
65535
65535
65535
65535
65535
65535
65535
65535
65535
65535
65535
65535
65535
65535
65535
65535
65535
65535
65535
65535
65535
65535
65535
65535
65535
65535
65535
65535
65535
65535
65535
65535
65535
65535
65535
65535
65535
65535
65535
65535
65535
65535
65535
65535
65535
65535
65535
65535
65535
65535
65535
65535
65535
65535
65535
65535
65535
65535
65535
65535
65535
65535
65535
65535
65535
65535
65535
65535
65535
65535
65535
65535
65535
65535
65535
65535
65535
65535
65535
65535
65535
65535
65535
65535
65535
65535
65535
65535
65535
65535
65535
65535
65535
65535
65535
65535
65535
65535
65535
65535
65535
65535
65535
65535
65535
65535
65535
65535
65535
65535
65535
65535
65535
65535
65535
65535
65535
65535
65535
65535
65535
65535
65535
65535
65535
65535
65535
65535
65535
65535
65535
65535
65535
65535
65535
65535
65535
65535
65535
65535
65535
65535
65535
65535
65535
65535
65535
65535
65535
65535
65535
65535
65535
65535
65535
65535
65535
65535
65535
65535
65535
65535
65535
65535
65535
65535
65535
65535
65535
65535
65535
65535
65535
65535
65535
65535
65535
65535
65535
65535
65535
65535
65535
65535
65535
65535
65535
65535
65535
65535
65535
65535
65535
65535
65535
65535
65535
65535
65535
65535
65535
65535
65535
65535
65535
65535
65535
65535
65535
65535
65535
65535
65535
65535
65535
65535
65535
65535
65535
65535
65535
65535
65535
65535
65535
65535
65535
65535
65535
65535
65535
65535
65535
65535
65535
65535
65535
65535
65535
65535
65535
65535
65535
65535
65535
65535
65535
65535
65535
65535
65535
65535
65535
65535
65535
65535
65535
65535
65535
65535
65535
65535
65535
65535
65535
65535
65535
65535
65535
65535
65535
65535
65535
65535
65535
65535
65535
65535
65535
65535
65535
65535
65535
65535
65535
65535
65535
65535
65535
65535
65535
65535
65535
65535
65535
65535
65535
65535
65535
65535
65535
65535
65535
65535
65535
65535
65535
65535
65535
65535
65535
65535
65535
65535
65535
65535
65535
65535
65535
65535
65535
65535
65535
65535
65535
65535
65535
65535
65535
65535
65535
65535
65535
65535
65535
65535
65535
65535
65535
65535
65535
65535
65535
65535
65535
65535
65535
65535
65535
65535
65535
65535
65535
65535
65535
65535
65535
65535
65535
65535
65535
65535
65535
65535
65535
65535
65535
65535
65535
65535
65535
65535
65535
65535
65535
65535
65535
65535
65535
65535
65535
65535
65535
65535
65535
65535
65535
65535
65535
65535
65535
65535
65535
65535
65535
65535
65535
65535
65535
65535
65535
65535
65535
65535
65535
65535
65535
65535
65535
65535
65535
65535
65535
65535
65535
65535
65535
65535
65535
65535
65535
65535
65535
65535
65535
65535
65535
65535
65535
65535
65535
65535
65535
65535
65535
65535
65535
65535
65535
65535
65535
65535
65535
65535
65535
65535
65535
65535
65535
65535
65535
65535
65535
65535
65535
65535
65535
65535
65535
65535
65535
65535
65535
65535
65535
65535
65535
65535
65535
65535
65535
65535
65535
65535
65535
65535
65535
65535
65535
65535
65535
65535
65535
65535
65535
65535
65535
65535
65535
65535
65535
65535
65535
65535
65535
65535
65535
65535
65535
65535
65535
65535
65535
65535
65535
65535
65535
65535
65535
65535
65535
65535
65535
65535
65535
65535
65535
65535
65535
65535
65535
65535
65535
65535
65535
65535
65535
65535
65535
65535
65535
65535
65535
65535
65535
65535
65535
65535
65535
65535
65535
65535
65535
65535
65535
65535
65535
65535
65535
65535
65535
65535
65535
65535
65535
65535
65535
65535
65535
65535
65535
65535
65535
65535
65535
65535
65535
65535
65535
65535
65535
65535
65535
65535
65535
65535
65535
65535
65535
65535
65535
65535
65535
65535
65535
65535
65535
65535
65535
65535
65535
65535
65535
65535
65535
65535
65535
65535
65535
65535
65535
65535
65535
65535
65535
65535
65535
65535
65535
65535
65535
65535
65535
65535
65535
65535
65535
65535
65535
65535
65535
65535
65535
65535
65535
65535
65535
65535
65535
65535
65535
65535
65535
65535
65535
65535
65535
65535
65535
65535
65535
65535
65535
65535
65535
65535
65535
65535
65535
65535
65535
65535
65535
65535
65535
65535
65535
65535
65535
65535
65535
65535
65535
65535
65535
65535
65535
65535
65535
65535
65535
65535
65535
65535
65535
65535
65535
65535
65535
65535
65535
65535
65535
65535
65535
65535
65535
65535
65535
65535
65535
65535
65535
65535
65535
65535
65535
65535
65535
65535
65535
65535
65535
65535
65535
65535
65535
65535
65535
65535
65535
65535
65535
65535
65535
65535
65535
65535
65535
65535
65535
65535
65535
65535
65535
65535
65535
65535
65535
65535
65535
65535
65535
65535
65535
65535
65535
65535
65535
65535
65535
65535
65535
65535
65535
65535
65535
65535
65535
65535
65535
65535
65535
65535
65535
65535
65535
65535
65535
65535
65535
65535
65535
65535
65535
65535
65535
65535
65535
65535
65535
65535
65535
65535
65535
65535
65535
65535
65535
65535
65535
65535
65535
65535
65535
65535
65535
65535
65535
65535
65535
65535
65535
65535
65535
65535
65535
65535
65535
65535
65535
65535
65535
65535
65535
65535
65535
65535
65535
65535
65535
65535
65535
65535
65535
65535
65535
65535
65535
65535
65535
65535
65535
65535
65535
65535
65535
65535
65535
65535
65535
65535
65535
65535
65535
65535
65535
65535
65535
65535
65535
65535
65535
65535
65535
65535
65535
65535
65535
65535
65535
65535
65535
65535
65535
65535
65535
65535
65535
65535
65535
65535
65535
65535
65535
65535
65535
65535
65535
65535
65535
65535
65535
65535
65535
65535
65535
65535
65535
65535
65535
65535
65535
65535
65535
65535
65535
65535
65535
65535
65535
65535
65535
65535
65535
65535
65535
65535
65535
65535
65535
65535
65535
65535
65535
65535
65535
65535
65535
65535
65535
65535
65535
65535
65535
65535
65535
65535
65535
65535
65535
65535
65535
65535
65535
65535
65535
65535
65535
65535
65535
65535
65535
65535
65535
65535
65535
65535
65535
65535
65535
65535
65535
65535
65535
65535
65535
65535
65535
65535
65535
65535
65535
65535
65535
65535
65535
65535
65535
65535
65535
65535
65535
65535
65535
65535
65535
65535
65535
65535
65535
65535
65535
65535
65535
65535
65535
65535
65535
65535
65535
65535
65535
65535
65535
65535
65535
65535
65535
65535
65535
65535
65535
65535
65535
65535
65535
65535
65535
65535
65535
65535
65535
65535
65535
65535
65535
65535
65535
65535
65535
65535
65535
65535
65535
65535
65535
65535
65535
65535
65535
65535
65535
65535
65535
65535
65535
65535
65535
65535
65535
65535
65535
65535
65535
65535
65535
65535
65535
65535
65535
65535
65535
65535
65535
65535
65535
65535
65535
65535
65535
65535
65535
65535
65535
65535
65535
65535
65535
65535
65535
65535
65535
65535
65535
65535
65535
65535
65535
65535
65535
65535
65535
65535
65535
65535
65535
65535
65535
65535
65535
65535
65535
65535
65535
65535
65535
65535
65535
65535
65535
65535
65535
65535
65535
65535
65535
65535
65535
65535
65535
65535
65535
65535
65535
65535
65535
65535
65535
65535
65535
65535
65535
65535
65535
65535
65535
65535
65535
65535
65535
65535
65535
65535
65535
65535
65535
65535
65535
65535
65535
65535
65535
65535
65535
65535
65535
65535
65535
65535
65535
65535
65535
65535
65535
65535
65535
65535
65535
65535
65535
65535
65535
65535
65535
65535
65535
65535
65535
65535
65535
65535
65535
65535
65535
65535
65535
65535
65535
65535
65535
65535
65535
65535
65535
65535
65535
65535
65535
65535
65535
65535
65535
65535
65535
65535
65535
65535
65535
65535
65535
65535
65535
65535
65535
65535
65535
65535
65535
65535
65535
65535
65535
65535
65535
65535
65535
65535
65535
65535
65535
65535
65535
65535
65535
65535
65535
65535
65535
65535
65535
65535
65535
65535
65535
65535
65535
65535
65535
65535
65535
65535
65535
65535
65535
65535
65535
65535
65535
65535
65535
65535
65535
65535
65535
65535
65535
65535
65535
65535
65535
65535
65535
65535
65535
65535
65535
65535
65535
65535
65535
65535
65535
65535
65535
65535
65535
65535
65535
65535
65535
65535
65535
65535
65535
65535
65535
65535
65535
65535
65535
65535
65535
65535
65535
65535
65535
65535
65535
65535
65535
65535
65535
65535
65535
65535
65535
65535
65535
65535
65535
65535
65535
65535
65535
65535
65535
65535
65535
65535
65535
65535
65535
65535
65535
65535
65535
65535
65535
65535
65535
65535
65535
65535
65535
65535
65535
65535
65535
65535
65535
65535
65535
65535
65535
65535
65535
65535
65535
65535
65535
65535
65535
65535
65535
65535
65535
65535
65535
65535
65535
65535
65535
65535
65535
65535
65535
65535
65535
65535
65535
65535
65535
65535
65535
65535
65535
65535
65535
65535
65535
65535
65535
65535
65535
65535
65535
65535
65535
65535
65535
65535
65535
65535
65535
65535
65535
65535
65535
65535
65535
65535
65535
65535
65535
65535
65535
65535
65535
65535
65535
65535
65535
65535
65535
65535
65535
65535
65535
65535
65535
65535
65535
65535
65535
65535
65535
65535
65535
65535
65535
65535
65535
65535
65535
65535
65535
65535
65535
65535
65535
65535
65535
65535
65535
65535
65535
65535
65535
65535
65535
65535
65535
65535
65535
65535
65535
65535
65535
65535
65535
65535
65535
65535
65535
65535
65535
65535
65535
65535
65535
65535
65535
65535
65535
65535
65535
65535
65535
65535
65535
65535
65535
65535
65535
65535
65535
65535
65535
65535
65535
65535
65535
65535
65535
65535
65535
65535
65535
65535
65535
65535
65535
65535
65535
65535
65535
65535
65535
65535
65535
65535
65535
65535
65535
65535
65535
65535
65535
65535
65535
65535
65535
65535
65535
65535
65535
65535
65535
65535
65535
65535
65535
65535
65535
65535
65535
65535
65535
65535
65535
65535
65535
65535
65535
65535
65535
65535
65535
65535
65535
65535
65535
65535
65535
65535
65535
65535
65535
65535
65535
65535
65535
65535
65535
65535
65535
65535
65535
65535
65535
65535
65535
65535
65535
65535
65535
65535
65535
65535
65535
65535
65535
65535
65535
65535
65535
65535
65535
65535
65535
65535
65535
65535
65535
65535
65535
65535
65535
65535
65535
65535
65535
65535
65535
65535
65535
65535
65535
65535
65535
65535
65535
65535
65535
65535
65535
65535
65535
65535
65535
65535
65535
65535
65535
65535
65535
65535
65535
65535
65535
65535
65535
65535
65535
65535
65535
65535
65535
65535
65535
65535
65535
65535
65535
65535
65535
65535
65535
65535
65535
65535
65535
65535
65535
65535
65535
65535
65535
65535
65535
65535
65535
65535
65535
65535
65535
65535
65535
65535
65535
65535
65535
65535
65535
65535
65535
65535
65535
65535
65535
65535
65535
65535
65535
65535
65535
65535
65535
65535
65535
65535
65535
65535
65535
65535
65535
65535
65535
65535
65535
65535
65535
65535
65535
65535
65535
65535
65535
65535
65535
65535
65535
65535
65535
65535
65535
65535
65535
65535
65535
65535
65535
65535
65535
65535
65535
65535
65535
65535
65535
65535
65535
65535
65535
65535
65535
65535
65535
65535
65535
65535
65535
65535
65535
65535
65535
65535
65535
65535
65535
65535
65535
65535
65535
65535
65535
65535
65535
65535
65535
65535
65535
65535
65535
65535
65535
65535
65535
65535
65535
65535
65535
65535
65535
65535
65535
65535
65535
65535
65535
65535
65535
65535
65535
65535
65535
65535
65535
65535
65535
65535
65535
65535
65535
65535
65535
65535
65535
65535
65535
65535
65535
65535
65535
65535
65535
65535
65535
65535
65535
65535
65535
65535
65535
65535
65535
65535
65535
65535
65535
65535
65535
65535
65535
65535
65535
65535
65535
65535
65535
65535
65535
65535
65535
65535
65535
65535
65535
65535
65535
65535
65535
65535
65535
65535
65535
65535
65535
65535
65535
65535
65535
65535
65535
65535
65535
65535
65535
65535
65535
65535
65535
65535
65535
65535
65535
65535
65535
65535
65535
65535
65535
65535
65535
65535
65535
65535
65535
65535
65535
65535
65535
65535
65535
65535
65535
65535
65535
65535
65535
65535
65535
65535
65535
65535
65535
65535
65535
65535
65535
65535
65535
65535
65535
65535
65535
65535
65535
65535
65535
65535
65535
65535
65535
65535
65535
65535
65535
65535
65535
65535
65535
65535
65535
65535
65535
65535
65535
65535
65535
65535
65535
65535
65535
65535
65535
65535
65535
65535
65535
65535
65535
65535
65535
65535
65535
65535
65535
65535
65535
65535
65535
65535
65535
65535
65535
65535
65535
65535
65535
65535
65535
65535
65535
65535
65535
65535
65535
65535
65535
65535
65535
65535
65535
65535
65535
65535
65535
65535
65535
65535
65535
65535
65535
65535
65535
65535
65535
65535
65535
65535
65535
65535
65535
65535
65535
65535
65535
65535
65535
65535
65535
65535
65535
65535
65535
65535
65535
65535
65535
65535
65535
65535
65535
65535
65535
65535
65535
65535
65535
65535
65535
65535
65535
65535
65535
65535
65535
65535
65535
65535
65535
65535
65535
65535
65535
65535
65535
65535
65535
65535
65535
65535
65535
65535
65535
65535
65535
65535
65535
65535
65535
65535
65535
65535
65535
65535
65535
65535
65535
65535
65535
65535
65535
65535
65535
65535
65535
65535
65535
65535