37305
52848
18399
33943
8820
46125
14785
55198
11423
61163
39149
4700
54439
29317
25955
832
44354
22340
6544
53175
40487
65104
49307
39728
36367
45440
54513
35608
41572
59972
53501
56357
65430
65177
52237
1991
29717
1233
4088
47357
62648
9294
55672
64745
42478
13994
57263
62975
59360
18441
64819
51878
14068
16670
44396
19020
34058
33552
20612
10780
13382
28420
37240
11865
45555
60593
13203
59581
65293
14794
48484
38652
41255
12771
2939
33520
20580
63849
47546
37714
52752
17797
29726
41655
41150
34426
55681
55176
26438
13498
28535
52899
2401
32982
7354
631
6342
33815
64396
20115
50697
28430
15236
42709
29515
50770
53120
18165
51855
23118
50591
53194
55797
20842
57894
41844
59991
53014
58473
11084
38556
53594
21748
17880
20230
60138
50053
52403
61223
29377
3749
37439
33571
17269
54068
62888
40368
64732
32886
63467
56744
49768
5234
4728
861
25225
43371
45974
57903
22948
25551
9502
30757
42686
63941
47639
56459
21504
42760
57797
10408
34772
24940
58630
26784
60474
44172
65427
39798
7952
16773
56680
65500
18111
51801
57512
19449
46922
24402
48766
60442
56827
37416
14896
61274
4559
47575
185
18332
52022
45045
41431
47142
59072
45878
7814
25961
31673
37384
33770
1924
20070
53760
28385
65183
46025
1744
35434
53581
49713
2324
45340
32399
53654
9374
55499
36340
29617
29111
374
46499
64645
64139
16750
60019
12630
36993
55140
4642
44549
12703
55719
55214
54708
44876
59660
12271
27309
54781
38732
668
31250
58722
20659
10827
16539
22250
18636
49217
54929
19974
13251
40723
55761
64581
10974
10468
636
3239
12060
52220
14409
35665
19615
56667
46835
58764
23809
4651
16580
31618
24642
17918
14304
7581
10183
3460
62273
36897
36391
1690
47815
62852
59238
64949
27139
57720
57214
56708
49985
21501
17886
1837
60650
53926
9645
2922
52409
17707
60976
60470
56856
62567
18286
51977
32818
38530
62894
56171
49447
24072
58015
35495
10119
59606
21795
58594
54980
23387
19772
13049
34557
40268
36654
33039
20099
22701
40848
37233
42945
36222
20172
60333
59827
59321
27728
61671
42513
7811
35536
63262
53430
15619
2679
5282
54768
44936
13090
6367
18296
33334
39045
7452
16273
53324
24840
24334
2067
32901
7526
57012
47180
31131
46169
36337
48519
29361
38181
56327
46495
36663
8179
32796
7420
25820
15988
24808
2541
55136
45304
51016
34966
46895
52607
42775
39160
26220
7062
50331
37390
33775
27052
51416
29149
3521
53007
24523
52248
33090
35693
41405
22247
15523
39887
61395
26441
54166
47443
28285
59119
5512
17694
17188
63566
50625
19032
18526
43143
45746
20370
19865
16250
59519
40361
33638
54893
32626
29011
12962
15565
46399
14806
4974
51352
38411
41014
49834
33785
11518
23447
63607
50667
59487
65199
61584
17303
29485
1001
28726
31329
5954
20991
17377
16871
60140
53417
31150
58876
39717
48538
20053
7113
25259
52985
12065
5342
29706
35418
44238
25080
30791
8524
51794
51288
56999
284
43553
46156
51867
20274
60435
13045
31192
21360
55302
7913
44965
10010
178
12107
20927
61088
26386
22771
40918
65535
15289
61667
8060
26460
22845
63005
37630
46450
64597
54765
54259
38209
22160
30980
58706
33330
14172
13666
25595
53068
49453
2064
60876
54153
37851
31127
27513
11463
1631
7343
50612
31454
52709
58421
39263
35648
22707
31528
18587
24298
42445
20178
16563
56471
37313
58568
14287
60665
7311
28566
59400
34025
24193
11252
38725
38219
59474
52751
39810
17543
51233
10061
6446
37281
36775
58030
60633
32149
6773
21811
15087
5255
17184
41548
6594
49863
58683
42634
4570
60274
44225
31284
12126
17838
26658
4391
53878
47154
37322
33708
5223
7826
7320
59916
37649
30926
42855
4791
19829
6888
25035
55616
23770
20155
28976
25361
15529
58545
36026
1071
37870
24929
5518
32990
63572
47522
6350
49366
61295
7688
32052
40873
52802
11630
17341
47923
25656
43802
24644
17921
17415
16909
41526
56564
27826
52190
42358
13621
22441
12609
15212
36467
48396
7224
40914
27974
36794
26962
29312
44349
50061
43085
11239
32494
22409
18795
30724
61305
29712
13662
6939
56426
43232
58270
63981
50788
40956
2892
64814
39185
1122
16160
34306
49344
8172
23209
19595
28415
52779
45803
29501
63191
56467
59070
33442
64023
47721
62758
18478
52421
55023
29395
53759
9478
30733
64423
7707
47615
56435
59038
2322
4672
19710
53400
18445
49027
42304
63559
28604
49859
49100
51450
4061
53294
52536
48921
17075
53874
18919
11943
1858
16896
13281
56297
24452
5040
48057
32007
25031
5620
26875
1247
50480
24852
2332
26696
29299
56771
56
24419
61218
60712
13323
31469
40290
64653
35916
16505
28181
8770
64221
54389
3891
62704
15314
11447
51354
31943
15641
46222
48572
25799
34620
40078
20667
32596
6968
37549
55443
20488
29055
43840
27538
48793
60469
34840
2994
49119
39034
60290
59531
58772
5165
54399
19444
15577
52375
29856
38676
6830
27832
5312
23206
35135
9506
52523
42438
51258
50499
62175
55199
60658
7051
40741
15112
58128
10486
50393
37200
55093
35682
728
65505
11645
10886
57011
25165
33733
17430
41794
44144
55820
58170
41868
38000
15480
24301
51520
10348
3372
61932
20507
50835
43859
55535
39233
38474
47041
43174
33089
16534
12666
46356
54924
29295
34754
33995
45671
44912
16175
52721
51962
63638
19104
40107
51783
4140
12708
18166
45639
32445
15890
12023
33025
19831
53268
52509
4867
1000
50233
21243
29810
35269
43836
21317
11232
16437
25005
42898
20126
56671
43478
42719
57504
38093
18682
42793
1368
28587
21358
29926
26058
46807
27143
7479
62930
2853
20747
25952
71
61487
26279
25520
21653
39546
29208
31558
61887
48440
13233
43561
2136
48008
41032
21621
45732
60263
3295
52276
10851
10092
46638
61422
29324
3442
65111
17468
10239
31241
11577
41906
25603
65258
26941
41726
28280
21304
1640
28859
43391
8184
50947
37500
64720
17077
28754
31103
2113
38659
15886
55541
14116
44444
24780
33348
19901
28469
52579
60894
564
62232
27025
32230
9458
27351
32557
3567
61874
54644
50524
2629
35813
3461
2449
13873
59744
5885
14452
10332
3102
45866
57289
22081
30396
16949
15937
52483
11058
47604
27940
61377
4156
12470
27002
44896
34558
18002
32534
15979
55381
60839
47393
62178
51840
63263
18729
33261
57119
9224
64422
50975
46855
14503
10383
46928
24156
4492
59690
5577
1710
13386
18591
17580
54126
43788
27232
63778
47223
52682
64105
3774
8980
7969
25609
5945
26694
7030
52902
45673
50879
21889
42638
51206
6419
36494
16577
43544
33206
855
31183
27063
4037
46547
29739
6966
46621
48718
38127
11993
57865
19295
27610
4837
63144
2814
26672
16334
59097
54724
19263
52448
63871
53533
24290
10843
40919
43016
13773
6544
61742
45186
56357
20896
35175
33910
61130
31887
18188
35828
28599
30696
29684
37999
2538
4382
12697
33193
41508
52931
29905
16206
55607
23256
230
55428
23076
3159
20800
59949
33814
7680
12886
21200
23297
44046
5477
63784
46976
45964
63352
12348
57967
53846
49726
4686
31653
36859
16942
62561
2231
44741
43729
58261
22801
59094
45394
9934
2452
7657
34877
8743
26383
40662
42759
828
27795
39218
35098
61812
32569
40883
14749
16593
15328
20281
31451
27331
63624
15728
52021
28743
43275
1597
50324
30407
57374
21914
11576
29216
40640
11397
35255
33990
54739
31714
55572
44981
62369
36234
47657
49502
32693
50081
33273
19573
65192
32588
50228
14768
32155
31144
11227
53737
49364
41882
37508
8265
41197
21280
13798
28329
55043
44200
55117
3860
58805
29562
59637
39721
19804
43662
11310
7189
2816
57761
16083
11710
16916
52956
58161
63367
40342
20425
53609
49488
7558
18728
11246
44177
30225
19634
33660
19707
46674
4743
37927
36663
28928
55642
48160
34207
36051
13026
52427
44945
49898
17546
41404
30814
20223
22067
48781
41299
21129
7176
49687
17335
3635
21023
60425
59160
42605
44449
2518
54355
31329
29811
44090
64587
53996
37188
23488
16006
8524
38347
27503
1369
34553
64628
47820
5889
20168
31338
20748
59896
24183
1157
24762
26606
34668
39621
10378
9113
7595
50106
17754
946
33877
63700
59326
48736
35036
58894
17216
40821
23760
50474
46101
16857
9375
20546
629
27596
26331
49936
35984
19175
45889
7067
21346
63856
12599
14443
6708
42748
56774
21314
16688
6097
63898
40619
14232
34728
45899
7077
46225
54287
21682
20670
3862
43011
44855
31155
39217
63075
40049
54075
43232
60366
37088
48258
46993
29932
31524
8498
41429
49491
44864
56035
57626
62579
51735
3334
8287
3913
21301
54232
2975
35906
53294
30015
16316
5472
44621
21342
20078
30995
20151
6199
11152
55
57856
6599
55327
961
49436
44810
40436
1614
31690
14882
26052
37475
57971
59815
11667
35272
46190
48034
12320
57939
212
14491
28770
2383
10444
65136
4553
46811
33111
50499
8568
16629
55778
10739
18800
54840
43996
48696
31888
20791
16165
30191
19600
46314
1275
37315
38906
40497
32762
43679
39053
53079
32909
40718
64070
22139
61288
25574
61614
778
11948
60423
24710
60750
9493
64185
49980
36280
22328
24172
38451
46260
1220
34151
16837
9102
23381
28081
51686
31516
61339
19408
55195
59895
55269
4012
40052
22990
5929
48187
37343
29608
34561
1703
53540
61601
13453
2609
19744
52422
10239
61822
16530
12156
60884
56258
61211
44149
55067
22209
24053
32115
61937
44876
52938
20333
6381
45529
53591
8551
50809
52653
60461
21386
16760
34148
35739
9352
17413
62526
1943
41092
11343
499
23851
44348
43083
19805
24504
19878
40375
35748
46666
45148
27834
29425
65465
39331
44031
17643
6800
33514
56866
11826
41649
5935
32649
53145
14323
37928
11541
53799
33629
10350
52608
13532
46464
35873
18812
64178
25356
48961
16356
46179
26009
12056
29444
6166
60858
21783
54714
46979
11266
25545
42932
748
42753
31909
52406
60214
33827
60541
12140
19948
49771
7587
15396
17240
40592
11096
16049
2096
3940
21328
63585
34089
41898
5932
29284
37345
35828
3476
5067
40854
51772
40928
42519
9661
64354
37966
20905
50981
18123
44837
8871
26258
62298
23476
31538
36237
16068
48999
38155
24203
41590
62087
7468
18638
10903
6530
42317
34582
57934
6424
1798
31621
30103
56564
8416
25803
27647
1260
31083
10913
59641
11492
31989
30471
57185
43233
29280
59103
35824
43633
11028
34380
63950
40671
29828
22346
36624
31998
27372
47615
55677
23072
18446
4746
50113
48848
60018
24305
29258
12196
45381
56551
17476
50154
2006
37793
1827
56266
51640
25252
27096
53557
33388
25905
58837
44884
52693
29667
15715
39320
22259
2089
28803
8633
19803
58952
13659
49952
23565
31374
14312
16157
20856
13374
21436
54367
37559
11172
34777
49056
31995
55347
10307
33659
1055
5755
51121
49856
45230
37748
57991
40930
39665
35039
30666
16713
46536
60562
65515
1823
558
5511
16681
43395
51457
15743
8008
50519
46145
16649
65377
1432
62595
36208
38052
5447
25943
61983
10726
56092
7691
56419
26923
53890
46408
60940
9683
58410
32276
65207
13950
56208
61413
3939
15109
60475
37450
33076
62899
33403
1051
33982
10957
56576
18007
38756
21695
1778
19418
49494
32686
53435
17974
29145
65438
11325
9807
27448
13748
53150
26763
50368
14907
57418
21957
5149
41442
9090
29586
44118
11767
22937
62338
2008
56953
30819
4685
62739
8626
63571
46510
51716
34907
42969
1291
40693
14558
7329
34296
23705
6897
27646
7729
62674
5453
57289
34264
30143
26023
12576
55087
32061
24832
39364
19447
18435
64307
59934
65140
20353
6906
18077
7739
44032
52346
47973
43852
1921
34853
8718
1489
40891
52314
63737
50038
23903
4239
59437
58426
19856
9519
17833
19930
46897
30342
16642
18739
48815
22933
34356
14439
60058
37286
20478
50806
30889
54747
59953
12057
57676
9781
5661
23301
12963
39930
7578
31436
52439
51427
53524
55621
17052
59562
39898
29560
62744
43080
16946
138
58192
13405
43481
64230
38096
21540
54724
9938
8926
17241
19338
49413
29749
59824
15038
26461
580
49307
4521
53501
27367
1233
59540
2065
35502
43817
49022
874
18515
51952
7165
15480
48664
13203
37061
10674
336
33773
38726
37714
18050
57452
28209
30306
23077
24921
36344
29115
52973
5078
16501
33888
51529
56735
43035
35553
31180
48820
35121
46544
20410
12928
30568
13760
3169
36354
13328
30968
5087
22728
5919
45321
34730
58588
48250
19007
23960
57144
9249
51759
22263
2346
29060
24687
23422
37954
55342
26099
65500
8279
47680
24402
48260
62792
14644
50936
43707
33369
22779
5970
60916
6550
14864
51157
9479
45772
35181
30808
20217
12735
8109
15918
11544
16497
9015
63960
37573
23621
25465
64866
60746
40829
55361
4104
40144
26444
37867
33494
41809
59196
23230
43726
8266
10110
61693
16654
6063
32777
425
5378
44527
61914
29310
9393
48794
35095
11816
38783
25083
14240
12975
45906
47751
8675
63621
65465
39330
12943
14534
19487
5788
20067
34345
33081
22237
33154
550
52133
57086
2467
950
15229
4385
37064
4459
15629
14111
3268
17547
233
20729
6777
55252
886
8947
23226
59013
23047
52870
26482
40761
58149
53523
2266
32088
61911
57537
52911
26271
49623
17018
62384
35997
19189
26998
47241
14636
31771
2275
53606
11422
35027
17966
59970
14678
13160
52056
28778
58600
22887
49348
1199
5899
35469
55712
16637
8902
4023
40063
19893
65259
54416
40463
20293
46754
20367
12632
13970
24887
10935
52940
4538
59231
4865
62413
32917
3168
38955
6097
13906
65490
60610
9100
13800
34044
10765
27900
51252
21250
50820
17962
19301
8457
25592
36256
50282
54982
15907
11028
65467
54370
24621
44612
2428
22672
52494
34927
52062
12987
20795
53727
2217
19352
58247
59333
7823
21596
35622
24525
26116
11911
10141
49036
34831
20373
9023
32375
49257
47740
8412
19076
17306
9065
54178
55769
53999
18032
28697
30035
40446
4227
24218
34882
36220
43776
51332
49308
63081
29971
18874
45082
55747
59941
23468
49676
53870
14289
21592
10243
39812
484
8040
3161
54238
21128
6670
51530
37072
13287
8408
59739
54607
11664
31402
42066
33825
6932
17596
29
38925
5815
44458
23782
9576
29567
61992
54005
64669
31558
54658
18438
9945
17500
18586
38576
55205
28312
38723
55605
6445
20218
46173
40788
7425
55394
9595
7572
33780
25286
51241
42748
59376
50883
45751
34401
48174
49259
47236
29416
20922
34190
22587
39216
46266
12902
45075
21038
109
63874
58742
3
60154
33261
6115
28708
35758
11721
3480
44979
64463
55970
6810
48308
27380
9813
1319
23659
21636
3563
1287
39424
18242
34871
16798
48718
18463
3499
63650
14743
21540
47495
1444
48907
55704
40992
7123
7956
55925
44069
4488
36408
65219
13203
60666
45702
40317
34932
16859
26765
43141
34394
10104
4719
39494
2516
9566
7036
64079
33571
9281
37839
16657
51685
46047
49988
13010
7372
1734
17858
21293
15655
60009
57480
4705
61242
58713
31314
13241
13820
61283
11870
15
25717
44696
57710
48964
8877
31217
457
31618
16653
1689
2269
9066
59638
10225
45000
42471
52376
43630
15725
50500
50827
60479
8211
8790
40710
9949
7420
48413
23869
21087
58971
28211
50298
13320
7429
54640
33458
2697
9241
3350
22582
51393
45502
39864
61952
37409
47061
40665
34774
9978
63152
60370
23139
10778
64206
48989
30410
37207
52824
37607
37681
6920
22537
32190
54277
57713
1829
23664
39281
35740
60684
4547
48396
41999
29385
60293
53896
25738
59502
37815
44106
25021
6442
3407
22133
65476
59079
46212
49142
39383
1899
11046
29519
10435
60248
25367
50310
28370
3321
47169
34808
50172
18906
21835
18294
64493
54734
36156
10854
32435
47800
35186
557
12813
59770
6490
12528
24531
39642
26775
32813
25658
50348
3032
52592
33508
64416
51548
871
50431
22020
52675
42917
23580
42053
35150
34718
9922
6128
21239
51641
13651
25907
605
9499
46371
14346
38783
12976
15652
61851
8064
38466
62904
34240
18012
26653
22606
12594
52576
5260
39023
781
22109
2519
45609
44924
3572
18431
39254
44533
9399
11317
47936
15911
27661
8070
4276
53584
62225
48346
40937
61507
10577
18965
55332
16836
15139
7731
59641
61053
10122
2967
20428
32178
40566
5432
57595
38004
15052
45201
49975
27023
53810
55728
23197
9065
48288
59279
20277
59752
8569
31995
34165
14069
28675
15049
26293
40392
1644
34396
32699
15205
1074
11812
44564
45976
38061
65102
19630
61708
6910
18154
9987
17869
56838
14981
16393
58471
41483
64656
25655
20849
40408
63328
48690
362
38826
15115
41144
26506
62367
16642
2005
12237
47845
27242
25546
29813
62312
38096
1950
9579
54260
30297
12297
50761
36123
8545
30959
50770
11263
46618
47777
63721
13875
14781
6108
53392
41357
64783
55857
16350
29691
43032
6380
53664
54064
25727
38309
13587
16843
61018
2352
6114
44072
4059
60669
57960
23153
57749
11771
27462
61552
58844
14963
8893
62141
40274
58568
33340
39704
36490
42855
24097
11809
14812
52011
42579
39365
55056
39659
55097
51883
45307
56877
7032
59774
43872
6209
61807
14818
54367
47791
19201
15481
23942
29801
57421
9673
40148
11305
16911
38314
43920
24403
29503
22421
56258
30524
35624
31904
24316
8161
59892
8782
45475
59396
14756
44473
18233
32912
47338
18495
30066
6681
36651
13014
55166
3803
30411
38114
14224
22180
44921
36574
6972
14675
22378
17646
46857
41872
39237
18709
45317
48900
27865
35315
1846
65253
28928
51669
49287
62195
62922
50455
16986
46197
43815
53868
32833
1967
42854
49798
24897
21250
6180
46814
21660
46497
21595
12237
37581
12426
27685
55884
64925
21118
51414
38695
6564
55512
54974
38387
31885
56469
52317
32368
12419
14231
63685
31301
39331
22997
24556
20150
41373
33100
34912
42942
13667
24552
29473
30273
51243
18101
34697
48944
40166
59871
36055
30385
56308
57108
23207
48624
61353
9305
59845
38631
36070
55017
61276
32833
10608
16361
53454
15938
6401
27191
46391
36095
10255
62639
65030
54734
19062
58758
45100
31190
42401
22779
59113
20080
53306
20237
5820
28961
33449
41299
22762
26492
43668
16058
7606
1503
1871
26351
23357
64391
1573
1689
35241
6872
21519
45745
35522
10009
39
64679
59915
39607
48290
9330
1710
37359
57971
27831
44575
26365
51676
45900
15002
24011
58143
57573
31880
62650
2762
10759
18756
54732
17690
60136
7551
65287
25895
61618
28444
62649
63670
57968
29746
57987
2040
32124
33472
26000
9960
23236
46092
37608
14845
51980
27193
55254
34082
27948
48781
38779
12980
21378
10364
45982
57235
54536
64272
48885
45680
30040
2724
54212
27981
42670
34838
9946
23370
51326
61135
22544
24365
32657
46913
60158
62991
50607
9486
49698
33447
3749
51263
54496
47392
33311
53679
50695
57617
57562
42470
3846
65460
60526
63653
992
20675
1283
55994
36929
59288
57610
14760
28373
17696
16597
61118
10101
37054
6281
40537
57732
44093
5405
36121
23641
16619
61182
44655
9729
12686
27320
35737
30781
43212
38329
52425
29216
56833
47724
53906
48053
41441
23480
53234
31226
15330
27665
40074
40627
8902
29593
1124
23554
24043
24606
6916
24002
5522
61219
47839
10315
27558
28646
63497
61517
12548
42456
937
61142
35566
54346
34988
19350
48858
14127
11705
33280
22314
31908
23747
48254
22148
9195
56782
58277
42490
24206
45682
44818
19010
50424
39580
16807
19410
50244
18904
46883
59318
65535
65535
65535
65535
65535
65535
65535
65535
65535
65535
65535
65535
65535
65535
65535
65535
65535
65535
65535
65535
65535
65535
65535
65535
65535
65535
65535
65535
65535
65535
65535
65535
65535
65535
65535
65535
65535
65535
65535
65535
65535
65535
65535
65535
65535
65535
65535
65535
65535
65535
65535
65535
65535
65535
65535
65535
65535
65535
65535
65535
65535
65535
65535
65535
65535
65535
65535
65535
65535
65535
65535
65535
65535
65535
65535
65535
65535
65535
65535
65535
65535
65535
65535
65535
65535
65535
65535
65535
65535
65535
65535
65535
65535
65535
65535
65535
65535
65535
65535
65535
65535
65535
65535
65535
65535
65535
65535
65535
65535
65535
65535
65535
65535
65535
65535
65535
65535
65535
65535
65535
65535
65535
65535
65535
65535
65535
65535
65535
65535
65535
65535
65535
65535
65535
65535
65535
65535
65535
65535
65535
65535
65535
65535
65535
65535
65535
65535
65535
65535
65535
65535
65535
65535
65535
65535
65535
65535
65535
65535
65535
65535
65535
65535
65535
65535
65535
65535
65535
65535
65535
65535
65535
65535
65535
65535
65535
65535
65535
65535
65535
65535
65535
65535
65535
65535
65535
65535
65535
65535
65535
65535
65535
65535
65535
65535
65535
65535
65535
65535
65535
65535
65535
65535
65535
65535
65535
65535
65535
65535
65535
65535
65535
65535
65535
65535
65535
65535
65535
65535
65535
65535
65535
65535
65535
65535
65535
65535
65535
65535
65535
65535
65535
65535
65535
65535
65535
65535
65535
65535
65535
65535
65535
65535
65535
65535
65535
65535
65535
65535
65535
65535
65535
65535
65535
65535
65535
65535
65535
65535
65535
65535
65535
65535
65535
65535
65535
65535
65535
65535
65535
65535
65535
65535
65535
65535
65535
65535
65535
65535
65535
65535
65535
65535
65535
65535
65535
65535
65535
65535
65535
65535
65535
65535
65535
65535
65535
65535
65535
65535
65535
65535
65535
65535
65535
65535
65535
65535
65535
65535
65535
65535
65535
65535
65535
65535
65535
65535
65535
65535
65535
65535
65535
65535
65535
65535
65535
65535
65535
65535
65535
65535
65535
65535
65535
65535
65535
65535
65535
65535
65535
65535
65535
65535
65535
65535
65535
65535
65535
65535
65535
65535
65535
65535
65535
65535
65535
65535
65535
65535
65535
65535
65535
65535
65535
65535
65535
65535
65535
65535
65535
65535
65535
65535
65535
65535
65535
65535
65535
65535
65535
65535
65535
65535
65535
65535
65535
65535
65535
65535
65535
65535
65535
65535
65535
65535
65535
65535
65535
65535
65535
65535
65535
65535
65535
65535
65535
65535
65535
65535
65535
65535
65535
65535
65535
65535
65535
65535
65535
65535
65535
65535
65535
65535
65535
65535
65535
65535
65535
65535
65535
65535
65535
65535
65535
65535
65535
65535
65535
65535
65535
65535
65535
65535
65535
65535
65535
65535
65535
65535
65535
65535
65535
65535
65535
65535
65535
65535
65535
65535
65535
65535
65535
65535
65535
65535
65535
65535
65535
65535
65535
65535
65535
65535
65535
65535
65535
65535
65535
65535
65535
65535
65535
65535
65535
65535
65535
65535
65535
65535
65535
65535
65535
65535
65535
65535
65535
65535
65535
65535
65535
65535
65535
65535
65535
65535
65535
65535
65535
65535
65535
65535
65535
65535
65535
65535
65535
65535
65535
65535
65535
65535
65535
65535
65535
65535
65535
65535
65535
65535
65535
65535
65535
65535
65535
65535
65535
65535
65535
65535
65535
65535
65535
65535
65535
65535
65535
65535
65535
65535
65535
65535
65535
65535
65535
65535
65535
65535
65535
65535
65535
65535
65535
65535
65535
65535
65535
65535
65535
65535
65535
65535
65535
65535
65535
65535
65535
65535
65535
65535
65535
65535
65535
65535
65535
65535
65535
65535
65535
65535
65535
65535
65535
65535
65535
65535
65535
65535
65535
65535
65535
65535
65535
65535
65535
65535
65535
65535
65535
65535
65535
65535
65535
65535
65535
65535
65535
65535
65535
65535
65535
65535
65535
65535
65535
65535
65535
65535
65535
65535
65535
65535
65535
65535
65535
65535
65535
65535
65535
65535
65535
65535
65535
65535
65535
65535
65535
65535
65535
65535
65535
65535
65535
65535
65535
65535
65535
65535
65535
65535
65535
65535
65535
65535
65535
65535
65535
65535
65535
65535
65535
65535
65535
65535
65535
65535
65535
65535
65535
65535
65535
65535
65535
65535
65535
65535
65535
65535
65535
65535
65535
65535
65535
65535
65535
65535
65535
65535
65535
65535
65535
65535
65535
65535
65535
65535
65535
65535
65535
65535
65535
65535
65535
65535
65535
65535
65535
65535
65535
65535
65535
65535
65535
65535
65535
65535
65535
65535
65535
65535
65535
65535
65535
65535
65535
65535
65535
65535
65535
65535
65535
65535
65535
65535
65535
65535
65535
65535
65535
65535
65535
65535
65535
65535
65535
65535
65535
65535
65535
65535
65535
65535
65535
65535
65535
65535
65535
65535
65535
65535
65535
65535
65535
65535
65535
65535
65535
65535
65535
65535
65535
65535
65535
65535
65535
65535
65535
65535
65535
65535
65535
65535
65535
65535
65535
65535
65535
65535
65535
65535
65535
65535
65535
65535
65535
65535
65535
65535
65535
65535
65535
65535
65535
65535
65535
65535
65535
65535
65535
65535
65535
65535
65535
65535
65535
65535
65535
65535
65535
65535
65535
65535
65535
65535
65535
65535
65535
65535
65535
65535
65535
65535
65535
65535
65535
65535
65535
65535
65535
65535
65535
65535
65535
65535
65535
65535
65535
65535
65535
65535
65535
65535
65535
65535
65535
65535
65535
65535
65535
65535
65535
65535
65535
65535
65535
65535
65535
65535
65535
65535
65535
65535
65535
65535
65535
65535
65535
65535
65535
65535
65535
65535
65535
65535
65535
65535
65535
65535
65535
65535
65535
65535
65535
65535
65535
65535
65535
65535
65535
65535
65535
65535
65535
65535
65535
65535
65535
65535
65535
65535
65535
65535
65535
65535
65535
65535
65535
65535
65535
65535
65535
65535
65535
65535
65535
65535
65535
65535
65535
65535
65535
65535
65535
65535
65535
65535
65535
65535
65535
65535
65535
65535
65535
65535
65535
65535
65535
65535
65535
65535
65535
65535
65535
65535
65535
65535
65535
65535
65535
65535
65535
65535
65535
65535
65535
65535
65535
65535
65535
65535
65535
65535
65535
65535
65535
65535
65535
65535
65535
65535
65535
65535
65535
65535
65535
65535
65535
65535
65535
65535
65535
65535
65535
65535
65535
65535
65535
65535
65535
65535
65535
65535
65535
65535
65535
65535
65535
65535
65535
65535
65535
65535
65535
65535
65535
65535
65535
65535
65535
65535
65535
65535
65535
65535
65535
65535
65535
65535
65535
65535
65535
65535
65535
65535
65535
65535
65535
65535
65535
65535
65535
65535
65535
65535
65535
65535
65535
65535
65535
65535
65535
65535
65535
65535
65535
65535
65535
65535
65535
65535
65535
65535
65535
65535
65535
65535
65535
65535
65535
65535
65535
65535
65535
65535
65535
65535
65535
65535
65535
65535
65535
65535
65535
65535
65535
65535
65535
65535
65535
65535
65535
65535
65535
65535
65535
65535
65535
65535
65535
65535
65535
65535
65535
65535
65535
65535
65535
65535
65535
65535
65535
65535
65535
65535
65535
65535
65535
65535
65535
65535
65535
65535
65535
65535
65535
65535
65535
65535
65535
65535
65535
65535
65535
65535
65535
65535
65535
65535
65535
65535
65535
65535
65535
65535
65535
65535
65535
65535
65535
65535
65535
65535
65535
65535
65535
65535
65535
65535
65535
65535
65535
65535
65535
65535
65535
65535
65535
65535
65535
65535
65535
65535
65535
65535
65535
65535
65535
65535
65535
65535
65535
65535
65535
65535
65535
65535
65535
65535
65535
65535
65535
65535
65535
65535
65535
65535
65535
65535
65535
65535
65535
65535
65535
65535
65535
65535
65535
65535
65535
65535
65535
65535
65535
65535
65535
65535
65535
65535
65535
65535
65535
65535
65535
65535
65535
65535
65535
65535
65535
65535
65535
65535
65535
65535
65535
65535
65535
65535
65535
65535
65535
65535
65535
65535
65535
65535
65535
65535
65535
65535
65535
65535
65535
65535
65535
65535
65535
65535
65535
65535
65535
65535
65535
65535
65535
65535
65535
65535
65535
65535
65535
65535
65535
65535
65535
65535
65535
65535
65535
65535
65535
65535
65535
65535
65535
65535
65535
65535
65535
65535
65535
65535
65535
65535
65535
65535
65535
65535
65535
65535
65535
65535
65535
65535
65535
65535
65535
65535
65535
65535
65535
65535
65535
65535
65535
65535
65535
65535
65535
65535
65535
65535
65535
65535
65535
65535
65535
65535
65535
65535
65535
65535
65535
65535
65535
65535
65535
65535
65535
65535
65535
65535
65535
65535
65535
65535
65535
65535
65535
65535
65535
65535
65535
65535
65535
65535
65535
65535
65535
65535
65535
65535
65535
65535
65535
65535
65535
65535
65535
65535
65535
65535
65535
65535
65535
65535
65535
65535
65535
65535
65535
65535
65535
65535
65535
65535
65535
65535
65535
65535
65535
65535
65535
65535
65535
65535
65535
65535
65535
65535
65535
65535
65535
65535
65535
65535
65535
65535
65535
65535
65535
65535
65535
65535
65535
65535
65535
65535
65535
65535
65535
65535
65535
65535
65535
65535
65535
65535
65535
65535
65535
65535
65535
65535
65535
65535
65535
65535
65535
65535
65535
65535
65535
65535
65535
65535
65535
65535
65535
65535
65535
65535
65535
65535
65535
65535
65535
65535
65535
65535
65535
65535
65535
65535
65535
65535
65535
65535
65535
65535
65535
65535
65535
65535
65535
65535
65535
65535
65535
65535
65535
65535
65535
65535
65535
65535
65535
65535
65535
65535
65535
65535
65535
65535
65535
65535
65535
65535
65535
65535
65535
65535
65535
65535
65535
65535
65535
65535
65535
65535
65535
65535
65535
65535
65535
65535
65535
65535
65535
65535
65535
65535
65535
65535
65535
65535
65535
65535
65535
65535
65535
65535
65535
65535
65535
65535
65535
65535
65535
65535
65535
65535
65535
65535
65535
65535
65535
65535
65535
65535
65535
65535
65535
65535
65535
65535
65535
65535
65535
65535
65535
65535
65535
65535
65535
65535
65535
65535
65535
65535
65535
65535
65535
65535
65535
65535
65535
65535
65535
65535
65535
65535
65535
65535
65535
65535
65535
65535
65535
65535
65535
65535
65535
65535
65535
65535
65535
65535
65535
65535
65535
65535
65535
65535
65535
65535
65535
65535
65535
65535
65535
65535
65535
65535
65535
65535
65535
65535
65535
65535
65535
65535
65535
65535
65535
65535
65535
65535
65535
65535
65535
65535
65535
65535
65535
65535
65535
65535
65535
65535
65535
65535
65535
65535
65535
65535
65535
65535
65535
65535
65535
65535
65535
65535
65535
65535
65535
65535
65535
65535
65535
65535
65535
65535
65535
65535
65535
65535
65535
65535
65535
65535
65535
65535
65535
65535
65535
65535
65535
65535
65535
65535
65535
65535
65535
65535
65535
65535
65535
65535
65535
65535
65535
65535
65535
65535
65535
65535
65535
65535
65535
65535
65535
65535
65535
65535
65535
65535
65535
65535
65535
65535
65535
65535
65535
65535
65535
65535
65535
65535
65535
65535
65535
65535
65535
65535
65535
65535
65535
65535
65535
65535
65535
65535
65535
65535
65535
65535
65535
65535
65535
65535
65535
65535
65535
65535
65535
65535
65535
65535
65535
65535
65535
65535
65535
65535
65535
65535
65535
65535
65535
65535
65535
65535
65535
65535
65535
65535
65535
65535
65535
65535
65535
65535
65535
65535
65535
65535
65535
65535
65535
65535
65535
65535
65535
65535
65535
65535
65535
65535
65535
65535
65535
65535
65535
65535
65535
65535
65535
65535
65535
65535
65535
65535
65535
65535
65535
65535
65535
65535
65535
65535
65535
65535
65535
65535
65535
65535
65535
65535
65535
65535
65535
65535
65535
65535
65535
65535
65535
65535
65535
65535
65535
65535
65535
65535
65535
65535
65535
65535
65535
65535
65535
65535
65535
65535
65535
65535
65535
65535
65535
65535
65535
65535
65535
65535
65535
65535
65535
65535
65535
65535
65535
65535
65535
65535
65535
65535
65535
65535
65535
65535
65535
65535
65535
65535
65535
65535
65535
65535
65535
65535
65535
65535
65535
65535
65535
65535
65535
65535
65535
65535
65535
65535
65535
65535
65535
65535
65535
65535
65535
65535
65535
65535
65535
65535
65535
65535
65535
65535
65535
65535
65535
65535
65535
65535
65535
65535
65535
65535
65535
65535
65535
65535
65535
65535
65535
65535
65535
65535
65535
65535
65535
65535
65535
65535
65535
65535
65535
65535
65535
65535
65535
65535
65535
65535
65535
65535
65535
65535
65535
65535
65535
65535
65535
65535
65535
65535
65535
65535
65535
65535
65535
65535
65535
65535
65535
65535
65535
65535
65535
65535
65535
65535
65535
65535
65535
65535
65535
65535
65535
65535
65535
65535
65535
65535
65535
65535
65535
65535
65535
65535
65535
65535
65535
65535
65535
65535
65535
65535
65535
65535
65535
65535
65535
65535
65535
65535
65535
65535
65535
65535
65535
65535
65535
65535
65535
65535
65535
65535
65535
65535
65535
65535
65535
65535
65535
65535
65535
65535
65535
65535
65535
65535
65535
65535
65535
65535
65535
65535
65535
65535
65535
65535
65535
65535
65535
65535
65535
65535
65535
65535
65535
65535
65535
65535
65535
65535
65535
65535
65535
65535
65535
65535
65535
65535
65535
65535
65535
65535
65535
65535
65535
65535
65535
65535
65535
65535
65535
65535
65535
65535
65535
65535
65535
65535
65535
65535
65535
65535
65535
65535
65535
65535
65535
65535
65535
65535
65535
65535
65535
65535
65535
65535
65535
65535
65535
65535
65535
65535
65535
65535
65535
65535
65535
65535
65535
65535
65535
65535
65535
65535
65535
65535
65535
65535
65535
65535
65535
65535
65535
65535
65535
65535
65535
65535
65535
65535
65535
65535
65535
65535
65535
65535
65535
65535
65535
65535
65535
65535
65535
65535
65535
65535
65535
65535
65535
65535
65535
65535
65535
65535
65535
65535
65535
65535
65535
65535
65535
65535
65535
65535
65535
65535
65535
65535
65535
65535
65535
65535
65535
65535
65535
65535
65535
65535
65535
65535
65535
65535
65535
65535
65535
65535
65535
65535
65535
65535
65535
65535
65535
65535
65535
65535
65535
65535
65535
65535
65535
65535
65535
65535
65535
65535
65535
65535
65535
65535
65535
65535
65535
65535
65535
65535
65535
65535
65535
65535
65535
65535
65535
65535
65535
65535
65535
65535
65535
65535
65535
65535
65535
65535
65535
65535
65535
65535
65535
65535
65535
65535
65535
65535
65535
65535
65535
65535
65535
65535
65535
65535
65535
65535
65535
65535
65535
65535
65535
65535
65535
65535
65535
65535
65535
65535
65535
65535
65535
65535
65535
65535
65535
65535
65535
65535
65535
65535
65535
65535
65535
65535
65535
65535
65535
65535
65535
65535
65535
65535
65535
65535
65535
65535
65535
65535
65535
65535
65535
65535
65535
65535
65535
65535
65535
65535
65535
65535
65535
65535
65535
65535
65535
65535
65535
65535
65535
65535
65535
65535
65535
65535
65535
65535
65535
65535
65535
65535
65535
65535
65535
65535
65535
65535
65535
65535
65535
65535
65535
65535
65535
65535
65535
65535
65535
65535
65535
65535
65535
65535
65535
65535
65535
65535
65535
65535
65535
65535
65535
65535
65535
65535
65535
65535
65535
65535
65535
65535
65535
65535
65535
65535
65535
65535
65535
65535
65535
65535
65535
65535
65535
65535
65535
65535
65535
65535
65535
65535
65535
65535
65535
65535
65535
65535
65535
65535
65535
65535
65535
65535
65535
65535
65535
65535
65535
65535
65535
65535
65535
65535
65535
65535
65535
65535
65535
65535
65535
65535
65535
65535
65535
65535
65535
65535
65535
65535
65535
65535
65535
65535
65535
65535
65535
65535
65535
65535
65535
65535
65535
65535
65535
65535
65535
65535
65535
65535
65535
65535
65535
65535
65535
65535
65535
65535
65535
65535
65535
65535
65535
65535
65535
65535
65535
65535
65535
65535
65535
65535
65535
65535
65535
65535
65535
65535
65535
65535
65535
65535
65535
65535
65535
65535
65535
65535
65535
65535
65535
65535
65535
65535
65535
65535
65535
65535
65535
65535
65535
65535
65535
65535
65535
65535
65535
65535
65535
65535
65535
65535
65535
65535
65535
65535
65535
65535
65535
65535
65535
65535
65535
65535
65535
65535
65535
65535
65535
65535
65535
65535
65535
65535
65535
65535
65535
65535
65535
65535
65535
65535
65535
65535
65535
65535
65535
65535
65535
65535
65535
65535
65535
65535
65535
65535
65535
65535
65535
65535
65535
65535
65535
65535
65535
65535
65535
65535
65535
65535
65535
65535
65535
65535
65535
65535
65535
65535
65535
65535
65535
65535
65535
65535
65535
65535
65535
65535
65535
65535
65535
65535
65535
65535
65535
65535
65535
65535
65535
65535
65535
65535
65535
65535
65535
65535
65535
65535
65535
65535
65535
65535
65535
65535
65535
65535
65535
65535
65535
65535
65535
65535
65535
65535
65535
65535
65535
65535
65535
65535
65535
65535
65535
65535
65535
65535
65535
65535
65535
65535
65535
65535
65535
65535
65535
65535
65535
65535
65535
65535
65535
65535
65535
65535
65535
65535
65535
65535
65535
65535
65535
65535
65535
65535
65535
65535
65535
65535
65535
65535
65535
65535
65535
65535
65535
65535
65535
65535
65535
65535
65535
65535
65535
65535
65535
65535
65535
65535
65535
65535
65535
65535
65535
65535
65535
65535
65535
65535
65535
65535
65535
65535
65535
65535
65535
65535
65535
65535
65535
65535
65535
65535
65535
65535
65535
65535
65535
65535
65535
65535
65535
65535
65535
65535
65535
65535
65535
65535
65535
65535
65535
65535
65535
65535
65535
65535
65535
65535
65535
65535
65535
65535
65535
65535
65535
65535
65535
65535
65535
65535
65535
65535
65535
65535
65535
65535
65535
65535
65535
65535
65535
65535
65535
65535
65535
65535
65535
65535
65535
65535
65535
65535
65535
65535
65535
65535
65535
65535
65535
65535
65535
65535
65535
65535
65535
65535
65535
65535
65535
65535
65535
65535
65535
65535
65535
65535
65535
65535
65535
65535
65535
65535
65535
65535
65535
65535
65535
65535
65535
65535
65535
65535
65535
65535
65535
65535
65535
65535
65535
65535
65535
65535
65535
65535
65535
65535
65535
65535
65535
65535
65535
65535
65535
65535
65535
65535
65535
65535
65535
65535
65535
65535
65535
65535
65535
65535
65535
65535
65535
65535
65535
65535
65535
65535
65535
65535
65535
65535
65535
65535
65535
65535
65535
65535
65535
65535
65535
65535
65535
65535
65535
65535
65535
65535
65535
65535
65535
65535
65535
65535
65535
65535
65535
65535
65535
65535
65535
65535
65535
65535
65535
65535
65535
65535
65535
65535
65535
65535
65535
65535
65535
65535
65535
65535
65535
65535
65535
65535
65535
65535
65535
65535
65535
65535
65535
65535
65535
65535
65535
65535
65535
65535
65535
65535
65535
65535
65535
65535
65535
65535
65535
65535
65535
65535
65535
65535
65535
65535
65535
65535
65535
65535
65535
65535
65535
65535
65535
65535
65535
65535
65535
65535
65535
65535
65535
65535
65535
65535
65535
65535
65535
65535
65535
65535
65535
65535
65535
65535
65535
65535
65535
65535
65535
65535
65535
65535
65535
65535
65535
65535
65535
65535
65535
65535
65535
65535
65535
65535
65535
65535
65535
65535
65535
65535
65535
65535
65535
65535
65535
65535
65535
65535
65535
65535
65535
65535
65535
65535
65535
65535
65535
65535
65535
65535
65535
65535
65535
65535
65535
65535
65535
65535
65535
65535
65535
65535
65535
65535
65535
65535
65535
65535
65535
65535
65535
65535
65535
65535
65535
65535
65535
65535
65535
65535
65535
65535
65535
65535
65535
65535
65535
65535
65535
65535
65535
65535
65535
65535
65535
65535
65535
65535
65535
65535
65535
65535
65535
65535
65535
65535
65535
65535
65535
65535
65535
65535
65535
65535
65535
65535
65535
65535
65535
65535
65535
65535
65535
65535
65535
65535
65535
65535
65535
65535
65535
65535
65535
65535
65535
65535
65535
65535
65535
65535
65535
65535
65535
65535
65535
65535
65535
65535
65535
65535
65535
65535
65535
65535
65535
65535
65535
65535
65535
65535
65535
65535
65535
65535
65535
65535
65535
65535
65535
65535
65535
65535
65535
65535
65535
65535
65535
65535
65535
65535
65535
65535
65535
65535
65535
65535
65535
65535
65535
65535
65535
65535
65535
65535
65535
65535
65535
65535
65535
65535
65535
65535
65535
65535
65535
65535
65535
65535
65535
65535
65535
65535
65535
65535
65535
65535
65535
65535
65535
65535
65535
65535
65535
65535
65535
65535
65535
65535
65535
65535
65535
65535
65535
65535
65535
65535
65535
65535
65535
65535
65535
65535
65535
65535
65535
65535
65535
65535
65535
65535
65535
65535
65535
65535
65535
65535
65535
65535
65535
65535
65535
65535
65535
65535
65535
65535
65535
65535
65535
65535
65535
65535
65535
65535
65535
65535
65535
65535
65535
65535
65535
65535
65535
65535
65535
65535
65535
65535
65535
65535
65535
65535
65535
65535
65535
65535
65535
65535
65535
65535
65535
65535
65535
65535
65535
65535
65535
65535
65535
65535
65535
65535
65535
65535
65535
65535
65535
65535
65535
65535
65535
65535
65535
65535
65535
65535
65535
65535
65535
65535
65535
65535
65535
65535
65535
65535
65535
65535
65535
65535
65535
65535
65535
65535
65535
65535
65535
65535
65535
65535
65535
65535
65535
65535
65535
65535
65535
65535
65535
65535
65535
65535
65535
65535
65535
65535
65535
65535
65535
65535
65535
65535
65535
65535
65535
65535
65535
65535
65535
65535
65535
65535
65535
65535
65535
65535
65535
65535
65535
65535
65535
65535
65535
65535
65535
65535
65535
65535
65535
65535
65535
65535
65535
65535
65535
65535
65535
65535
65535
65535
65535
65535
65535
65535
65535
65535
65535
65535
65535
65535
65535
65535
65535
65535
65535
65535
65535
65535
65535
65535
65535
65535
65535
65535
65535
65535
65535
65535
65535
65535
65535
65535
65535
65535
65535
65535
65535
65535
65535
65535
65535
65535
65535
65535
65535
65535
65535
65535
65535
65535
65535
65535
65535
65535
65535
65535
65535
65535
65535
65535
65535
65535
65535
65535
65535
65535
65535
65535
65535
65535
65535
65535
65535
65535
65535
65535
65535
65535
65535
65535
65535
65535
65535
65535
65535
65535
65535
65535
65535
65535
65535
65535
65535
65535
65535
65535
65535
65535
65535
65535
65535
65535
65535
65535
65535
65535
65535
65535
65535
65535
65535
65535
65535
65535
65535
65535
65535
65535
65535
65535
65535
65535
65535
65535
65535
65535
65535
65535
65535
65535
65535
65535
65535
65535
65535
65535
65535
65535
65535
65535
65535
65535
65535
65535
65535
65535
65535
65535
65535
65535
65535
65535
65535
65535
65535
65535
65535
65535
65535
65535
65535
65535
65535
65535
65535
65535
65535
65535
65535
65535
65535
65535
65535
65535
65535
65535
65535
65535
65535
65535
65535
65535
65535
65535
65535
65535
65535
65535
65535
65535
65535
65535
65535
65535
65535
65535
65535
65535
65535
65535
65535
65535
65535
65535
65535
65535
65535
65535
65535
65535
65535
65535
65535
65535
65535
65535
65535
65535
65535
65535
65535
65535
65535
65535
65535
65535
65535
65535
65535
65535
65535
65535
65535
65535
65535
65535
65535
65535
65535
65535
65535
65535
65535
65535
65535
65535
65535
65535
65535
65535
65535
65535
65535
65535
65535
65535
65535
65535
65535
65535
65535
65535
65535
65535
65535
65535
65535
65535
65535
65535
65535
65535
65535
65535
65535
65535
65535
65535
65535
65535
65535
65535
65535
65535
65535
65535
65535
65535
65535
65535
65535
65535
65535
65535
65535
65535
65535
65535
65535
65535
65535
65535
65535
65535
65535
65535
65535
65535
65535
65535
65535
65535
65535
65535
65535
65535
65535
65535
65535
65535
65535
65535
65535
65535
65535
65535
65535
65535
65535
65535
65535
65535
65535
65535
65535
65535
65535
65535
65535
65535
65535
65535
65535
65535
65535
65535
65535
65535
65535
65535
65535
65535
65535
65535
65535
65535
65535
65535
65535
65535
65535
65535
65535
65535
65535
65535
65535
65535
65535
65535
65535
65535
65535
65535
65535
65535
65535
65535
65535
65535
65535
65535
65535
65535
65535
65535
65535
65535
65535
65535
65535
65535
65535
65535
65535
65535
65535
65535
65535
65535
65535
65535
65535
65535
65535
65535
65535
65535
65535
65535
65535
65535
65535
65535
65535
65535
65535
65535
65535
65535
65535
65535
65535
65535
65535
65535
65535
65535
65535
65535
65535
65535
65535
65535
65535
65535
65535
65535
65535
65535
65535
65535
65535
65535
65535
65535
65535
65535
65535
65535
65535
65535
65535
65535
65535
65535
65535
65535
65535
65535
65535
65535
65535
65535
65535
65535
65535
65535
65535
65535
65535
65535
65535
65535
65535
65535
65535
65535
65535
65535
65535
65535
65535
65535
65535
65535
65535
65535
65535
65535
65535
65535
65535
65535
65535
65535
65535
65535
65535
65535
65535
65535
65535
65535
65535
65535
65535
65535
65535
65535
65535
65535
65535
65535
65535
65535
65535
65535
65535
65535
65535
65535
65535
65535
65535
65535
65535
65535
65535
65535
65535
65535
65535
65535
65535
65535
65535
65535
65535
65535
65535
65535
65535
65535
65535
65535
65535
65535
65535
65535
65535
65535
65535
65535
65535
65535
65535
65535
65535
65535
65535
65535
65535
65535
65535
65535
65535
65535
65535
65535
65535
65535
65535
65535
65535
65535
65535
65535
65535
65535
65535
65535
65535
65535
65535
65535
65535
65535
65535
65535
65535
65535
65535
65535
65535
65535
65535
65535
65535
65535
65535
65535
65535
65535
65535
65535
65535
65535
65535
65535
65535
65535
65535
65535
65535
65535
65535
65535
65535
65535
65535
65535
65535
65535
65535
65535
65535
65535
65535
65535
65535
65535
65535
65535
65535
65535
65535
65535
65535
65535
65535
65535
65535
65535
65535
65535
65535
65535
65535
65535
65535
65535
65535
65535
65535
65535
65535
65535
65535
65535
65535
65535
65535
65535
65535
65535
65535
65535
65535
65535
65535
65535
65535
65535
65535
65535
65535
65535
65535
65535
65535
65535
65535
65535
65535
65535
65535
65535
65535
65535
65535
65535
65535
65535
65535
65535
65535
65535
65535
65535
65535
65535
65535
65535
65535
65535
65535
65535
65535
65535
65535
65535
65535
65535
65535
65535
65535
65535
65535
65535
65535
65535
65535
65535
65535
65535
65535
65535
65535
65535
65535
65535
65535
65535
65535
65535
65535
65535
65535
65535
65535
65535
65535
65535
65535
65535
65535
65535
65535
65535
65535
65535
65535
65535
65535
65535
65535
65535
65535
65535
65535
65535
65535
65535
65535
65535
65535
65535
65535
65535
65535
65535
65535
65535
65535
65535
65535
65535
65535
65535
65535
65535
65535
65535
65535
65535
65535
65535
65535
65535
65535
65535
65535
65535
65535
65535
65535
65535
65535
65535
65535
65535
65535
65535
65535
65535
65535
65535
65535
65535
65535
65535
65535
65535
65535
65535
65535
65535
65535
65535
65535
65535
65535
65535
65535
65535
65535
65535
65535
65535
65535
65535
65535
65535
65535
65535
65535
65535
65535
65535
65535
65535
65535
65535
65535
65535
65535
65535
65535
65535
65535
65535
65535
65535
65535
65535
65535
65535
65535
65535
65535
65535
65535
65535
65535
65535
65535
65535
65535
65535
65535
65535
65535
65535
65535
65535
65535
65535
65535
65535
65535
65535
65535
65535
65535
65535
65535
65535
65535
65535
65535
65535
65535
65535
65535
65535
65535
65535
65535
65535
65535
65535
65535
65535
65535
65535
65535
65535
65535
65535
65535
65535
65535
65535
65535
65535
65535
65535
65535
65535
65535
65535
65535
65535
65535
65535
65535
65535
65535
65535
65535
65535
65535
65535
65535
65535
65535
65535
65535
65535
65535
65535
65535
65535
65535
65535
65535
65535
65535
65535
65535
65535
65535
65535
65535
65535
65535
65535
65535
65535
65535
65535
65535
65535
65535
65535
65535
65535
65535
65535
65535
65535
65535
65535
65535
65535
65535
65535
65535
65535
65535
65535
65535
65535
65535
65535
65535
65535
65535
65535
65535
65535
65535
65535
65535
65535
65535
65535
65535
65535
65535
65535
65535
65535
65535
65535
65535
65535
65535
65535
65535
65535
65535
65535
65535
65535
65535
65535
65535
65535
65535
65535
65535
65535
65535
65535
65535
65535
65535
65535
65535
65535
65535
65535
65535
65535
65535
65535
65535
65535
65535
65535
65535
65535
65535
65535
65535
65535
65535
65535
65535
65535
65535
65535
65535
65535
65535
65535
65535
65535
65535
65535
65535
65535
65535
65535
65535
65535
65535
65535
65535
65535
65535
65535
65535
65535
65535
65535
65535
65535
65535
65535
65535
65535
65535
65535
65535
65535
65535
65535
65535
65535
65535
65535
65535
65535
65535
65535
65535
65535
65535
65535
65535
65535
65535
65535
65535
65535
65535
65535
65535
65535
65535
65535
65535
65535
65535
65535
65535
65535
65535
65535
65535
65535
65535
65535
65535
65535
65535
65535
65535
65535
65535
65535
65535
65535
65535
65535
65535
65535
65535
65535
65535
65535
65535
65535
65535
65535
65535
65535
65535
65535
65535
65535
65535
65535
65535
65535
65535
65535
65535
65535
65535
65535
65535
65535
65535
65535
65535
65535
65535
65535
65535
65535
65535
65535
65535
65535
65535
65535
65535
65535
65535
65535
65535
65535
65535
65535
65535
65535
65535
65535
65535
65535
65535
65535
65535
65535
65535
65535
65535
65535
65535
65535
65535
65535
65535
65535
65535
65535
65535
65535
65535
65535
65535
65535
65535
65535
65535
65535
65535
65535
65535
65535
65535
65535
65535
65535
65535
65535
65535
65535
65535
65535
65535
65535
65535
65535
65535
65535
65535
65535
65535
65535
65535
65535
65535
65535
65535
65535
65535
65535
65535
65535
65535
65535
65535
65535
65535
65535
65535
65535
65535
65535
65535
65535
65535
65535
65535
65535
65535
65535
65535
65535
65535
65535
65535
65535
65535
65535
65535
65535
65535
65535
65535
65535
65535
65535
65535
65535
65535
65535
65535
65535
65535
65535
65535
65535
65535
65535
65535
65535
65535
65535
65535
65535
65535
65535
65535
65535
65535
65535
65535
65535
65535
65535
65535
65535
65535
65535
65535
65535
65535
65535
65535
65535
65535
65535
65535
65535
65535
65535
65535
65535
65535
65535
65535
65535
65535
65535
65535
65535
65535
65535
65535
65535
65535
65535
65535
65535
65535
65535
65535
65535
65535
65535
65535
65535
65535
65535
65535
65535
65535
65535
65535
65535
65535
65535
65535
65535
65535
65535
65535
65535
65535
65535
65535
65535
65535
65535
65535
65535
65535
65535
65535
65535
65535
65535
65535
65535
65535
65535
65535
65535
65535
65535
65535
65535
65535
65535
65535
65535
65535
65535
65535
65535
65535
65535
65535
65535
65535
65535
65535
65535
65535
65535
65535
65535
65535
65535
65535
65535
65535
65535
65535
65535
65535
65535
65535
65535
65535
65535
65535
65535
65535
65535
65535
65535
65535
65535
65535
65535
65535
65535
65535
65535
65535
65535
65535
65535
65535
65535
65535
65535
65535
65535
65535
65535
65535
65535
65535
65535
65535
65535
65535
65535
65535
65535
65535
65535
65535
65535
65535
65535
65535
65535
65535
65535
65535
65535
65535
65535
65535
65535
65535
65535
65535
65535
65535
65535
65535
65535
65535
65535
65535
65535
65535
65535
65535
65535
65535
65535
65535
65535
65535
65535
65535
65535
65535
65535
65535
65535
65535
65535
65535
65535
65535
65535
65535
65535
65535
65535
65535
65535
65535
65535
65535
65535
65535
65535
65535
65535
65535
65535
65535
65535
65535
65535
65535
65535
65535
65535
65535
65535
65535
65535
65535
65535
65535
65535
65535
65535
65535
65535
65535
65535
65535
65535
65535
65535
65535
65535
65535
65535
65535
65535
65535
65535
65535
65535
65535
65535
65535
65535
65535
65535
65535
65535
65535
65535
65535
65535
65535
65535
65535
65535
65535
65535
65535
65535
65535
65535
65535
65535
65535
65535
65535
65535
65535
65535
65535
65535
65535
65535
65535
65535
65535
65535
65535
65535
65535
65535
65535
65535
65535
65535
65535
65535
65535
65535
65535
65535
65535
65535
65535
65535
65535
65535
65535
65535
65535
65535
65535
65535
65535
65535
65535
65535
65535
65535
65535
65535
65535
65535
65535
65535
65535
65535
65535
65535
65535
65535
65535
65535
65535
65535
65535
65535
65535
65535
65535
65535
65535
65535
65535
65535
65535
65535
65535
65535
65535
65535
65535
65535
65535
65535
65535
65535
65535
65535
65535
65535
65535
65535
65535
65535
65535
65535
65535
65535
65535
65535
65535
65535
65535
65535
65535
65535
65535
65535
65535
65535
65535
65535
65535
65535
65535
65535
65535
65535
65535
65535
65535
65535
65535
65535
65535
65535
65535
65535
65535
65535
65535
65535
65535
65535
65535
65535
65535
65535
65535
65535
65535
65535
65535