0
0
1
1
2
2
3
3
4
4
5
6
6
7
8
9
9
10
11
11
12
13
14
15
16
17
18
19
20
21
22
23
24
25
27
29
30
32
33
34
35
37
38
39
41
43
44
46
48
50
51
53
55
57
58
60
62
64
66
68
70
72
74
76
78
80
83
84
86
89
91
93
95
97
99
101
103
104
107
109
111
114
116
118
120
122
124
126
129
131
133
135
138
140
143
145
147
149
151
154
156
158
161
163
166
168
171
174
176
179
181
183
185
188
189
191
193
196
199
202
204
206
209
212
215
217
220
223
225
228
231
233
236
239
241
243
246
248
251
253
255
258
262
264
267
269
271
273
275
278
280
282
284
286
288
291
293
296
298
300
303
305
307
309
312
314
317
319
322
325
327
329
331
334
336
338
341
343
346
348
351
353
356
359
360
363
365
368
370
372
375
377
379
381
384
387
389
391
393
395
398
400
402
404
406
408
411
413
415
418
421
423
425
427
430
432
434
436
438
441
443
445
447
450
451
454
456
458
461
463
466
468
470
472
474
477
480
482
484
486
489
491
493
496
498
500
502
504
506
508
511
513
515
517
519
522
524
526
528
530
531
533
535
537
538
540
542
545
547
549
551
554
556
558
560
562
564
565
567
569
571
573
575
577
579
581
583
585
587
589
591
593
595
596
598
601
603
604
606
607
609
611
613
616
618
620
622
624
626
628
630
631
634
636
637
639
641
643
645
647
649
650
652
654
656
658
660
662
664
666
668
670
671
673
675
677
678
680
682
683
684
686
688
690
692
693
695
698
700
702
704
706
708
710
711
713
715
717
718
720
721
723
725
727
729
730
732
734
736
738
740
742
743
745
746
748
750
752
753
755
757
759
761
763
765
767
769
771
772
774
776
778
780
782
785
786
788
789
791
793
795
797
799
801
802
805
806
808
810
811
814
815
817
818
820
822
824
825
827
829
831
833
834
836
838
840
842
844
846
848
849
851
853
854
856
858
860
862
864
866
867
869
871
873
875
878
879
881
882
884
886
888
890
892
893
895
897
898
900
902
904
906
908
909
911
913
915
917
919
921
923
925
926
928
930
933
934
936
938
940
941
944
946
948
949
952
953
956
958
960
962
963
965
967
969
970
972
973
976
977
979
980
982
984
986
988
990
992
994
996
997
999
1001
1003
1005
1007
1009
1012
1013
1015
1018
1020
1022
1024
1026
1028
1029
1031
1033
1035
1037
1039
1041
1043
1045
1047
1049
1051
1053
1055
1057
1059
1062
1063
1065
1067
1068
1070
1072
1074
1076
1078
1080
1082
1084
1086
1088
1091
1093
1094
1096
1098
1100
1102
1104
1106
1108
1110
1112
1114
1117
1118
1120
1122
1125
1126
1128
1130
1132
1134
1136
1138
1139
1141
1143
1145
1147
1149
1151
1152
1154
1156
1158
1161
1163
1165
1167
1169
1172
1174
1176
1178
1180
1182
1185
1188
1190
1192
1195
1197
1199
1201
1204
1206
1208
1211
1213
1215
1217
1220
1222
1224
1226
1228
1230
1232
1234
1236
1237
1239
1242
1244
1246
1249
1251
1253
1255
1257
1259
1262
1264
1266
1268
1270
1273
1275
1277
1280
1283
1285
1288
1290
1292
1294
1296
1298
1300
1301
1304
1306
1308
1311
1313
1316
1317
1320
1323
1325
1327
1329
1332
1334
1336
1338
1340
1343
1346
1348
1350
1352
1355
1357
1360
1362
1365
1366
1368
1371
1373
1376
1378
1380
1383
1385
1387
1389
1392
1395
1397
1399
1402
1404
1406
1408
1411
1413
1416
1419
1422
1424
1427
1429
1432
1434
1437
1440
1443
1445
1447
1449
1452
1455
1457
1459
1462
1465
1467
1470
1472
1475
1478
1480
1482
1484
1487
1489
1491
1493
1496
1498
1500
1502
1505
1508
1511
1514
1516
1518
1521
1522
1525
1528
1530
1533
1536
1538
1541
1545
1547
1550
1553
1555
1558
1560
1563
1566
1569
1572
1575
1577
1580
1583
1586
1588
1591
1593
1596
1599
1602
1604
1607
1610
1612
1615
1617
1620
1623
1626
1629
1631
1634
1636
1639
1641
1644
1647
1650
1653
1656
1658
1661
1663
1667
1669
1672
1675
1678
1681
1683
1687
1690
1692
1695
1698
1701
1703
1706
1709
1712
1715
1718
1721
1723
1726
1729
1732
1734
1738
1741
1744
1747
1750
1753
1756
1759
1762
1766
1769
1771
1774
1777
1780
1783
1786
1789
1792
1795
1798
1801
1805
1808
1811
1815
1818
1821
1823
1826
1830
1833
1836
1839
1842
1845
1849
1852
1854
1858
1861
1864
1867
1870
1873
1877
1880
1883
1887
1890
1893
1896
1899
1902
1905
1908
1912
1915
1919
1922
1925
1929
1933
1937
1939
1943
1946
1950
1954
1957
1961
1964
1967
1970
1974
1977
1980
1984
1988
1991
1995
1998
2001
2004
2007
2011
2015
2018
2022
2025
2028
2031
2035
2039
2041
2045
2049
2052
2056
2059
2062
2065
2069
2072
2076
2079
2083
2086
2090
2094
2097
2101
2104
2108
2111
2114
2118
2121
2125
2128
2132
2135
2139
2142
2146
2149
2152
2156
2161
2163
2167
2171
2175
2178
2182
2186
2189
2193
2197
2202
2206
2211
2215
2219
2222
2226
2229
2233
2237
2240
2244
2248
2252
2256
2260
2263
2267
2270
2274
2277
2282
2286
2290
2293
2297
2301
2305
2309
2313
2316
2320
2323
2327
2331
2335
2339
2343
2348
2351
2355
2359
2364
2368
2371
2375
2379
2382
2387
2390
2393
2397
2401
2404
2408
2412
2415
2419
2422
2426
2431
2435
2439
2443
2447
2451
2455
2458
2462
2466
2470
2474
2477
2482
2486
2491
2495
2499
2504
2507
2511
2516
2520
2525
2529
2532
2536
2541
2546
2549
2554
2558
2562
2565
2570
2574
2578
2581
2586
2591
2595
2599
2603
2608
2612
2616
2620
2625
2629
2632
2636
2641
2646
2651
2656
2659
2664
2669
2673
2677
2681
2685
2689
2694
2699
2703
2708
2712
2716
2721
2726
2730
2735
2740
2743
2748
2753
2757
2762
2767
2772
2776
2780
2784
2788
2793
2796
2801
2805
2810
2815
2819
2823
2827
2833
2837
2841
2846
2850
2855
2859
2863
2867
2872
2876
2881
2886
2891
2895
2898
2903
2907
2912
2916
2922
2926
2930
2934
2939
2944
2948
2953
2958
2963
2968
2973
2977
2981
2986
2990
2996
3000
3005
3009
3014
3018
3023
3027
3031
3035
3040
3044
3049
3053
3058
3062
3067
3072
3077
3081
3086
3091
3096
3101
3106
3110
3116
3120
3125
3130
3134
3139
3143
3148
3153
3158
3163
3168
3173
3178
3182
3187
3193
3199
3205
3209
3214
3218
3223
3228
3232
3237
3241
3246
3250
3255
3260
3264
3269
3273
3277
3282
3287
3291
3295
3301
3306
3311
3316
3322
3327
3333
3339
3343
3349
3353
3358
3364
3369
3374
3380
3385
3390
3394
3399
3404
3409
3413
3418
3423
3428
3433
3438
3444
3450
3454
3459
3464
3469
3473
3478
3482
3487
3493
3497
3502
3508
3513
3518
3523
3528
3533
3538
3543
3548
3554
3559
3563
3567
3572
3578
3583
3588
3593
3598
3604
3609
3614
3619
3624
3629
3634
3639
3645
3649
3654
3659
3664
3669
3674
3679
3684
3688
3693
3698
3704
3709
3714
3719
3724
3729
3734
3738
3743
3748
3754
3759
3764
3770
3775
3779
3785
3790
3796
3801
3807
3812
3818
3823
3828
3834
3840
3845
3850
3856
3861
3866
3872
3876
3881
3886
3891
3896
3901
3905
3910
3916
3922
3928
3934
3939
3944
3950
3956
3961
3966
3971
3977
3982
3988
3993
3999
4006
4011
4016
4021
4026
4032
4037
4042
4048
4053
4059
4064
4070
4075
4081
4087
4093
4098
4105
4110
4116
4120
4126
4131
4137
4142
4148
4152
4157
4162
4166
4171
4176
4182
4187
4193
4198
4204
4208
4215
4220
4225
4231
4236
4241
4247
4252
4257
4262
4268
4273
4278
4284
4289
4294
4300
4306
4311
4318
4324
4330
4335
4340
4346
4351
4357
4363
4369
4375
4381
4387
4393
4399
4405
4411
4416
4422
4427
4434
4439
4444
4450
4455
4461
4466
4473
4478
4484
4489
4494
4500
4506
4511
4518
4524
4529
4535
4540
4546
4551
4557
4563
4569
4575
4581
4586
4592
4598
4603
4609
4615
4620
4627
4631
4636
4642
4648
4654
4660
4667
4672
4679
4684
4688
4694
4699
4705
4711
4718
4723
4728
4733
4739
4744
4750
4756
4761
4766
4772
4777
4782
4788
4795
4801
4806
4812
4818
4823
4829
4835
4840
4847
4853
4859
4864
4869
4875
4881
4887
4892
4898
4904
4910
4917
4923
4928
4933
4939
4945
4951
4956
4962
4968
4973
4979
4984
4989
4995
5000
5006
5011
5017
5023
5028
5035
5040
5045
5051
5056
5062
5067
5073
5078
5084
5090
5095
5101
5106
5113
5118
5124
5130
5135
5140
5147
5153
5159
5164
5170
5176
5181
5188
5194
5199
5206
5212
5217
5223
5229
5234
5240
5245
5250
5255
5261
5267
5274
5280
5285
5291
5296
5302
5308
5314
5320
5326
5333
5338
5344
5350
5354
5361
5366
5373
5378
5383
5389
5394
5400
5406
5411
5417
5423
5428
5433
5440
5445
5451
5456
5462
5468
5474
5481
5487
5492
5498
5504
5510
5515
5520
5526
5531
5537
5541
5547
5552
5558
5563
5569
5575
5580
5586
5592
5598
5604
5610
5616
5622
5627
5632
5638
5644
5650
5655
5661
5667
5672
5677
5682
5687
5693
5698
5704
5708
5713
5720
5726
5732
5738
5745
5751
5757
5763
5768
5774
5780
5785
5790
5796
5802
5807
5813
5818
5824
5830
5835
5841
5846
5851
5858
5862
5868
5874
5880
5885
5891
5896
5901
5906
5911
5917
5922
5927
5933
5939
5945
5951
5957
5963
5968
5973
5979
5984
5990
5996
6001
6007
6012
6018
6023
6029
6034
6040
6045
6050
6055
6060
6065
6071
6077
6081
6086
6092
6096
6103
6107
6113
6118
6124
6129
6134
6140
6145
6152
6156
6162
6166
6171
6175
6181
6185
6190
6195
6201
6206
6210
6216
6221
6226
6231
6236
6241
6247
6252
6257
6262
6266
6271
6275
6281
6286
6290
6294
6299
6303
6308
6313
6317
6322
6328
6332
6337
6341
6347
6352
6357
6361
6366
6371
6375
6380
6385
6389
6394
6399
6403
6408
6412
6417
6422
6426
6431
6435
6441
6445
6450
6455
6460
6464
6469
6473
6477
6482
6487
6491
6496
6500
6505
6509
6514
6518
6522
6526
6530
6535
6539
6543
6548
6552
6555
6560
6564
6569
6573
6578
6582
6586
6590
6595
6599
6605
6610
6615
6619
6623
6627
6631
6636
6641
6645
6648
6652
6657
6661
6665
6669
6673
6677
6682
6686
6690
6694
6698
6703
6707
6711
6716
6719
6724
6728
6732
6737
6741
6746
6750
6754
6758
6762
6767
6771
6774
6778
6782
6786
6791
6795
6799
6803
6807
6811
6816
6821
6825
6830
6834
6838
6843
6847
6851
6856
6860
6864
6868
6872
6876
6880
6885
6889
6893
6897
6902
6905
6910
6915
6918
6924
6927
6931
6935
6941
6945
6948
6953
6957
6961
6966
6970
6976
6980
6983
6988
6992
6996
7000
7005
7009
7013
7018
7022
7026
7030
7035
7039
7044
7048
7052
7057
7062
7067
7071
7076
7080
7085
7090
7094
7099
7104
7108
7113
7117
7121
7125
7130
7134
7139
7143
7147
7152
7157
7161
7166
7170
7176
7181
7186
7191
7196
7200
7205
7210
7214
7219
7223
7229
7233
7237
7243
7247
7251
7255
7260
7265
7269
7275
7279
7283
7288
7292
7297
7302
7307
7312
7318
7324
7329
7334
7339
7343
7349
7355
7360
7364
7368
7373
7377
7383
7388
7393
7397
7402
7406
7411
7418
7423
7428
7433
7438
7444
7449
7454
7459
7464
7469
7474
7480
7485
7489
7494
7500
7504
7509
7515
7520
7525
7530
7537
7541
7546
7551
7557
7563
7568
7573
7578
7583
7588
7594
7600
7606
7611
7616
7623
7629
7634
7640
7646
7652
7657
7663
7669
7674
7681
7686
7692
7697
7703
7708
7713
7719
7726
7731
7737
7742
7747
7753
7759
7764
7769
7774
7780
7787
7793
7799
7804
7810
7815
7821
7827
7833
7839
7845
7851
7858
7863
7869
7875
7882
7888
7894
7900
7905
7911
7917
7923
7929
7935
7941
7948
7954
7961
7966
7972
7977
7983
7989
7995
8001
8007
8013
8020
8026
8032
8038
8045
8050
8056
8062
8068
8075
8081
8088
8094
8099
8106
8113
8119
8125
8131
8137
8143
8151
8157
8164
8171
8177
8183
8190
8196
8202
8209
8216
8222
8229
8236
8243
8250
8256
8261
8269
8275
8282
8288
8293
8300
8306
8312
8320
8327
8334
8340
8347
8353
8360
8367
8373
8380
8388
8396
8402
8409
8415
8423
8430
8437
8445
8451
8457
8464
8471
8478
8485
8493
8501
8508
8515
8522
8529
8536
8544
8551
8559
8566
8573
8580
8588
8597
8604
8612
8621
8629
8637
8643
8651
8658
8665
8672
8680
8688
8695
8703
8711
8718
8724
8732
8742
8750
8757
8765
8773
8780
8788
8794
8802
8809
8817
8824
8831
8838
8845
8852
8860
8867
8875
8884
8891
8899
8906
8914
8922
8930
8937
8947
8954
8962
8971
8980
8987
8996
9004
9011
9020
9028
9037
9045
9054
9062
9070
9077
9085
9093
9102
9111
9120
9129
9137
9146
9155
9163
9172
9181
9187
9195
9206
9214
9222
9231
9240
9249
9258
9266
9274
9283
9292
9302
9310
9319
9327
9336
9346
9354
9364
9373
9382
9392
9400
9410
9419
9428
9438
9446
9455
9465
9473
9483
9492
9502
9511
9522
9531
9538
9548
9557
9566
9575
9584
9593
9603
9612
9621
9631
9641
9650
9660
9670
9679
9689
9700
9709
9719
9727
9737
9747
9757
9767
9776
9786
9795
9806
9816
9826
9836
9847
9857
9866
9876
9888
9898
9908
9918
9928
9938
9947
9958
9968
9977
9988
9998
10008
10019
10029
10040
10052
10062
10072
10082
10092
10101
10112
10122
10132
10142
10152
10164
10174
10185
10196
10206
10216
10225
10236
10246
10256
10267
10278
10288
10299
10310
10321
10332
10342
10352
10363
10374
10385
10395
10404
10415
10425
10436
10447
10458
10471
10482
10494
10505
10516
10528
10540
10550
10561
10573
10583
10595
10606
10618
10629
10641
10652
10663
10674
10686
10698
10710
10724
10736
10749
10760
10773
10786
10799
10812
10825
10839
10851
10863
10877
10889
10901
10913
10926
10939
10953
10966
10980
10993
11006
11019
11033
11045
11060
11072
11085
11098
11109
11121
11134
11147
11160
11174
11188
11202
11214
11228
11241
11254
11267
11281
11294
11305
11319
11332
11346
11360
11374
11387
11403
11416
11431
11444
11458
11471
11485
11501
11514
11528
11542
11556
11571
11584
11599
11613
11625
11640
11654
11669
11684
11697
11711
11725
11739
11755
11769
11785
11799
11813
11829
11844
11858
11873
11888
11903
11919
11934
11948
11963
11977
11993
12007
12023
12037
12052
12068
12083
12099
12115
12131
12148
12163
12179
12194
12210
12225
12239
12254
12272
12289
12306
12323
12339
12355
12372
12391
12408
12424
12443
12460
12476
12493
12508
12524
12540
12555
12571
12588
12604
12622
12639
12656
12673
12691
12710
12727
12745
12764
12780
12798
12816
12832
12850
12866
12883
12900
12918
12936
12954
12973
12993
13012
13031
13049
13068
13087
13103
13123
13141
13161
13178
13198
13216
13234
13252
13271
13289
13307
13326
13345
13364
13385
13405
13426
13445
13465
13485
13505
13526
13544
13565
13586
13607
13626
13646
13665
13685
13704
13726
13746
13765
13785
13806
13828
13848
13869
13892
13914
13934
13955
13975
13995
14018
14043
14064
14086
14108
14131
14149
14172
14193
14214
14235
14257
14279
14302
14328
14352
14376
14400
14422
14445
14467
14489
14512
14534
14557
14584
14607
14629
14653
14678
14701
14727
14751
14774
14799
14825
14851
14875
14900
14924
14949
14973
14998
15023
15048
15073
15097
15121
15146
15171
15197
15225
15250
15275
15301
15327
15353
15379
15407
15433
15460
15487
15515
15541
15567
15596
15623
15651
15678
15704
15731
15759
15788
15816
15842
15870
15899
15926
15956
15983
16012
16042
16069
16100
16129
16159
16189
16217
16246
16274
16302
16333
16362
16394
16424
16455
16485
16516
16549
16579
16612
16645
16676
16707
16738
16769
16801
16833
16868
16900
16930
16965
16999
17031
17065
17097
17130
17163
17197
17232
17266
17303
17337
17369
17403
17437
17471
17507
17542
17576
17613
17652
17687
17723
17761
17798
17835
17872
17907
17945
17983
18019
18057
18095
18135
18173
18214
18254
18293
18334
18372
18410
18451
18493
18535
18577
18615
18657
18699
18739
18782
18824
18863
18908
18950
18992
19034
19077
19119
19165
19205
19250
19295
19337
19384
19429
19474
19521
19566
19612
19660
19707
19755
19801
19847
19894
19941
19989
20038
20089
20140
20191
20241
20291
20341
20394
20441
20494
20547
20598
20650
20703
20758
20810
20864
20919
20973
21026
21079
21135
21188
21245
21302
21358
21414
21469
21530
21589
21644
21704
21762
21823
21883
21946
22007
22066
22130
22191
22255
22318
22383
22447
22512
22576
22640
22704
22772
22840
22904
22972
23039
23107
23173
23243
23312
23384
23456
23528
23601
23676
23750
23826
23903
23978
24055
24134
24213
24292
24377
24455
24540
24619
24701
24781
24863
24949
25031
25115
25202
25287
25373
25463
25556
25647
25735
25830
25924
26019
26109
26208
26306
26404
26500
26598
26700
26801
26903
27005
27110
27215
27318
27427
27536
27646
27757
27868
27976
28092
28208
28322
28439
28562
28681
28804
28925
29053
29181
29308
29436
29568
29692
29827
29965
30101
30239
30381
30525
30672
30823
30977
31130
31277
31434
31594
31752
31917
32079
32246
32418
32592
32760
32935
33112
33298
33480
33671
33865
34057
34259
34460
34665
34879
35092
35312
35533
35760
35986
36225
36460
36706
36955
37209
37471
37732
38003
38277
38551
38841
39136
39438
39751
40064
40385
40716
41048
41403
41761
42127
42501
42883
43290
43696
44114
44542
44987
45446
45915
46404
46906
47420
47957
48504
49081
49672
50278
50918
51575
52259
52957
53690
54449
55228
56019
56838
57652
58475
59289
60076
60832
61547
62208
62811
63346
63812
64213
64534
64797
65008
65164
65281
65368
65428
65466
65494
65510
65521
65527
65531
65533
65534
65535
65535
65535
65535
65535
65535
65535
65535
65535
65535
65535
65535
65535
65535
65535
65535
65535
65535
65535
65535
65535
65535
65535
65535
65535
65535
65535
65535
65535
65535
65535
65535
65535
65535
65535
65535
65535
65535
65535
65535
65535
65535
65535
65535
65535
65535
65535
65535
65535
65535
65535
65535
65535
65535
65535
65535
65535
65535
65535
65535
65535
65535
65535
65535
65535
65535
65535
65535
65535
65535
65535
65535
65535
65535
65535
65535
65535
65535
65535
65535
65535
65535
65535
65535
65535
65535
65535
65535
65535
65535
65535
65535
65535
65535
65535
65535
65535
65535
65535
65535
65535
65535
65535
65535
65535
65535
65535
65535
65535
65535
65535
65535
65535
65535
65535
65535
65535
65535
65535
65535
65535
65535
65535
65535
65535
65535
65535
65535
65535
65535
65535
65535
65535
65535
65535
65535
65535
65535
65535
65535
65535
65535
65535
65535
65535
65535
65535
65535
65535
65535
65535
65535
65535
65535
65535
65535
65535
65535
65535
65535
65535
65535
65535
65535
65535
65535
65535
65535
65535
65535
65535
65535
65535
65535
65535
65535
65535
65535
65535
65535
65535
65535
65535
65535
65535
65535
65535
65535
65535
65535
65535
65535
65535
65535
65535
65535
65535
65535
65535
65535
65535
65535
65535
65535
65535
65535
65535
65535
65535
65535
65535
65535
65535
65535
65535
65535
65535
65535
65535
65535
65535
65535
65535
65535
65535
65535
65535
65535
65535
65535
65535
65535
65535
65535
65535
65535
65535
65535
65535
65535
65535
65535
65535
65535
65535
65535
65535
65535
65535
65535
65535
65535
65535
65535
65535
65535
65535
65535
65535
65535
65535
65535
65535
65535
65535
65535
65535
65535
65535
65535
65535
65535
65535
65535
65535
65535
65535
65535
65535
65535
65535
65535
65535
65535
65535
65535
65535
65535
65535
65535
65535
65535
65535
65535
65535
65535
65535
65535
65535
65535
65535
65535
65535
65535
65535
65535
65535
65535
65535
65535
65535
65535
65535
65535
65535
65535
65535
65535
65535
65535
65535
65535
65535
65535
65535
65535
65535
65535
65535
65535
65535
65535
65535
65535
65535
65535
65535
65535
65535
65535
65535
65535
65535
65535
65535
65535
65535
65535
65535
65535
65535
65535
65535
65535
65535
65535
65535
65535
65535
65535
65535
65535
65535
65535
65535
65535
65535
65535
65535
65535
65535
65535
65535
65535
65535
65535
65535
65535
65535
65535
65535
65535
65535
65535
65535
65535
65535
65535
65535
65535
65535
65535
65535
65535
65535
65535
65535
65535
65535
65535
65535
65535
65535
65535
65535
65535
65535
65535
65535
65535
65535
65535
65535
65535
65535
65535
65535
65535
65535
65535
65535
65535
65535
65535
65535
65535
65535
65535
65535
65535
65535
65535
65535
65535
65535
65535
65535
65535
65535
65535
65535
65535
65535
65535
65535
65535
65535
65535
65535
65535
65535
65535
65535
65535
65535
65535
65535
65535
65535
65535
65535
65535
65535
65535
65535
65535
65535
65535
65535
65535
65535
65535
65535
65535
65535
65535
65535
65535
65535
65535
65535
65535
65535
65535
65535
65535
65535
65535
65535
65535
65535
65535
65535
65535
65535
65535
65535
65535
65535
65535
65535
65535
65535
65535
65535
65535
65535
65535
65535
65535
65535
65535
65535
65535
65535
65535
65535
65535
65535
65535
65535
65535
65535
65535
65535
65535
65535
65535
65535
65535
65535
65535
65535
65535
65535
65535
65535
65535
65535
65535
65535
65535
65535
65535
65535
65535
65535
65535
65535
65535
65535
65535
65535
65535
65535
65535
65535
65535
65535
65535
65535
65535
65535
65535
65535
65535
65535
65535
65535
65535
65535
65535
65535
65535
65535
65535
65535
65535
65535
65535
65535
65535
65535
65535
65535
65535
65535
65535
65535
65535
65535
65535
65535
65535
65535
65535
65535
65535
65535
65535
65535
65535
65535
65535
65535
65535
65535
65535
65535
65535
65535
65535
65535
65535
65535
65535
65535
65535
65535
65535
65535
65535
65535
65535
65535
65535
65535
65535
65535
65535
65535
65535
65535
65535
65535
65535
65535
65535
65535
65535
65535
65535
65535
65535
65535
65535
65535
65535
65535
65535
65535
65535
65535
65535
65535
65535
65535
65535
65535
65535
65535
65535
65535
65535
65535
65535
65535
65535
65535
65535
65535
65535
65535
65535
65535
65535
65535
65535
65535
65535
65535
65535
65535
65535
65535
65535
65535
65535
65535
65535
65535
65535
65535
65535
65535
65535
65535
65535
65535
65535
65535
65535
65535
65535
65535
65535
65535
65535
65535
65535
65535
65535
65535
65535
65535
65535
65535
65535
65535
65535
65535
65535
65535
65535
65535
65535
65535
65535
65535
65535
65535
65535
65535
65535
65535
65535
65535
65535
65535
65535
65535
65535
65535
65535
65535
65535
65535
65535
65535
65535
65535
65535
65535
65535
65535
65535
65535
65535
65535
65535
65535
65535
65535
65535
65535
65535
65535
65535
65535
65535
65535
65535
65535
65535
65535
65535
65535
65535
65535
65535
65535
65535
65535
65535
65535
65535
65535
65535
65535
65535
65535
65535
65535
65535
65535
65535
65535
65535
65535
65535
65535
65535
65535
65535
65535
65535
65535
65535
65535
65535
65535
65535
65535
65535
65535
65535
65535
65535
65535
65535
65535
65535
65535
65535
65535
65535
65535
65535
65535
65535
65535
65535
65535
65535
65535
65535
65535
65535
65535
65535
65535
65535
65535
65535
65535
65535
65535
65535
65535
65535
65535
65535
65535
65535
65535
65535
65535
65535
65535
65535
65535
65535
65535
65535
65535
65535
65535
65535
65535
65535
65535
65535
65535
65535
65535
65535
65535
65535
65535
65535
65535
65535
65535
65535
65535
65535
65535
65535
65535
65535
65535
65535
65535
65535
65535
65535
65535
65535
65535
65535
65535
65535
65535
65535
65535
65535
65535
65535
65535
65535
65535
65535
65535
65535
65535
65535
65535
65535
65535
65535
65535
65535
65535
65535
65535
65535
65535
65535
65535
65535
65535
65535
65535
65535
65535
65535
65535
65535
65535
65535
65535
65535
65535
65535
65535
65535
65535
65535
65535
65535
65535
65535
65535
65535
65535
65535
65535
65535
65535
65535
65535
65535
65535
65535
65535
65535
65535
65535
65535
65535
65535
65535
65535
65535
65535
65535
65535
65535
65535
65535
65535
65535
65535
65535
65535
65535
65535
65535
65535
65535
65535
65535
65535
65535
65535
65535
65535
65535
65535
65535
65535
65535
65535
65535
65535
65535
65535
65535
65535
65535
65535
65535
65535
65535
65535
65535
65535
65535
65535
65535
65535
65535
65535
65535
65535
65535
65535
65535
65535
65535
65535
65535
65535
65535
65535
65535
65535
65535
65535
65535
65535
65535
65535
65535
65535
65535
65535
65535
65535
65535
65535
65535
65535
65535
65535
65535
65535
65535
65535
65535
65535
65535
65535
65535
65535
65535
65535
65535
65535
65535
65535
65535
65535
65535
65535
65535
65535
65535
65535
65535
65535
65535
65535
65535
65535
65535
65535
65535
65535
65535
65535
65535
65535
65535
65535
65535
65535
65535
65535
65535
65535
65535
65535
65535
65535
65535
65535
65535
65535
65535
65535
65535
65535
65535
65535
65535
65535
65535
65535
65535
65535
65535
65535
65535
65535
65535
65535
65535
65535
65535
65535
65535
65535
65535
65535
65535
65535
65535
65535
65535
65535
65535
65535
65535
65535
65535
65535
65535
65535
65535
65535
65535
65535
65535
65535
65535
65535
65535
65535
65535
65535
65535
65535
65535
65535
65535
65535
65535
65535
65535
65535
65535
65535
65535
65535
65535
65535
65535
65535
65535
65535
65535
65535
65535
65535
65535
65535
65535
65535
65535
65535
65535
65535
65535
65535
65535
65535
65535
65535
65535
65535
65535
65535
65535
65535
65535
65535
65535
65535
65535
65535
65535
65535
65535
65535
65535
65535
65535
65535
65535
65535
65535
65535
65535
65535
65535
65535
65535
65535
65535
65535
65535
65535
65535
65535
65535
65535
65535
65535
65535
65535
65535
65535
65535
65535
65535
65535
65535
65535
65535
65535
65535
65535
65535
65535
65535
65535
65535
65535
65535
65535
65535
65535
65535
65535
65535
65535
65535
65535
65535
65535
65535
65535
65535
65535
65535
65535
65535
65535
65535
65535
65535
65535
65535
65535
65535
65535
65535
65535
65535
65535
65535
65535
65535
65535
65535
65535
65535
65535
65535
65535
65535
65535
65535
65535
65535
65535
65535
65535
65535
65535
65535
65535
65535
65535
65535
65535
65535
65535
65535
65535
65535
65535
65535
65535
65535
65535
65535
65535
65535
65535
65535
65535
65535
65535
65535
65535
65535
65535
65535
65535
65535
65535
65535
65535
65535
65535
65535
65535
65535
65535
65535
65535
65535
65535
65535
65535
65535
65535
65535
65535
65535
65535
65535
65535
65535
65535
65535
65535
65535
65535
65535
65535
65535
65535
65535
65535
65535
65535
65535
65535
65535
65535
65535
65535
65535
65535
65535
65535
65535
65535
65535
65535
65535
65535
65535
65535
65535
65535
65535
65535
65535
65535
65535
65535
65535
65535
65535
65535
65535
65535
65535
65535
65535
65535
65535
65535
65535
65535
65535
65535
65535
65535
65535
65535
65535
65535
65535
65535
65535
65535
65535
65535
65535
65535
65535
65535
65535
65535
65535
65535
65535
65535
65535
65535
65535
65535
65535
65535
65535
65535
65535
65535
65535
65535
65535
65535
65535
65535
65535
65535
65535
65535
65535
65535
65535
65535
65535
65535
65535
65535
65535
65535
65535
65535
65535
65535
65535
65535
65535
65535
65535
65535
65535
65535
65535
65535
65535
65535
65535
65535
65535
65535
65535
65535
65535
65535
65535
65535
65535
65535
65535
65535
65535
65535
65535
65535
65535
65535
65535
65535
65535
65535
65535
65535
65535
65535
65535
65535
65535
65535
65535
65535
65535
65535
65535
65535
65535
65535
65535
65535
65535
65535
65535
65535
65535
65535
65535
65535
65535
65535
65535
65535
65535
65535
65535
65535
65535
65535
65535
65535
65535
65535
65535
65535
65535
65535
65535
65535
65535
65535
65535
65535
65535
65535
65535
65535
65535
65535
65535
65535
65535
65535
65535
65535
65535
65535
65535
65535
65535
65535
65535
65535
65535
65535
65535
65535
65535
65535
65535
65535
65535
65535
65535
65535
65535
65535
65535
65535
65535
65535
65535
65535
65535
65535
65535
65535
65535
65535
65535
65535
65535
65535
65535
65535
65535
65535
65535
65535
65535
65535
65535
65535
65535
65535
65535
65535
65535
65535
65535
65535
65535
65535
65535
65535
65535
65535
65535
65535
65535
65535
65535
65535
65535
65535
65535
65535
65535
65535
65535
65535
65535
65535
65535
65535
65535
65535
65535
65535
65535
65535
65535
65535
65535
65535
65535
65535
65535
65535
65535
65535
65535
65535
65535
65535
65535
65535
65535
65535
65535
65535
65535
65535
65535
65535
65535
65535
65535
65535
65535
65535
65535
65535
65535
65535
65535
65535
65535
65535
65535
65535
65535
65535
65535
65535
65535
65535
65535
65535
65535
65535
65535
65535
65535
65535
65535
65535
65535
65535
65535
65535
65535
65535
65535
65535
65535
65535
65535
65535
65535
65535
65535
65535
65535
65535
65535
65535
65535
65535
65535
65535
65535
65535
65535
65535
65535
65535
65535
65535
65535
65535
65535
65535
65535
65535
65535
65535
65535
65535
65535
65535
65535
65535
65535
65535
65535
65535
65535
65535
65535
65535
65535
65535
65535
65535
65535
65535
65535
65535
65535
65535
65535
65535
65535
65535
65535
65535
65535
65535
65535
65535
65535
65535
65535
65535
65535
65535
65535
65535
65535
65535
65535
65535
65535
65535
65535
65535
65535
65535
65535
65535
65535
65535
65535
65535
65535
65535
65535
65535
65535
65535
65535
65535
65535
65535
65535
65535
65535
65535
65535
65535
65535
65535
65535
65535
65535
65535
65535
65535
65535
65535
65535
65535
65535
65535
65535
65535
65535
65535
65535
65535
65535
65535
65535
65535
65535
65535
65535
65535
65535
65535
65535
65535
65535
65535
65535
65535
65535
65535
65535
65535
65535
65535
65535
65535
65535
65535
65535
65535
65535
65535
65535
65535
65535
65535
65535
65535
65535
65535
65535
65535
65535
65535
65535
65535
65535
65535
65535
65535
65535
65535
65535
65535
65535
65535
65535
65535
65535
65535
65535
65535
65535
65535
65535
65535
65535
65535
65535
65535
65535
65535
65535
65535
65535
65535
65535
65535
65535
65535
65535
65535
65535
65535
65535
65535
65535
65535
65535
65535
65535
65535
65535
65535
65535
65535
65535
65535
65535
65535
65535
65535
65535
65535
65535
65535
65535
65535
65535
65535
65535
65535
65535
65535
65535
65535
65535
65535
65535
65535
65535
65535
65535
65535
65535
65535
65535
65535
65535
65535
65535
65535
65535
65535
65535
65535
65535
65535
65535
65535
65535
65535
65535
65535
65535
65535
65535
65535
65535
65535
65535
65535
65535
65535
65535
65535
65535
65535
65535
65535
65535
65535
65535
65535
65535
65535
65535
65535
65535
65535
65535
65535
65535
65535
65535
65535
65535
65535
65535
65535
65535
65535
65535
65535
65535
65535
65535
65535
65535
65535
65535
65535
65535
65535
65535
65535
65535
65535
65535
65535
65535
65535
65535
65535
65535
65535
65535
65535
65535
65535
65535
65535
65535
65535
65535
65535
65535
65535
65535
65535
65535
65535
65535
65535
65535
65535
65535
65535
65535
65535
65535
65535
65535
65535
65535
65535
65535
65535
65535
65535
65535
65535
65535
65535
65535
65535
65535
65535
65535
65535
65535
65535
65535
65535
65535
65535
65535
65535
65535
65535
65535
65535
65535
65535
65535
65535
65535
65535
65535
65535
65535
65535
65535
65535
65535
65535
65535
65535
65535
65535
65535
65535
65535
65535
65535
65535
65535
65535
65535
65535
65535
65535
65535
65535
65535
65535
65535
65535
65535
65535
65535
65535
65535
65535
65535
65535
65535
65535
65535
65535
65535
65535
65535
65535
65535
65535
65535
65535
65535
65535
65535
65535
65535
65535
65535
65535
65535
65535
65535
65535
65535
65535
65535
65535
65535
65535
65535
65535
65535
65535
65535
65535
65535
65535
65535
65535
65535
65535
65535
65535
65535
65535
65535
65535
65535
65535
65535
65535
65535
65535
65535
65535
65535
65535
65535
65535
65535
65535
65535
65535
65535
65535
65535
65535
65535
65535
65535
65535
65535
65535
65535
65535
65535
65535
65535
65535
65535
65535
65535
65535
65535
65535
65535
65535
65535
65535
65535
65535
65535
65535
65535
65535
65535
65535
65535
65535
65535
65535
65535
65535
65535
65535
65535
65535
65535
65535
65535
65535
65535
65535
65535
65535
65535
65535
65535
65535
65535
65535
65535
65535
65535
65535
65535
65535
65535
65535
65535
65535
65535
65535
65535
65535
65535
65535
65535
65535
65535
65535
65535
65535
65535
65535
65535
65535
65535
65535
65535
65535
65535
65535
65535
65535
65535
65535
65535
65535
65535
65535
65535
65535
65535
65535
65535
65535
65535
65535
65535
65535
65535
65535
65535
65535
65535
65535
65535
65535
65535
65535
65535
65535
65535
65535
65535
65535
65535
65535
65535
65535
65535
65535
65535
65535
65535
65535
65535
65535
65535
65535
65535
65535
65535
65535
65535
65535
65535
65535
65535
65535
65535
65535
65535
65535
65535
65535
65535
65535
65535
65535
65535
65535
65535
65535
65535
65535
65535
65535
65535
65535
65535
65535
65535
65535
65535
65535
65535
65535
65535
65535
65535
65535
65535
65535
65535
65535
65535
65535
65535
65535
65535
65535
65535
65535
65535
65535
65535
65535
65535
65535
65535
65535
65535
65535
65535
65535
65535
65535
65535
65535
65535
65535
65535
65535
65535
65535
65535
65535
65535
65535
65535
65535
65535
65535
65535
65535
65535
65535
65535
65535
65535
65535
65535
65535
65535
65535
65535
65535
65535
65535
65535
65535
65535
65535
65535
65535
65535
65535
65535
65535
65535
65535
65535
65535
65535
65535
65535
65535
65535
65535
65535
65535
65535
65535
65535
65535
65535
65535
65535
65535
65535
65535
65535
65535
65535
65535
65535
65535
65535
65535
65535
65535
65535
65535
65535
65535
65535
65535
65535
65535
65535
65535
65535
65535
65535
65535
65535
65535
65535
65535
65535
65535
65535
65535
65535
65535
65535
65535
65535
65535
65535
65535
65535
65535
65535
65535
65535
65535
65535
65535
65535
65535
65535
65535
65535
65535
65535
65535
65535
65535
65535
65535
65535
65535
65535
65535
65535
65535
65535
65535
65535
65535
65535
65535
65535
65535
65535
65535
65535
65535
65535
65535
65535
65535
65535
65535
65535
65535
65535
65535
65535
65535
65535
65535
65535
65535
65535
65535
65535
65535
65535
65535
65535
65535
65535
65535
65535
65535
65535
65535
65535
65535
65535
65535
65535
65535
65535
65535
65535
65535
65535
65535
65535
65535
65535
65535
65535
65535
65535
65535
65535
65535
65535
65535
65535
65535
65535
65535
65535
65535
65535
65535
65535
65535
65535
65535
65535
65535
65535
65535
65535
65535
65535
65535
65535
65535
65535
65535
65535
65535
65535
65535
65535
65535
65535
65535
65535
65535
65535
65535
65535
65535
65535
65535
65535
65535
65535
65535
65535
65535
65535
65535
65535
65535
65535
65535
65535
65535
65535
65535
65535
65535
65535
65535
65535
65535
65535
65535
65535
65535
65535
65535
65535
65535
65535
65535
65535
65535
65535
65535
65535
65535
65535
65535
65535
65535
65535
65535
65535
65535
65535
65535
65535
65535
65535
65535
65535
65535
65535
65535
65535
65535
65535
65535
65535
65535
65535
65535
65535
65535
65535
65535
65535
65535
65535
65535
65535
65535
65535
65535
65535
65535
65535
65535
65535
65535
65535
65535
65535
65535
65535
65535
65535
65535
65535
65535
65535
65535
65535
65535
65535
65535
65535
65535
65535
65535
65535
65535
65535
65535
65535
65535
65535
65535
65535
65535
65535
65535
65535
65535
65535
65535
65535
65535
65535
65535
65535
65535
65535
65535
65535
65535
65535
65535
65535
65535
65535
65535
65535
65535
65535
65535
65535
65535
65535
65535
65535
65535
65535
65535
65535
65535
65535
65535
65535
65535
65535
65535
65535
65535
65535
65535
65535
65535
65535
65535
65535
65535
65535
65535
65535
65535
65535
65535
65535
65535
65535
65535
65535
65535
65535
65535
65535
65535
65535
65535
65535
65535
65535
65535
65535
65535
65535
65535
65535
65535
65535
65535
65535
65535
65535
65535
65535
65535
65535
65535
65535
65535
65535
65535
65535
65535
65535
65535
65535
65535
65535
65535
65535
65535
65535
65535
65535
65535
65535
65535
65535
65535
65535
65535
65535
65535
65535
65535
65535
65535
65535
65535
65535
65535
65535
65535
65535
65535
65535
65535
65535
65535
65535
65535
65535
65535
65535
65535
65535
65535
65535
65535
65535
65535
65535
65535
65535
65535
65535
65535
65535
65535
65535
65535
65535
65535
65535
65535
65535
65535
65535
65535
65535
65535
65535
65535
65535
65535
65535
65535
65535
65535
65535
65535
65535
65535
65535
65535
65535
65535
65535
65535
65535
65535
65535
65535
65535
65535
65535
65535
65535
65535
65535
65535
65535
65535
65535
65535
65535
65535
65535
65535
65535
65535
65535
65535
65535
65535
65535
65535
65535
65535
65535
65535
65535
65535
65535
65535
65535
65535
65535
65535
65535
65535
65535
65535
65535
65535
65535
65535
65535
65535
65535
65535
65535
65535
65535
65535
65535
65535
65535
65535
65535
65535
65535
65535
65535
65535
65535
65535
65535
65535
65535
65535
65535
65535
65535
65535
65535
65535
65535
65535
65535
65535
65535
65535
65535
65535
65535
65535
65535
65535
65535
65535
65535
65535
65535
65535
65535
65535
65535
65535
65535
65535
65535
65535
65535
65535
65535
65535
65535
65535
65535
65535
65535
65535
65535
65535
65535
65535
65535
65535
65535
65535
65535
65535
65535
65535
65535
65535
65535
65535
65535
65535
65535
65535
65535
65535
65535
65535
65535
65535
65535
65535
65535
65535
65535
65535
65535
65535
65535
65535
65535
65535
65535
65535
65535
65535
65535
65535
65535
65535
65535
65535
65535
65535
65535
65535
65535
65535
65535
65535
65535
65535
65535
65535
65535
65535
65535
65535
65535
65535
65535
65535
65535
65535
65535
65535
65535
65535
65535
65535
65535
65535
65535
65535
65535
65535
65535
65535
65535
65535
65535
65535
65535
65535
65535
65535
65535
65535
65535
65535
65535
65535
65535
65535
65535
65535
65535
65535
65535
65535
65535
65535
65535
65535
65535
65535
65535
65535
65535
65535
65535
65535
65535
65535
65535
65535
65535
65535
65535
65535
65535
65535
65535
65535
65535
65535
65535
65535
65535
65535
65535
65535
65535
65535
65535
65535
65535
65535
65535
65535
65535
65535
65535
65535
65535
65535
65535
65535
65535
65535
65535
65535
65535
65535
65535
65535
65535
65535
65535
65535
65535
65535
65535
65535
65535
65535
65535
65535
65535
65535
65535
65535
65535
65535
65535
65535
65535
65535
65535
65535
65535
65535
65535
65535
65535
65535
65535
65535
65535
65535
65535
65535
65535
65535
65535
65535
65535
65535
65535
65535
65535
65535
65535
65535
65535
65535
65535
65535
65535
65535
65535
65535
65535
65535
65535
65535
65535
65535
65535
65535
65535
65535
65535
65535
65535
65535
65535
65535
65535
65535
65535
65535
65535
65535
65535
65535
65535
65535
65535
65535
65535
65535
65535
65535
65535
65535
65535
65535
65535
65535
65535
65535
65535
65535
65535
65535
65535
65535
65535
65535
65535
65535
65535
65535
65535
65535
65535
65535
65535
65535
65535
65535
65535
65535
65535
65535
65535
65535
65535
65535
65535
65535
65535
65535
65535
65535
65535
65535
65535
65535
65535
65535
65535
65535
65535
65535
65535
65535
65535
65535
65535
65535
65535
65535
65535
65535
65535
65535
65535
65535
65535
65535
65535
65535
65535
65535
65535
65535
65535
65535
65535
65535
65535
65535
65535
65535
65535
65535
65535
65535
65535
65535
65535
65535
65535
65535
65535
65535
65535
65535
65535
65535
65535
65535
65535
65535
65535
65535
65535
65535
65535
65535
65535
65535
65535
65535
65535
65535
65535
65535
65535
65535
65535
65535
65535
65535
65535
65535
65535
65535
65535
65535
65535
65535
65535
65535
65535
65535
65535
65535
65535
65535
65535
65535
65535
65535
65535
65535
65535
65535
65535
65535
65535
65535
65535
65535
65535
65535
65535
65535
65535
65535
65535
65535
65535
65535
65535
65535
65535
65535
65535
65535
65535
65535
65535
65535
65535
65535
65535
65535
65535
65535
65535
65535
65535
65535
65535
65535
65535
65535
65535
65535
65535
65535
65535
65535
65535
65535
65535
65535
65535
65535
65535
65535
65535
65535
65535
65535
65535
65535
65535
65535
65535
65535
65535
65535
65535
65535
65535
65535
65535
65535
65535
65535
65535
65535
65535
65535
65535
65535
65535
65535
65535
65535
65535
65535
65535
65535
65535
65535
65535
65535
65535
65535
65535
65535
65535
65535
65535
65535
65535
65535
65535
65535
65535
65535
65535
65535
65535
65535
65535
65535
65535
65535
65535
65535
65535
65535
65535
65535
65535
65535
65535
65535
65535
65535
65535
65535
65535
65535
65535
65535
65535
65535
65535
65535
65535
65535
65535
65535
65535
65535
65535
65535
65535
65535
65535
65535
65535
65535
65535
65535
65535
65535
65535
65535
65535
65535
65535
65535
65535
65535
65535
65535
65535
65535
65535
65535
65535
65535
65535
65535
65535
65535
65535
65535
65535
65535
65535
65535
65535
65535
65535
65535
65535
65535
65535
65535
65535
65535
65535
65535
65535
65535
65535
65535
65535
65535
65535
65535
65535
65535
65535
65535
65535
65535
65535
65535
65535
65535
65535
65535
65535
65535
65535
65535
65535
65535
65535
65535
65535
65535
65535
65535
65535
65535
65535
65535
65535
65535
65535
65535
65535
65535
65535
65535
65535
65535
65535
65535
65535
65535
65535
65535
65535
65535
65535
65535
65535
65535
65535
65535
65535
65535
65535
65535
65535
65535
65535
65535
65535
65535
65535
65535
65535
65535
65535
65535
65535
65535
65535
65535
65535
65535
65535
65535
65535
65535
65535
65535
65535
65535
65535
65535
65535
65535
65535
65535
65535
65535
65535
65535
65535
65535
65535
65535
65535
65535
65535
65535
65535
65535
65535
65535
65535
65535
65535
65535
65535
65535
65535
65535
65535
65535
65535
65535
65535
65535
65535
65535
65535
65535
65535
65535
65535
65535
65535
65535
65535
65535
65535
65535
65535
65535
65535
65535
65535
65535
65535
65535
65535
65535
65535
65535
65535
65535
65535
65535
65535
65535
65535
65535
65535
65535
65535
65535
65535
65535
65535
65535
65535
65535
65535
65535
65535
65535
65535
65535
65535
65535
65535
65535
65535
65535
65535
65535
65535
65535
65535
65535
65535
65535
65535
65535
65535
65535
65535
65535
65535
65535
65535
65535
65535
65535
65535
65535
65535
65535
65535
65535
65535
65535
65535
65535
65535
65535
65535
65535
65535
65535
65535
65535
65535
65535
65535
65535
65535
65535
65535
65535
65535
65535
65535
65535
65535
65535
65535
65535
65535
65535
65535
65535
65535
65535
65535
65535
65535
65535
65535
65535
65535
65535
65535
65535
65535
65535
65535
65535
65535
65535
65535
65535
65535
65535
65535
65535
65535
65535
65535
65535
65535
65535
65535
65535
65535
65535
65535
65535
65535
65535
65535
65535
65535
65535
65535
65535
65535
65535
65535
65535
65535
65535
65535
65535
65535
65535
65535
65535
65535
65535
65535
65535
65535
65535
65535
65535
65535
65535
65535
65535
65535
65535
65535
65535
65535
65535
65535
65535
65535
65535
65535
65535
65535
65535
65535
65535
65535
65535
65535
65535
65535
65535
65535
65535
65535
65535
65535
65535
65535
65535
65535
65535
65535
65535
65535
65535
65535
65535
65535
65535
65535
65535
65535
65535
65535
65535
65535
65535
65535
65535
65535
65535
65535
65535
65535
65535
65535
65535
65535
65535
65535
65535
65535
65535
65535
65535
65535
65535
65535
65535
65535
65535
65535
65535
65535
65535
65535
65535
65535
65535
65535
65535
65535
65535
65535
65535
65535
65535
65535
65535
65535
65535
65535
65535
65535
65535
65535
65535
65535
65535
65535
65535
65535
65535
65535
65535
65535
65535
65535
65535
65535
65535
65535
65535
65535
65535
65535
65535
65535
65535
65535
65535
65535
65535
65535
65535
65535
65535
65535
65535
65535
65535
65535
65535
65535
65535
65535
65535
65535
65535
65535
65535
65535
65535
65535
65535
65535
65535
65535
65535
65535
65535
65535
65535
65535
65535
65535
65535
65535
65535
65535
65535
65535
65535
65535
65535
65535
65535
65535
65535
65535
65535
65535
65535
65535
65535
65535
65535
65535
65535
65535
65535
65535
65535
65535
65535
65535
65535
65535
65535
65535
65535
65535
65535
65535
65535
65535
65535
65535
65535
65535
65535
65535
65535
65535
65535
65535
65535
65535
65535
65535
65535
65535
65535
65535
65535
65535
65535
65535
65535
65535
65535
65535
65535
65535
65535
65535
65535
65535
65535
65535
65535
65535
65535
65535
65535
65535
65535
65535
65535
65535
65535
65535
65535
65535
65535
65535
65535
65535
65535
65535
65535
65535
65535
65535
65535
65535
65535
65535
65535
65535
65535
65535
65535
65535
65535
65535
65535
65535
65535
65535
65535
65535
65535
65535
65535
65535
65535
65535
65535
65535
65535
65535
65535
65535
65535
65535
65535
65535
65535
65535
65535
65535
65535
65535
65535
65535
65535
65535
65535
65535
65535
65535
65535
65535
65535
65535
65535
65535
65535
65535
65535
65535
65535
65535
65535
65535
65535
65535
65535
65535
65535
65535
65535
65535
65535
65535
65535
65535
65535
65535
65535
65535
65535
65535
65535
65535
65535
65535
65535
65535
65535
65535
65535
65535
65535
65535
65535
65535
65535
65535
65535
65535
65535
65535
65535
65535
65535
65535
65535
65535
65535
65535
65535
65535
65535
65535
65535
65535
65535
65535
65535
65535
65535
65535
65535
65535
65535
65535
65535
65535
65535
65535
65535
65535
65535
65535
65535
65535
65535
65535
65535
65535
65535
65535
65535
65535
65535
65535
65535
65535
65535
65535
65535
65535
65535
65535
65535
65535
65535
65535
65535
65535
65535
65535
65535
65535
65535
65535
65535
65535
65535
65535
65535
65535
65535
65535
65535
65535
65535
65535
65535
65535
65535
65535
65535
65535
65535
65535
65535
65535
65535
65535
65535
65535
65535
65535
65535
65535
65535
65535
65535
65535
65535
65535
65535
65535
65535
65535
65535
65535
65535
65535
65535
65535
65535
65535
65535
65535
65535
65535
65535
65535
65535
65535
65535
65535
65535
65535
65535
65535
65535
65535
65535
65535
65535
65535
65535
65535
65535
65535
65535
65535
65535
65535
65535
65535
65535
65535
65535
65535
65535
65535
65535
65535
65535
65535
65535
65535
65535
65535
65535
65535
65535
65535
65535
65535
65535
65535
65535
65535
65535
65535
65535
65535
65535
65535
65535
65535
65535
65535
65535
65535
65535
65535
65535
65535
65535
65535
65535
65535
65535
65535
65535
65535
65535
65535
65535
65535
65535
65535
65535
65535
65535
65535
65535
65535
65535
65535
65535
65535
65535
65535
65535
65535
65535
65535
65535
65535
65535
65535
65535
65535
65535
65535
65535
65535
65535
65535
65535
65535
65535
65535
65535
65535
65535
65535
65535
65535
65535
65535
65535
65535
65535
65535
65535
65535
65535
65535
65535
65535
65535
65535
65535
65535
65535
65535
65535
65535
65535
65535
65535
65535
65535
65535
65535
65535
65535
65535
65535
65535
65535
65535
65535
65535
65535
65535
65535
65535
65535
65535
65535
65535
65535
65535
65535
65535
65535
65535
65535
65535
65535
65535
65535
65535
65535
65535
65535
65535
65535
65535
65535
65535
65535
65535
65535
65535
65535
65535
65535
65535
65535
65535
65535
65535
65535
65535
65535
65535
65535
65535
65535
65535
65535
65535
65535
65535
65535
65535
65535
65535
65535
65535
65535
65535
65535
65535
65535
65535
65535
65535
65535
65535
65535
65535
65535
65535
65535
65535
65535
65535
65535
65535
65535
65535
65535
65535
65535
65535
65535
65535
65535
65535
65535
65535
65535
65535
65535
65535
65535
65535
65535
65535
65535
65535
65535
65535
65535
65535
65535
65535
65535
65535
65535
65535
65535
65535
65535
65535
65535
65535
65535
65535
65535
65535
65535
65535
65535
65535
65535
65535
65535
65535
65535
65535
65535
65535
65535
65535
65535
65535
65535
65535
65535
65535
65535
65535
65535
65535
65535
65535
65535
65535
65535
65535
65535
65535
65535
65535
65535
65535
65535
65535
65535
65535
65535
65535
65535
65535
65535
65535
65535
65535
65535
65535
65535
65535
65535
65535
65535
65535
65535
65535
65535
65535
65535
65535
65535
65535
65535
65535
65535
65535
65535
65535
65535
65535
65535
65535
65535
65535
65535
65535
65535
65535
65535
65535
65535
65535
65535
65535
65535
65535
65535
65535
65535
65535
65535
65535
65535
65535
65535
65535
65535
65535
65535
65535
65535
65535
65535
65535
65535
65535
65535
65535
65535
65535
65535
65535
65535
65535
65535
65535
65535
65535
65535
65535
65535
65535
65535
65535
65535
65535
65535
65535
65535
65535
65535
65535
65535
65535
65535
65535
65535
65535
65535
65535
65535
65535
65535
65535
65535
65535
65535
65535
65535
65535
65535
65535
65535
65535
65535
65535
65535
65535
65535
65535
65535
65535
65535
65535
65535
65535
65535
65535
65535
65535
65535
65535
65535
65535
65535
65535
65535
65535
65535
65535
65535
65535
65535
65535
65535
65535
65535
65535
65535
65535
65535
65535
65535
65535
65535
65535
65535
65535
65535
65535
65535
65535
65535
65535
65535
65535
65535
65535
65535
65535
65535
65535
65535
65535
65535
65535
65535
65535
65535
65535
65535
65535
65535
65535
65535
65535
65535
65535
65535
65535
65535
65535
65535
65535
65535
65535
65535
65535
65535
65535
65535
65535
65535
65535
65535
65535
65535
65535
65535
65535
65535
65535
65535
65535
65535
65535
65535
65535
65535
65535
65535
65535
65535
65535
65535
65535
65535
65535
65535
65535
65535
65535
65535
65535
65535
65535
65535
65535
65535
65535
65535
65535
65535
65535
65535
65535
65535
65535
65535
65535
65535
65535
65535
65535
65535
65535
65535
65535
65535
65535
65535
65535
65535
65535
65535
65535
65535
65535
65535
65535
65535
65535
65535
65535
65535
65535
65535
65535
65535
65535
65535
65535
65535
65535
65535
65535
65535
65535
65535
65535
65535
65535
65535
65535
65535
65535
65535
65535
65535
65535
65535
65535
65535
65535
65535
65535
65535
65535
65535
65535
65535
65535
65535
65535
65535
65535
65535
65535
65535
65535
65535
65535
65535
65535
65535
65535
65535
65535
65535
65535
65535
65535
65535
65535
65535
65535
65535
65535
65535
65535
65535
65535
65535
65535
65535
65535
65535
65535
65535
65535
65535
65535
65535
65535
65535
65535
65535
65535
65535
65535
65535
65535
65535
65535
65535
65535
65535
65535
65535
65535
65535
65535
65535