31087
52848
5964
27725
2602
43015
5457
52088
30073
64269
36037
17132
1335
47965
35277
16372
3683
321
50060
21829
21575
2670
2416
14598
55011
57866
54504
16946
16693
35092
31730
31476
43658
43404
58694
8448
57934
20123
44739
6928
28435
56160
55907
30531
20698
57749
41698
3887
47156
6236
58830
24128
14295
4462
57056
53441
43608
30666
8399
64102
1168
47545
62581
49640
49133
4851
44757
25345
24838
49454
17861
45332
44825
16087
24906
27508
11458
32712
16662
9937
59423
37155
42866
33033
32526
19331
28151
58731
48898
60826
35450
53595
3096
21241
64256
10648
50554
40468
14838
45418
16680
9956
21884
52464
55066
4566
13386
40857
5901
33373
35975
4128
28490
18404
39658
1594
32174
47210
49559
24183
1662
901
31482
40301
55337
39034
25839
6426
15246
5159
32631
50523
18676
11952
54967
16902
56808
46722
64867
26803
10499
25536
31246
30740
36197
29473
13169
28206
65003
61388
17106
50795
31382
6006
58600
4992
20029
31957
21871
18002
51691
26061
12866
46555
39831
4875
60578
31839
6210
65022
20740
41994
57030
50053
52655
55257
10975
16685
25505
59193
11803
7934
41623
6667
15486
5400
60850
10350
9844
43532
24373
48736
19998
31926
46962
58890
48804
20066
10233
31487
37197
24256
17532
29460
16518
28446
27939
36759
58013
23057
25659
53130
43044
8088
60682
22618
56307
8916
5301
26555
35374
28650
34360
33854
39564
54348
44515
56443
12161
24089
36017
4170
56511
12229
55244
51628
63556
34818
43637
52456
42623
1450
44465
34632
18328
33365
1518
29243
38062
46881
21252
36288
51325
41492
53420
56022
2414
11233
35596
53741
47017
18532
42895
51714
26338
13396
22216
9274
2550
52036
42203
32370
10102
15813
12197
49248
26981
48235
57054
37895
65366
2432
39230
35614
63339
12840
37203
20899
1740
4342
50719
62647
2822
58525
20714
4663
16591
541
40701
21542
11709
54977
29601
38420
6826
37660
43371
5559
8161
10763
54032
423
40583
18062
33099
23266
13433
34687
46615
46108
23841
23334
32153
19212
3161
61973
42814
8112
57597
25750
25243
21628
5578
45737
10781
7166
47326
18841
27660
5392
64204
32610
38321
510
46887
12184
36800
30076
64019
38642
22592
59643
59136
43086
58122
54507
63326
28624
3247
5849
36683
42394
60792
41633
53561
46837
24569
24063
58005
35737
16578
19180
21
55724
27239
14298
48240
29081
59915
89
65118
2184
20583
10750
63345
41077
15701
49643
5361
26868
48122
35181
9805
12406
8791
61385
42226
35502
44321
34489
15330
2388
61200
1374
7085
37919
18760
55811
21108
57906
10515
28660
9501
46552
61589
39321
26380
22764
53598
56200
21497
33425
8049
1325
41484
50304
49797
65087
33493
64327
42059
19792
41299
40792
6090
46249
11547
17258
60273
41114
31281
46571
27158
7999
13710
63196
53363
65291
27480
42516
38901
10416
22344
34272
21330
61490
64092
23172
904
25267
6108
11819
61304
7696
54073
10045
50205
24828
40118
36503
57757
13728
28765
59599
2882
24389
20774
1615
60427
59920
3457
62268
58653
30168
38987
41589
44191
34358
36960
5366
11077
35693
60056
40897
3086
5688
5181
29797
47942
53653
34494
30878
24154
39191
35575
3982
59685
6330
46490
61527
11027
32535
44463
28412
18579
2529
48906
4624
26132
19408
49988
43264
55445
8054
29308
31910
46947
55766
30137
54499
41558
13073
49870
55581
33313
45241
26082
6923
31539
18598
24308
55142
1534
16824
13209
22028
2615
42775
1602
54196
588
31422
21589
64857
8141
32757
32250
25526
40562
27621
17788
11064
54332
6942
9543
21471
42725
29784
26168
63219
56495
55988
49264
48757
23381
4222
16150
34295
12028
58405
7905
4290
19327
53269
8987
2263
54857
57459
47626
56446
52830
58541
14259
48201
32151
47187
59115
2399
58102
16929
10204
9698
15408
39771
61025
1200
3802
12621
15223
11607
4630
19666
50246
31088
39907
48726
51328
829
3431
18467
55265
60722
29128
50382
56093
55586
1978
10797
965
6675
21712
58763
52039
42206
51025
50518
53120
2621
14549
23368
32187
28572
34282
43102
33269
63849
38219
155
18300
20902
51482
60301
31563
62143
36513
4666
22812
31631
21798
24400
33219
4481
31952
37663
37156
45975
29925
54288
47564
50166
49659
64695
23522
4110
53596
15531
15024
58039
10649
562
31142
27527
48781
48274
44659
15920
65153
20871
1712
1205
6916
6409
52532
30011
48157
10092
15803
40166
55202
45116
834
53175
52668
61488
57872
38460
3504
58954
64664
7947
60542
28695
62384
49189
11124
47922
22292
15314
36568
32699
57062
59664
15382
52180
11006
10500
44189
37464
39813
14183
47872
37786
46605
27193
45338
7273
50288
12224
21043
42297
57334
9943
62538
58669
5061
48076
6903
12613
46302
54868
10586
47383
24862
43008
61153
57284
59886
37365
5518
39207
16686
50375
18527
39782
4826
4066
9523
52538
26908
35474
518
55968
21012
42013
47470
3188
52420
39225
54008
31487
24510
14424
26352
722
37519
2563
42470
19949
3645
43551
39936
32958
54212
44126
62271
39750
7903
7143
37470
36709
33094
1500
44515
21994
24596
23836
63742
50547
6012
27266
23650
60448
59688
65145
23718
26067
3546
52778
11605
60837
56968
31339
65027
14275
54181
56529
5777
14343
35597
34836
5845
23990
1469
31796
40362
55145
60602
56733
62190
26981
23112
6809
59150
21085
4781
38470
37710
40059
26864
51226
53575
55670
33149
41715
59607
46412
64304
60435
19008
52697
36140
32271
34620
8990
26882
26122
62666
21493
33167
38624
56770
56010
42815
10714
63055
65404
39520
29434
44217
52783
42444
25887
21764
14787
39150
53933
46955
5529
17203
31986
37444
17778
10800
38018
31041
58259
60607
16072
24638
54965
13538
28321
11764
11004
56874
65440
17796
54340
19131
8791
48698
47684
25163
27512
20534
60187
21869
27073
35639
59748
31010
64445
19910
497
46368
14267
44594
18711
5262
4249
31467
11801
39019
44476
27919
8507
38580
22276
30842
48734
22851
77
33512
48295
63079
37196
58196
32313
6430
2561
29526
31621
5738
39173
22616
9421
42857
51422
41336
53011
11584
57454
59803
46355
23580
63233
28024
61713
57590
56830
27838
5064
941
46812
64704
44785
15793
5453
16874
25187
30644
32739
13073
33820
29698
47337
33888
29766
19426
49753
30087
25965
9408
14865
54518
28635
58962
23753
38536
49957
24074
26169
47170
8598
32454
43875
61514
38740
168
20916
63677
28468
11911
48455
59876
15341
39197
44401
27844
14395
29178
43962
61600
51261
12943
15038
14024
16119
61990
14346
4006
65420
55333
7689
50451
21459
42206
19432
33962
36057
19500
2943
39487
32256
28134
11576
29215
53071
30043
54153
6255
27002
41532
18758
61519
35636
28405
14957
23269
3350
58293
1323
47193
39962
32731
34826
21125
41872
62873
18084
23288
50252
46130
57551
3436
39981
45184
44171
55592
41890
31551
27428
41958
53379
36569
63534
50085
64615
35370
24777
20654
35184
18627
54918
34999
17935
35574
3220
36402
38497
53027
48904
60326
15537
58045
3930
46438
29881
63063
34072
17261
13139
12125
26655
9845
18157
14035
6550
58385
13343
58959
26605
28447
30542
48181
59602
49262
16655
9424
5048
19578
49652
57964
10067
61901
36018
34751
52389
51376
37927
58675
29429
50177
21185
54367
56209
26963
60145
37118
1655
28873
8954
57679
47086
39855
1284
270
42779
29077
6049
32760
9732
21154
54336
49960
33149
10122
46412
38928
62784
58662
13873
34620
58476
29231
18638
33168
47698
18452
42055
375
64897
20109
34639
30263
10344
40417
11172
6796
5529
13588
21901
51974
10041
14991
51282
55979
58074
13285
27815
14113
47295
52246
50979
2828
54662
28526
58599
23136
21869
39508
16480
65206
45033
6462
30318
19725
18458
48531
31721
24236
44984
31282
26906
38327
52857
42264
9910
61744
23173
46776
5096
7191
12141
60867
25151
11449
13291
36893
26300
53011
26621
231
55174
53907
61966
38939
37672
42875
38500
49668
17060
53351
48722
571
2666
10725
6350
58184
707
64723
44803
62442
36052
336
49062
7381
46781
14427
50718
12146
48437
31627
2381
47745
9174
45464
28400
24278
22758
30817
23333
6522
64574
22894
52967
26577
28419
33369
10088
8821
32424
3178
27034
19296
8703
60538
25075
8265
41447
49506
51347
37646
54777
59474
1998
32071
40130
41972
12473
39438
31953
30686
10767
53275
55117
44524
46366
51316
18962
39709
35334
5835
23474
31533
64715
38578
12442
8066
28560
8387
13084
14926
16768
18610
39103
9605
17410
56557
27058
50660
55611
29221
40389
4673
28275
11211
53720
40018
1446
34375
2021
47385
15031
26198
59127
7868
28361
58435
35407
5908
41692
49751
32688
21841
48552
19054
49127
63404
24325
32131
52878
57829
19004
42353
25036
29986
22502
61648
54164
28027
57847
53471
61277
10018
8751
13701
18651
39145
25190
42575
53490
49114
26086
49689
45313
43793
36308
50585
33774
13602
53001
7706
25091
45585
3651
52124
50857
65133
48323
3534
8484
63174
2588
22829
33996
26512
47006
51703
3299
23793
56721
21259
51079
6037
26530
62821
55337
19874
65238
10869
3132
51604
37649
8150
59731
27377
47617
33662
16598
8607
16413
27327
25807
5634
7223
61912
26196
21820
14083
56337
64396
22463
33377
770
46134
38396
43093
32246
52740
38785
3069
63976
53129
45392
6820
39749
44699
55867
54347
27957
57777
12481
17432
25237
61275
41102
64705
38061
61917
41998
56275
1653
6350
29953
34650
5151
6739
45885
57053
64859
47795
5862
63660
12400
42220
22048
30107
31695
17740
28908
18315
35700
21745
45094
21813
14328
59692
27084
31781
14718
47646
8821
47968
34012
32492
56095
11052
3568
52040
47411
39673
60167
62009
10496
24773
38796
49710
57769
34488
14315
360
11528
50674
55118
13184
58548
13506
43072
51131
12306
57670
49932
42194
18913
29827
6546
14605
34846
14673
25841
40118
60611
26
29846
41014
1935
31755
2257
50982
61897
54412
21552
20031
59177
23715
13122
42942
32095
30828
54177
65345
45172
52978
4827
62879
26910
16063
42774
41254
52422
1162
65178
35679
2819
38856
62205
17163
56309
11013
9493
5117
6706
45852
41223
46173
53979
2719
29177
21693
54621
43775
1588
62748
17200
3244
64151
46834
61111
16068
49250
1100
21594
48051
24770
45011
12403
60875
40703
42291
50097
64120
25549
5629
17051
3349
11408
7032
49034
883
58681
10277
46314
44794
59070
4449
40233
57618
40554
29708
6173
20449
6748
58328
28830
33780
47803
52500
32328
15264
19961
28273
20536
16160
58415
32025
61845
63433
33934
4436
46690
48279
28106
54818
56659
42704
19423
61678
50831
18224
35609
59212
35930
12902
58266
60108
24392
54211
30930
60750
31252
14441
40899
45849
9880
23903
25745
64891
13378
40089
7228
30578
13514
46442
35849
21894
33062
31795
61615
22537
45886
53945
24700
35868
22166
14681
50719
42981
41461
49520
16912
2957
4546
65453
26881
56701
48963
38370
21306
35583
52968
42122
47072
2030
56973
33438
60149
36868
19804
43407
63901
43728
39353
3383
30094
19248
33524
16461
64933
35434
9044
45081
62467
11461
63295
61774
57399
46806
17560
9823
30317
63245
15094
32480
18524
64141
15990
52028
25891
37059
23357
59395
64345
31991
27615
23240
46842
32887
53634
15063
54209
2950
51675
15959
42924
13679
49716
51558
12733
55241
10452
65395
11027
40847
11602
57219
43517
1837
59888
5520
60717
28363
39784
10285
49685
1534
59585
23869
19494
24444
1416
25272
14679
60296
30797
51545
59857
39938
20019
37657
55043
19580
58979
11082
34938
15019
16860
53151
23906
63305
40278
48590
37997
61853
13702
59319
48979
19481
27793
26780
63324
9209
23485
12892
14987
29517
15816
43034
10680
9413
20834
35364
3010
8467
41649
46853
14499
22811
21798
48763
38423
24974
17490
32020
46550
64188
56957
5951
32663
55
64578
50876
49609
4820
10024
15228
63953
34708
49238
26464
22341
55523
16952
28373
61809
42143
6934
59021
23559
38089
40184
54714
6816
43107
23188
59478
17798
54089
40387
64243
63230
15332
20536
50610
2966
51944
54040
24794
23781
54107
40659
30319
32415
46944
36351
57099
15419
14405
28935
62370
36234
25894
2866
32940
22600
30659
29645
25523
27618
14170
59787
37012
4912
3898
65312
48501
38162
5808
60751
34614
21166
32587
40900
27198
57271
62475
2143
29361
24985
33298
41610
34126
51764
13193
27723
60905
56783
46443
45429
13329
52728
51715
35158
27927
20442
34719
11944
26474
25207
64860
29397
25022
26863
47611
37271
8026
28773
14818
54217
31189
20850
63358
12352
8230
63426
56195
36276
19465
5764
10967
44149
40027
39014
12877
21189
32611
3365
21004
50824
34013
7877
62566
36430
22728
18606
64223
25398
14805
54204
15633
33272
22679
12085
57449
18878
30045
10126
40200
10954
47245
18000
4551
47060
5126
50743
49476
60644
16109
21059
32227
40539
23729
701
27412
10602
22023
58314
19742
49816
1665
25521
14928
29204
59024
4656
3389
33209
19507
40001
57640
9489
61070
56694
8543
57269
24661
14068
6584
30187
10267
49667
63943
56459
33431
19729
55767
10978
6602
61545
60278
40106
26150
53115
48739
22350
5286
19562
15186
45006
59283
23567
286
49011
31947
18246
26558
62595
23771
38047
58794
63491
30884
51378
21879
11033
56396
23789
56718
8567
29061
18214
41817
24500
57428
24821
45061
43541
42021
15631
64103
53256
11323
9802
20970
57008
65067
35822
18758
4802
28405
52008
495
39641
38120
8622
47768
24487
16749
37243
20179
62434
58058
46958
33003
28374
55085
56927
24066
7002
17917
16650
8912
35370
64936
19894
52569
32143
49275
38682
12292
41859
55628
47637
30573
38632
5772
35592
65412
48348
49936
57742
53113
54701
9659
17718
3763
24003
469
55158
537
14813
41271
64620
19071
7971
12415
60887
56258
20289
15660
32791
50177
61091
40665
1840
59385
29633
43656
57679
65485
48421
56227
48236
34027
16710
55602
44503
14244
3144
60689
43625
51431
34113
23267
21746
4683
50046
45417
62295
17000
59001
32358
8823
7303
46195
35096
39539
43983
33136
34471
48494
46721
20077
37209
60305
20973
294
1629
52703
44712
52517
47888
39897
35015
39458
47011
51454
62115
53871
4960
6294
48042
43160
63147
36504
18933
41775
21349
4032
2005
56188
54414
58858
34816
26572
30762
47387
33178
12499
48283
61799
56663
42455
21775
20002
11757
47034
11065
49704
29025
14816
44129
26812
49654
29228
18129
47188
64320
43641
38758
46311
10088
33184
3178
29383
18029
59777
33134
53121
4463
5545
53510
23505
49709
3907
39438
65389
28912
42682
3097
13251
64325
2980
35401
14722
59325
57045
14351
8962
10043
1799
37076
56810
1681
27632
53583
42230
33986
56828
39257
65208
34950
11162
52656
34579
19610
2039
55969
19492
42335
15438
41389
48181
61444
56055
41339
17551
46611
6773
60702
24226
43706
16556
45616
8886
41055
35666
8515
62445
38403
11253
24769
34924
41969
11710
34299
50671
63427
39132
52395
122
10530
55133
46888
16376
60979
33576
59020
60102
42024
30164
55862
44255
23069
36332
55812
19082
26128
42246
61726
12562
31789
26146
33192
9150
10232
32821
61627
46658
44378
23445
49143
59044
300
60193
29681
20676
46120
34260
37944
60533
32876
8581
61750
3006
56936
13989
43048
40261
3024
22251
44587
38691
48845
24297
21509
37628
25514
51212
8012
36564
2944
19062
57448
48443
49018
24469
27899
47380
63244
16429
38764
48412
2356
12510
59969
10551
4908
27497
62521
13610
26619
61136
36335
46489
3289
19153
47706
51136
48096
17330
51847
2429
27873
37521
538
47743
60499
17045
2076
30629
18516
31525
28738
19480
7113
44739
41951
57563
57631
32576
48440
64305
8670
43187
18639
15851
53477
10023
53613
41246
38459
60288
22798
22612
22680
47618
25418
47247
56387
59311
62234
62302
15486
15300
21586
21400
34156
30609
24206
17296
4929
54736
51442
35713
64013
4762
51207
57492
32691
41578
53574
25157
40261
64946
2586
39958
30447
17827
64525
27289
30465
27171
64543
17221
16782
60118
51113
47566
496
37869
15669
56150
43023
51657
32819
42213
47738
415
3085
18443
8678
36471
54684
60210
50191
56477
15371
14679
36508
26489
44449
53590
24919
55821
58744
64269
29381
16001
12707
49572
14684
4666
7336
50672
22001
18454
45233
41179
47464
3250
31043
17916
5042
32328
9622
61777
17310
567
46759
30270
63773
31487
37266
2124
60497
53588
46171
35899
6469
49551
64656
1283
21845
51986
13483
15899
30497
23081
47005
61602
13519
52987
45824
60675
62585
17864
7339
65458
36027
31973
56150
23864
56861
55662
7832
19068
64753
60699
50427
2344
22906
49685
23616
656
64740
10186
2516
41477
61785
41934
59387
48862
56736
30667
54591
37342
45469
50740
39202
12626
58058
50388
2305
35302
52248
31636
27329
22514
39460
21704
4202
46017
13225
58656
53841
49027
184
13768
49620
63458
27049
25343
35819
25040
10393
27086
56214
10226
1796
56553
1746
46417
7154
42499
15417
32110
21078
24829
16652
36707
6263
16739
64265
31219
35224
4779
27690
12789
7467
5001
58999
38134
23486
61433
28134
19450
57144
23337
36668
40673
53750
16835
13863
5179
46235
49733
37687
12700
56358
12718
22434
62729
16235
26203
26593
26982
21154
21796
9751
25430
19095
63006
60033
47481
63160
50355
16295
57097
19169
50391
40948
37721
49785
56392
56781
22468
62763
21980
13043
50229
65149
2350
4835
23369
7455
38424
34438
62045
36805
42651
38665
56946
6329
62421
36928
39159
54078
59417
55431
29177
16118
6421
86
61382
45467
22575
43459
58378
4399
46789
42803
10838
59700
14793
45003
3205
8291
28668
2160
38840
9477
33216
6201
5324
50570
12134
16967
9112
54104
33307
59901
26669
37213
23140
62169
53553
26792
49770
41408
64133
55771
59844
57952
21612
29047
23793
14924
28577
44831
64447
43397
16382
29528
30998
41035
41492
63710
45262
17741
9125
56213
34909
19823
57331
41738
35471
17023
41336
34815
37621
28499
21725
24531
55568
57867
54202
44066
46618
55894
2237
57890
31704
59379
5722
17347
25610
46814
39534
13854
12538
14330
40738
49001
800
58042
12190
42214
62912
27399
44735
27621
41848
23975
9463
7386
42867
37682
16446
17224
2206
19035
29646
45968
49602
27606
65436
9751
9769
3570
9806
244
25386
40948
50292
2413
38975
44958
13636
13147
39623
57787
14030
7071
36909
44986
38281
65010
54689
6810
14887
57920
34151
26178
37364
64093
18563
19156
44872
1943
46565
46651
34049
63381
13981
2899
21638
5420
52137
4579
13738
22897
26345
28273
64650
17346
15658
64217
10442
6152
7827
3537
38901
416
47707
45513
30884
31291
612
38324
35369
8052
45764
14578
4899
19836
62245
54915
28933
52689
6788
36508
44722
5544
9635
10111
29745
65177
48588
64607
14077
7574
41739
59853
61410
5169
62936
47936
52855
54918
36810
55752
56042
30956
22173
3557
22499
37826
33994
30668
4822
44005
23615
42879
9294
56283
4046
34478
10473
54099
32189
58498
29104
17095
64912
3671
12916
21654
52914
2587
7203
55341
42639
63881
13368
59732
47031
8447
10275
50997
19965
1874
51162
11632
6551
44991
44101
40355
49043
16812
953
64585
58305
15802
12124
49433
58511
34154
17349
43052
17495
17568
56788
27109
5236
58799
54058
152
61268
56088
52750
10080
32439
45219
35799
4111
4592
26327
46541
61620
62490
10259
30356
8519
26335
2793
9324
31720
16119
63959
57753
286
111
61672
31306
63182
33459
48407
26372
8274
51657
32175
27104
16898
41784
33876
63916
25125
34875
59797
20907
44581
57612
64814
43346
52916
32548
52914
52415
36627
26920
52100
58221
11662
40317
44826
17519
33191
236
64004
1310
25135
6822
13244
30190
49417
7483
3614
18905
43774
49992
59318
62426
65535
65535
65535
65535
65535
65535
65535
65535
65535
65535
65535
65535
65535
65535
65535
65535
65535
65535
65535
65535
65535
65535
65535
65535
65535
65535
65535
65535
65535
65535
65535
65535
65535
65535
65535
65535
65535
65535
65535
65535
65535
65535
65535
65535
65535
65535
65535
65535
65535
65535
65535
65535
65535
65535
65535
65535
65535
65535
65535
65535
65535
65535
65535
65535
65535
65535
65535
65535
65535
65535
65535
65535
65535
65535
65535
65535
65535
65535
65535
65535
65535
65535
65535
65535
65535
65535
65535
65535
65535
65535
65535
65535
65535
65535
65535
65535
65535
65535
65535
65535
65535
65535
65535
65535
65535
65535
65535
65535
65535
65535
65535
65535
65535
65535
65535
65535
65535
65535
65535
65535
65535
65535
65535
65535
65535
65535
65535
65535
65535
65535
65535
65535
65535
65535
65535
65535
65535
65535
65535
65535
65535
65535
65535
65535
65535
65535
65535
65535
65535
65535
65535
65535
65535
65535
65535
65535
65535
65535
65535
65535
65535
65535
65535
65535
65535
65535
65535
65535
65535
65535
65535
65535
65535
65535
65535
65535
65535
65535
65535
65535
65535
65535
65535
65535
65535
65535
65535
65535
65535
65535
65535
65535
65535
65535
65535
65535
65535
65535
65535
65535
65535
65535
65535
65535
65535
65535
65535
65535
65535
65535
65535
65535
65535
65535
65535
65535
65535
65535
65535
65535
65535
65535
65535
65535
65535
65535
65535
65535
65535
65535
65535
65535
65535
65535
65535
65535
65535
65535
65535
65535
65535
65535
65535
65535
65535
65535
65535
65535
65535
65535
65535
65535
65535
65535
65535
65535
65535
65535
65535
65535
65535
65535
65535
65535
65535
65535
65535
65535
65535
65535
65535
65535
65535
65535
65535
65535
65535
65535
65535
65535
65535
65535
65535
65535
65535
65535
65535
65535
65535
65535
65535
65535
65535
65535
65535
65535
65535
65535
65535
65535
65535
65535
65535
65535
65535
65535
65535
65535
65535
65535
65535
65535
65535
65535
65535
65535
65535
65535
65535
65535
65535
65535
65535
65535
65535
65535
65535
65535
65535
65535
65535
65535
65535
65535
65535
65535
65535
65535
65535
65535
65535
65535
65535
65535
65535
65535
65535
65535
65535
65535
65535
65535
65535
65535
65535
65535
65535
65535
65535
65535
65535
65535
65535
65535
65535
65535
65535
65535
65535
65535
65535
65535
65535
65535
65535
65535
65535
65535
65535
65535
65535
65535
65535
65535
65535
65535
65535
65535
65535
65535
65535
65535
65535
65535
65535
65535
65535
65535
65535
65535
65535
65535
65535
65535
65535
65535
65535
65535
65535
65535
65535
65535
65535
65535
65535
65535
65535
65535
65535
65535
65535
65535
65535
65535
65535
65535
65535
65535
65535
65535
65535
65535
65535
65535
65535
65535
65535
65535
65535
65535
65535
65535
65535
65535
65535
65535
65535
65535
65535
65535
65535
65535
65535
65535
65535
65535
65535
65535
65535
65535
65535
65535
65535
65535
65535
65535
65535
65535
65535
65535
65535
65535
65535
65535
65535
65535
65535
65535
65535
65535
65535
65535
65535
65535
65535
65535
65535
65535
65535
65535
65535
65535
65535
65535
65535
65535
65535
65535
65535
65535
65535
65535
65535
65535
65535
65535
65535
65535
65535
65535
65535
65535
65535
65535
65535
65535
65535
65535
65535
65535
65535
65535
65535
65535
65535
65535
65535
65535
65535
65535
65535
65535
65535
65535
65535
65535
65535
65535
65535
65535
65535
65535
65535
65535
65535
65535
65535
65535
65535
65535
65535
65535
65535
65535
65535
65535
65535
65535
65535
65535
65535
65535
65535
65535
65535
65535
65535
65535
65535
65535
65535
65535
65535
65535
65535
65535
65535
65535
65535
65535
65535
65535
65535
65535
65535
65535
65535
65535
65535
65535
65535
65535
65535
65535
65535
65535
65535
65535
65535
65535
65535
65535
65535
65535
65535
65535
65535
65535
65535
65535
65535
65535
65535
65535
65535
65535
65535
65535
65535
65535
65535
65535
65535
65535
65535
65535
65535
65535
65535
65535
65535
65535
65535
65535
65535
65535
65535
65535
65535
65535
65535
65535
65535
65535
65535
65535
65535
65535
65535
65535
65535
65535
65535
65535
65535
65535
65535
65535
65535
65535
65535
65535
65535
65535
65535
65535
65535
65535
65535
65535
65535
65535
65535
65535
65535
65535
65535
65535
65535
65535
65535
65535
65535
65535
65535
65535
65535
65535
65535
65535
65535
65535
65535
65535
65535
65535
65535
65535
65535
65535
65535
65535
65535
65535
65535
65535
65535
65535
65535
65535
65535
65535
65535
65535
65535
65535
65535
65535
65535
65535
65535
65535
65535
65535
65535
65535
65535
65535
65535
65535
65535
65535
65535
65535
65535
65535
65535
65535
65535
65535
65535
65535
65535
65535
65535
65535
65535
65535
65535
65535
65535
65535
65535
65535
65535
65535
65535
65535
65535
65535
65535
65535
65535
65535
65535
65535
65535
65535
65535
65535
65535
65535
65535
65535
65535
65535
65535
65535
65535
65535
65535
65535
65535
65535
65535
65535
65535
65535
65535
65535
65535
65535
65535
65535
65535
65535
65535
65535
65535
65535
65535
65535
65535
65535
65535
65535
65535
65535
65535
65535
65535
65535
65535
65535
65535
65535
65535
65535
65535
65535
65535
65535
65535
65535
65535
65535
65535
65535
65535
65535
65535
65535
65535
65535
65535
65535
65535
65535
65535
65535
65535
65535
65535
65535
65535
65535
65535
65535
65535
65535
65535
65535
65535
65535
65535
65535
65535
65535
65535
65535
65535
65535
65535
65535
65535
65535
65535
65535
65535
65535
65535
65535
65535
65535
65535
65535
65535
65535
65535
65535
65535
65535
65535
65535
65535
65535
65535
65535
65535
65535
65535
65535
65535
65535
65535
65535
65535
65535
65535
65535
65535
65535
65535
65535
65535
65535
65535
65535
65535
65535
65535
65535
65535
65535
65535
65535
65535
65535
65535
65535
65535
65535
65535
65535
65535
65535
65535
65535
65535
65535
65535
65535
65535
65535
65535
65535
65535
65535
65535
65535
65535
65535
65535
65535
65535
65535
65535
65535
65535
65535
65535
65535
65535
65535
65535
65535
65535
65535
65535
65535
65535
65535
65535
65535
65535
65535
65535
65535
65535
65535
65535
65535
65535
65535
65535
65535
65535
65535
65535
65535
65535
65535
65535
65535
65535
65535
65535
65535
65535
65535
65535
65535
65535
65535
65535
65535
65535
65535
65535
65535
65535
65535
65535
65535
65535
65535
65535
65535
65535
65535
65535
65535
65535
65535
65535
65535
65535
65535
65535
65535
65535
65535
65535
65535
65535
65535
65535
65535
65535
65535
65535
65535
65535
65535
65535
65535
65535
65535
65535
65535
65535
65535
65535
65535
65535
65535
65535
65535
65535
65535
65535
65535
65535
65535
65535
65535
65535
65535
65535
65535
65535
65535
65535
65535
65535
65535
65535
65535
65535
65535
65535
65535
65535
65535
65535
65535
65535
65535
65535
65535
65535
65535
65535
65535
65535
65535
65535
65535
65535
65535
65535
65535
65535
65535
65535
65535
65535
65535
65535
65535
65535
65535
65535
65535
65535
65535
65535
65535
65535
65535
65535
65535
65535
65535
65535
65535
65535
65535
65535
65535
65535
65535
65535
65535
65535
65535
65535
65535
65535
65535
65535
65535
65535
65535
65535
65535
65535
65535
65535
65535
65535
65535
65535
65535
65535
65535
65535
65535
65535
65535
65535
65535
65535
65535
65535
65535
65535
65535
65535
65535
65535
65535
65535
65535
65535
65535
65535
65535
65535
65535
65535
65535
65535
65535
65535
65535
65535
65535
65535
65535
65535
65535
65535
65535
65535
65535
65535
65535
65535
65535
65535
65535
65535
65535
65535
65535
65535
65535
65535
65535
65535
65535
65535
65535
65535
65535
65535
65535
65535
65535
65535
65535
65535
65535
65535
65535
65535
65535
65535
65535
65535
65535
65535
65535
65535
65535
65535
65535
65535
65535
65535
65535
65535
65535
65535
65535
65535
65535
65535
65535
65535
65535
65535
65535
65535
65535
65535
65535
65535
65535
65535
65535
65535
65535
65535
65535
65535
65535
65535
65535
65535
65535
65535
65535
65535
65535
65535
65535
65535
65535
65535
65535
65535
65535
65535
65535
65535
65535
65535
65535
65535
65535
65535
65535
65535
65535
65535
65535
65535
65535
65535
65535
65535
65535
65535
65535
65535
65535
65535
65535
65535
65535
65535
65535
65535
65535
65535
65535
65535
65535
65535
65535
65535
65535
65535
65535
65535
65535
65535
65535
65535
65535
65535
65535
65535
65535
65535
65535
65535
65535
65535
65535
65535
65535
65535
65535
65535
65535
65535
65535
65535
65535
65535
65535
65535
65535
65535
65535
65535
65535
65535
65535
65535
65535
65535
65535
65535
65535
65535
65535
65535
65535
65535
65535
65535
65535
65535
65535
65535
65535
65535
65535
65535
65535
65535
65535
65535
65535
65535
65535
65535
65535
65535
65535
65535
65535
65535
65535
65535
65535
65535
65535
65535
65535
65535
65535
65535
65535
65535
65535
65535
65535
65535
65535
65535
65535
65535
65535
65535
65535
65535
65535
65535
65535
65535
65535
65535
65535
65535
65535
65535
65535
65535
65535
65535
65535
65535
65535
65535
65535
65535
65535
65535
65535
65535
65535
65535
65535
65535
65535
65535
65535
65535
65535
65535
65535
65535
65535
65535
65535
65535
65535
65535
65535
65535
65535
65535
65535
65535
65535
65535
65535
65535
65535
65535
65535
65535
65535
65535
65535
65535
65535
65535
65535
65535
65535
65535
65535
65535
65535
65535
65535
65535
65535
65535
65535
65535
65535
65535
65535
65535
65535
65535
65535
65535
65535
65535
65535
65535
65535
65535
65535
65535
65535
65535
65535
65535
65535
65535
65535
65535
65535
65535
65535
65535
65535
65535
65535
65535
65535
65535
65535
65535
65535
65535
65535
65535
65535
65535
65535
65535
65535
65535
65535
65535
65535
65535
65535
65535
65535
65535
65535
65535
65535
65535
65535
65535
65535
65535
65535
65535
65535
65535
65535
65535
65535
65535
65535
65535
65535
65535
65535
65535
65535
65535
65535
65535
65535
65535
65535
65535
65535
65535
65535
65535
65535
65535
65535
65535
65535
65535
65535
65535
65535
65535
65535
65535
65535
65535
65535
65535
65535
65535
65535
65535
65535
65535
65535
65535
65535
65535
65535
65535
65535
65535
65535
65535
65535
65535
65535
65535
65535
65535
65535
65535
65535
65535
65535
65535
65535
65535
65535
65535
65535
65535
65535
65535
65535
65535
65535
65535
65535
65535
65535
65535
65535
65535
65535
65535
65535
65535
65535
65535
65535
65535
65535
65535
65535
65535
65535
65535
65535
65535
65535
65535
65535
65535
65535
65535
65535
65535
65535
65535
65535
65535
65535
65535
65535
65535
65535
65535
65535
65535
65535
65535
65535
65535
65535
65535
65535
65535
65535
65535
65535
65535
65535
65535
65535
65535
65535
65535
65535
65535
65535
65535
65535
65535
65535
65535
65535
65535
65535
65535
65535
65535
65535
65535
65535
65535
65535
65535
65535
65535
65535
65535
65535
65535
65535
65535
65535
65535
65535
65535
65535
65535
65535
65535
65535
65535
65535
65535
65535
65535
65535
65535
65535
65535
65535
65535
65535
65535
65535
65535
65535
65535
65535
65535
65535
65535
65535
65535
65535
65535
65535
65535
65535
65535
65535
65535
65535
65535
65535
65535
65535
65535
65535
65535
65535
65535
65535
65535
65535
65535
65535
65535
65535
65535
65535
65535
65535
65535
65535
65535
65535
65535
65535
65535
65535
65535
65535
65535
65535
65535
65535
65535
65535
65535
65535
65535
65535
65535
65535
65535
65535
65535
65535
65535
65535
65535
65535
65535
65535
65535
65535
65535
65535
65535
65535
65535
65535
65535
65535
65535
65535
65535
65535
65535
65535
65535
65535
65535
65535
65535
65535
65535
65535
65535
65535
65535
65535
65535
65535
65535
65535
65535
65535
65535
65535
65535
65535
65535
65535
65535
65535
65535
65535
65535
65535
65535
65535
65535
65535
65535
65535
65535
65535
65535
65535
65535
65535
65535
65535
65535
65535
65535
65535
65535
65535
65535
65535
65535
65535
65535
65535
65535
65535
65535
65535
65535
65535
65535
65535
65535
65535
65535
65535
65535
65535
65535
65535
65535
65535
65535
65535
65535
65535
65535
65535
65535
65535
65535
65535
65535
65535
65535
65535
65535
65535
65535
65535
65535
65535
65535
65535
65535
65535
65535
65535
65535
65535
65535
65535
65535
65535
65535
65535
65535
65535
65535
65535
65535
65535
65535
65535
65535
65535
65535
65535
65535
65535
65535
65535
65535
65535
65535
65535
65535
65535
65535
65535
65535
65535
65535
65535
65535
65535
65535
65535
65535
65535
65535
65535
65535
65535
65535
65535
65535
65535
65535
65535
65535
65535
65535
65535
65535
65535
65535
65535
65535
65535
65535
65535
65535
65535
65535
65535
65535
65535
65535
65535
65535
65535
65535
65535
65535
65535
65535
65535
65535
65535
65535
65535
65535
65535
65535
65535
65535
65535
65535
65535
65535
65535
65535
65535
65535
65535
65535
65535
65535
65535
65535
65535
65535
65535
65535
65535
65535
65535
65535
65535
65535
65535
65535
65535
65535
65535
65535
65535
65535
65535
65535
65535
65535
65535
65535
65535
65535
65535
65535
65535
65535
65535
65535
65535
65535
65535
65535
65535
65535
65535
65535
65535
65535
65535
65535
65535
65535
65535
65535
65535
65535
65535
65535
65535
65535
65535
65535
65535
65535
65535
65535
65535
65535
65535
65535
65535
65535
65535
65535
65535
65535
65535
65535
65535
65535
65535
65535
65535
65535
65535
65535
65535
65535
65535
65535
65535
65535
65535
65535
65535
65535
65535
65535
65535
65535
65535
65535
65535
65535
65535
65535
65535
65535
65535
65535
65535
65535
65535
65535
65535
65535
65535
65535
65535
65535
65535
65535
65535
65535
65535
65535
65535
65535
65535
65535
65535
65535
65535
65535
65535
65535
65535
65535
65535
65535
65535
65535
65535
65535
65535
65535
65535
65535
65535
65535
65535
65535
65535
65535
65535
65535
65535
65535
65535
65535
65535
65535
65535
65535
65535
65535
65535
65535
65535
65535
65535
65535
65535
65535
65535
65535
65535
65535
65535
65535
65535
65535
65535
65535
65535
65535
65535
65535
65535
65535
65535
65535
65535
65535
65535
65535
65535
65535
65535
65535
65535
65535
65535
65535
65535
65535
65535
65535
65535
65535
65535
65535
65535
65535
65535
65535
65535
65535
65535
65535
65535
65535
65535
65535
65535
65535
65535
65535
65535
65535
65535
65535
65535
65535
65535
65535
65535
65535
65535
65535
65535
65535
65535
65535
65535
65535
65535
65535
65535
65535
65535
65535
65535
65535
65535
65535
65535
65535
65535
65535
65535
65535
65535
65535
65535
65535
65535
65535
65535
65535
65535
65535
65535
65535
65535
65535
65535
65535
65535
65535
65535
65535
65535
65535
65535
65535
65535
65535
65535
65535
65535
65535
65535
65535
65535
65535
65535
65535
65535
65535
65535
65535
65535
65535
65535
65535
65535
65535
65535
65535
65535
65535
65535
65535
65535
65535
65535
65535
65535
65535
65535
65535
65535
65535
65535
65535
65535
65535
65535
65535
65535
65535
65535
65535
65535
65535
65535
65535
65535
65535
65535
65535
65535
65535
65535
65535
65535
65535
65535
65535
65535
65535
65535
65535
65535
65535
65535
65535
65535
65535
65535
65535
65535
65535
65535
65535
65535
65535
65535
65535
65535
65535
65535
65535
65535
65535
65535
65535
65535
65535
65535
65535
65535
65535
65535
65535
65535
65535
65535
65535
65535
65535
65535
65535
65535
65535
65535
65535
65535
65535
65535
65535
65535
65535
65535
65535
65535
65535
65535
65535
65535
65535
65535
65535
65535
65535
65535
65535
65535
65535
65535
65535
65535
65535
65535
65535
65535
65535
65535
65535
65535
65535
65535
65535
65535
65535
65535
65535
65535
65535
65535
65535
65535
65535
65535
65535
65535
65535
65535
65535
65535
65535
65535
65535
65535
65535
65535
65535
65535
65535
65535
65535
65535
65535
65535
65535
65535
65535
65535
65535
65535
65535
65535
65535
65535
65535
65535
65535
65535
65535
65535
65535
65535
65535
65535
65535
65535
65535
65535
65535
65535
65535
65535
65535
65535
65535
65535
65535
65535
65535
65535
65535
65535
65535
65535
65535
65535
65535
65535
65535
65535
65535
65535
65535
65535
65535
65535
65535
65535
65535
65535
65535
65535
65535
65535
65535
65535
65535
65535
65535
65535
65535
65535
65535
65535
65535
65535
65535
65535
65535
65535
65535
65535
65535
65535
65535
65535
65535
65535
65535
65535
65535
65535
65535
65535
65535
65535
65535
65535
65535
65535
65535
65535
65535
65535
65535
65535
65535
65535
65535
65535
65535
65535
65535
65535
65535
65535
65535
65535
65535
65535
65535
65535
65535
65535
65535
65535
65535
65535
65535
65535
65535
65535
65535
65535
65535
65535
65535
65535
65535
65535
65535
65535
65535
65535
65535
65535
65535
65535
65535
65535
65535
65535
65535
65535
65535
65535
65535
65535
65535
65535
65535
65535
65535
65535
65535
65535
65535
65535
65535
65535
65535
65535
65535
65535
65535
65535
65535
65535
65535
65535
65535
65535
65535
65535
65535
65535
65535
65535
65535
65535
65535
65535
65535
65535
65535
65535
65535
65535
65535
65535
65535
65535
65535
65535
65535
65535
65535
65535
65535
65535
65535
65535
65535
65535
65535
65535
65535
65535
65535
65535
65535
65535
65535
65535
65535
65535
65535
65535
65535
65535
65535
65535
65535
65535
65535
65535
65535
65535
65535
65535
65535
65535
65535
65535
65535
65535
65535
65535
65535
65535
65535
65535
65535
65535
65535
65535
65535
65535
65535
65535
65535
65535
65535
65535
65535
65535
65535
65535
65535
65535
65535
65535
65535
65535
65535
65535
65535
65535
65535
65535
65535
65535
65535
65535
65535
65535
65535
65535
65535
65535
65535
65535
65535
65535
65535
65535
65535
65535
65535
65535
65535
65535
65535
65535
65535
65535
65535
65535
65535
65535
65535
65535
65535
65535
65535
65535
65535
65535
65535
65535
65535
65535
65535
65535
65535
65535
65535
65535
65535
65535
65535
65535
65535
65535
65535
65535
65535
65535
65535
65535
65535
65535
65535
65535
65535
65535
65535
65535
65535
65535
65535
65535
65535
65535
65535
65535
65535
65535
65535
65535
65535
65535
65535
65535
65535
65535
65535
65535
65535
65535
65535
65535
65535
65535
65535
65535
65535
65535
65535
65535
65535
65535
65535
65535
65535
65535
65535
65535
65535
65535
65535
65535
65535
65535
65535
65535
65535
65535
65535
65535
65535
65535
65535
65535
65535
65535
65535
65535
65535
65535
65535
65535
65535
65535
65535
65535
65535
65535
65535
65535
65535
65535
65535
65535
65535
65535
65535
65535
65535
65535
65535
65535
65535
65535
65535
65535
65535
65535
65535
65535
65535
65535
65535
65535
65535
65535
65535
65535
65535
65535
65535
65535
65535
65535
65535
65535
65535
65535
65535
65535
65535
65535
65535
65535
65535
65535
65535
65535
65535
65535
65535
65535
65535
65535
65535
65535
65535
65535
65535
65535
65535
65535
65535
65535
65535
65535
65535
65535
65535
65535
65535
65535
65535
65535
65535
65535
65535
65535
65535
65535
65535
65535
65535
65535
65535
65535
65535
65535
65535
65535
65535
65535
65535
65535
65535
65535
65535
65535
65535
65535
65535
65535
65535
65535
65535
65535
65535
65535
65535
65535
65535
65535
65535
65535
65535
65535
65535
65535
65535
65535
65535
65535
65535
65535
65535
65535
65535
65535
65535
65535
65535
65535
65535
65535
65535
65535
65535
65535
65535
65535
65535
65535
65535
65535
65535
65535
65535
65535
65535
65535
65535
65535
65535
65535
65535
65535
65535
65535
65535
65535
65535
65535
65535
65535
65535
65535
65535
65535
65535
65535
65535
65535
65535
65535
65535
65535
65535
65535
65535
65535
65535
65535
65535
65535
65535
65535
65535
65535
65535
65535
65535
65535
65535
65535
65535
65535
65535
65535
65535
65535
65535
65535
65535
65535
65535
65535
65535
65535
65535
65535
65535
65535
65535
65535
65535
65535
65535
65535
65535
65535
65535
65535
65535
65535
65535
65535
65535
65535
65535
65535
65535
65535
65535
65535
65535
65535
65535
65535
65535
65535
65535
65535
65535
65535
65535
65535
65535
65535
65535
65535
65535
65535
65535
65535
65535
65535
65535
65535
65535
65535
65535
65535
65535
65535
65535
65535
65535
65535
65535
65535
65535
65535
65535
65535
65535
65535
65535
65535
65535
65535
65535
65535
65535
65535
65535
65535
65535
65535
65535
65535
65535
65535
65535
65535
65535
65535
65535
65535
65535
65535
65535
65535
65535
65535
65535
65535
65535
65535
65535
65535
65535
65535
65535
65535
65535
65535
65535
65535
65535
65535
65535
65535
65535
65535
65535
65535
65535
65535
65535
65535
65535
65535
65535
65535
65535
65535
65535
65535
65535
65535
65535
65535
65535
65535
65535
65535
65535
65535
65535
65535
65535
65535
65535
65535
65535
65535
65535
65535
65535
65535
65535
65535
65535
65535
65535
65535
65535
65535
65535
65535
65535
65535
65535
65535
65535
65535
65535
65535
65535
65535
65535
65535
65535
65535
65535
65535
65535
65535
65535
65535
65535
65535
65535
65535
65535
65535
65535
65535
65535
65535
65535
65535
65535
65535
65535
65535
65535
65535
65535
65535
65535
65535
65535
65535
65535
65535
65535
65535
65535
65535
65535
65535
65535
65535
65535
65535
65535
65535
65535
65535
65535
65535
65535
65535
65535
65535
65535
65535
65535
65535
65535
65535
65535
65535
65535
65535
65535
65535
65535
65535
65535
65535
65535
65535
65535
65535
65535
65535
65535
65535
65535
65535
65535
65535
65535
65535
65535
65535
65535
65535
65535
65535
65535
65535
65535
65535
65535
65535
65535
65535
65535
65535
65535
65535
65535
65535
65535
65535
65535
65535
65535
65535
65535
65535
65535
65535
65535
65535
65535
65535
65535
65535
65535
65535
65535
65535
65535
65535
65535
65535
65535
65535
65535
65535
65535
65535
65535
65535
65535
65535
65535
65535
65535
65535
65535
65535
65535
65535
65535
65535
65535
65535
65535
65535
65535
65535
65535
65535
65535
65535
65535
65535
65535
65535
65535
65535
65535
65535
65535
65535
65535
65535
65535
65535
65535
65535
65535
65535
65535
65535
65535
65535
65535
65535
65535
65535
65535
65535
65535
65535
65535
65535
65535
65535
65535
65535
65535
65535
65535
65535
65535
65535
65535
65535
65535
65535
65535
65535
65535
65535
65535
65535
65535
65535
65535
65535
65535
65535
65535
65535
65535
65535
65535
65535
65535
65535
65535
65535
65535
65535
65535
65535
65535
65535
65535
65535
65535
65535
65535
65535
65535
65535
65535
65535
65535
65535
65535
65535
65535
65535
65535
65535
65535
65535
65535
65535
65535
65535
65535
65535
65535
65535
65535
65535
65535
65535
65535
65535
65535
65535
65535
65535
65535
65535
65535
65535
65535
65535
65535
65535
65535
65535
65535
65535
65535
65535
65535
65535
65535
65535
65535
65535
65535
65535
65535
65535
65535
65535
65535
65535
65535
65535
65535
65535
65535
65535
65535
65535
65535
65535
65535
65535
65535
65535
65535
65535
65535
65535
65535
65535
65535
65535
65535
65535
65535
65535
65535
65535
65535
65535
65535
65535
65535
65535
65535
65535
65535
65535
65535
65535
65535
65535
65535
65535
65535
65535
65535
65535
65535
65535
65535
65535
65535
65535
65535
65535
65535
65535
65535
65535
65535
65535
65535
65535
65535
65535
65535
65535
65535
65535
65535
65535
65535
65535
65535
65535
65535
65535
65535
65535
65535
65535
65535
65535
65535
65535
65535
65535
65535
65535
65535
65535
65535
65535
65535
65535
65535
65535
65535
65535
65535
65535
65535
65535
65535
65535
65535
65535
65535
65535
65535
65535
65535
65535
65535
65535
65535
65535
65535
65535
65535
65535
65535
65535
65535
65535
65535
65535
65535
65535
65535
65535
65535
65535
65535
65535
65535
65535
65535
65535
65535
65535
65535
65535
65535
65535
65535
65535
65535
65535
65535
65535
65535
65535
65535
65535
65535
65535
65535
65535
65535
65535
65535
65535
65535
65535
65535
65535
65535
65535
65535
65535
65535
65535
65535
65535
65535
65535
65535
65535
65535
65535
65535
65535
65535
65535
65535
65535
65535
65535
65535
65535
65535
65535
65535
65535
65535
65535
65535
65535
65535
65535
65535
65535
65535
65535
65535
65535
65535
65535
65535
65535
65535
65535
65535
65535
65535
65535
65535
65535
65535
65535
65535
65535
65535
65535
65535
65535
65535
65535
65535
65535
65535
65535
65535
65535
65535
65535
65535
65535
65535
65535
65535
65535
65535
65535
65535
65535
65535
65535
65535
65535
65535
65535
65535
65535
65535
65535
65535
65535
65535
65535
65535
65535
65535
65535
65535
65535
65535
65535
65535
65535
65535
65535
65535
65535
65535
65535
65535
65535
65535
65535
65535
65535
65535
65535
65535
65535
65535
65535
65535
65535
65535
65535
65535
65535
65535
65535
65535
65535
65535
65535
65535
65535
65535
65535
65535
65535
65535
65535
65535
65535
65535
65535
65535
65535
65535
65535
65535
65535
65535
65535
65535
65535
65535
65535
65535
65535
65535
65535
65535
65535
65535
65535
65535
65535
65535
65535
65535
65535
65535
65535
65535
65535
65535
65535
65535
65535
65535
65535
65535
65535
65535
65535
65535
65535
65535
65535
65535
65535
65535
65535
65535
65535
65535
65535
65535
65535
65535
65535
65535
65535
65535
65535
65535
65535
65535
65535
65535
65535
65535
65535
65535
65535
65535
65535
65535
65535
65535
65535
65535
65535
65535
65535
65535
65535
65535
65535
65535
65535
65535
65535
65535
65535
65535
65535
65535
65535
65535
65535
65535
65535
65535
65535
65535
65535
65535
65535
65535
65535
65535
65535
65535
65535
65535
65535
65535
65535
65535
65535
65535
65535
65535
65535
65535
65535
65535
65535
65535
65535
65535
65535
65535
65535
65535
65535
65535
65535
65535
65535
65535
65535
65535
65535
65535
65535
65535
65535
65535
65535
65535
65535
65535
65535
65535
65535
65535
65535
65535
65535
65535
65535
65535
65535
65535
65535
65535
65535
65535
65535
65535
65535
65535
65535
65535
65535
65535
65535
65535
65535
65535
65535
65535
65535
65535
65535
65535
65535
65535
65535
65535
65535
65535
65535
65535
65535
65535
65535
65535
65535
65535
65535
65535
65535
65535
65535
65535
65535
65535
65535
65535
65535
65535
65535
65535
65535
65535
65535
65535
65535
65535
65535
65535
65535
65535
65535
65535
65535
65535
65535
65535
65535
65535
65535
65535
65535
65535
65535
65535
65535
65535
65535
65535
65535
65535
65535
65535
65535
65535
65535
65535
65535
65535
65535
65535
65535
65535
65535
65535
65535
65535
65535
65535
65535
65535
65535
65535
65535
65535
65535
65535
65535
65535
65535
65535
65535
65535
65535
65535
65535
65535
65535
65535
65535
65535
65535
65535
65535
65535
65535
65535
65535
65535
65535
65535
65535
65535
65535
65535
65535
65535
65535
65535
65535
65535
65535
65535
65535
65535
65535
65535
65535
65535
65535
65535
65535
65535
65535
65535
65535
65535
65535
65535
65535
65535
65535
65535
65535
65535
65535
65535
65535
65535
65535
65535
65535
65535
65535
65535
65535
65535
65535
65535
65535
65535
65535
65535
65535
65535
65535
65535
65535
65535
65535
65535
65535
65535
65535
65535
65535
65535
65535
65535
65535
65535
65535
65535
65535
65535
65535
65535
65535
65535
65535
65535
65535
65535
65535
65535
65535
65535
65535
65535
65535
65535
65535
65535
65535
65535
65535
65535
65535
65535
65535
65535
65535
65535
65535
65535
65535
65535
65535
65535
65535
65535
65535
65535
65535
65535
65535
65535
65535
65535
65535
65535
65535
65535
65535
65535
65535
65535
65535
65535
65535
65535
65535
65535
65535
65535
65535
65535
65535
65535
65535
65535
65535
65535
65535
65535
65535
65535
65535
65535
65535
65535
65535
65535
65535
65535
65535
65535
65535
65535
65535
65535
65535
65535
65535
65535
65535
65535
65535
65535
65535
65535
65535
65535
65535
65535
65535
65535
65535
65535
65535
65535
65535
65535
65535
65535
65535
65535
65535
65535
65535
65535
65535
65535
65535
65535
65535
65535
65535
65535
65535
65535
65535
65535
65535
65535
65535
65535
65535
65535
65535
65535
65535
65535
65535
65535
65535
65535
65535
65535
65535
65535
65535
65535
65535
65535
65535
65535
65535
65535
65535
65535
65535
65535
65535
65535
65535
65535
65535
65535
65535
65535
65535
65535
65535
65535
65535
65535
65535
65535
65535
65535
65535
65535
65535
65535
65535
65535
65535
65535
65535
65535
65535
65535
65535
65535
65535
65535
65535
65535
65535
65535
65535
65535
65535
65535
65535
65535
65535
65535
65535
65535
65535
65535
65535
65535
65535
65535
65535
65535
65535
65535
65535
65535
65535
65535
65535
65535
65535
65535
65535
65535
65535
65535
65535
65535
65535
65535
65535
65535
65535
65535
65535
65535
65535
65535
65535
65535
65535
65535
65535
65535
65535
65535
65535
65535
65535
65535
65535
65535
65535
65535
65535
65535
65535
65535
65535
65535
65535
65535
65535
65535
65535
65535
65535
65535
65535
65535
65535
65535
65535
65535
65535
65535
65535
65535
65535
65535
65535
65535
65535
65535
65535
65535
65535
65535
65535
65535
65535
65535
65535
65535
65535
65535
65535
65535
65535
65535
65535
65535
65535
65535
65535
65535
65535
65535
65535
65535
65535
65535
65535
65535
65535
65535
65535
65535
65535
65535
65535
65535
65535
65535
65535
65535
65535
65535
65535
65535
65535
65535
65535
65535
65535
65535
65535
65535
65535
65535
65535
65535
65535
65535
65535
65535
65535
65535
65535
65535
65535
65535
65535
65535
65535
65535
65535
65535
65535
65535
65535
65535
65535
65535
65535
65535
65535
65535
65535
65535
65535
65535
65535
65535
65535
65535
65535
65535
65535
65535
65535
65535
65535
65535
65535
65535
65535
65535
65535
65535
65535
65535
65535
65535
65535
65535
65535
65535
65535
65535
65535
65535
65535
65535
65535
65535
65535
65535
65535
65535
65535
65535
65535
65535
65535
65535
65535
65535
65535
65535
65535
65535
65535
65535
65535
65535
65535
65535
65535
65535
65535
65535
65535
65535
65535
65535
65535
65535
65535
65535
65535
65535
65535
65535
65535
65535
65535
65535
65535
65535
65535
65535
65535
65535
65535
65535
65535
65535
65535
65535
65535
65535
65535
65535
65535
65535
65535
65535
65535
65535
65535
65535
65535
65535
65535
65535
65535
65535
65535
65535
65535
65535
65535
65535
65535
65535
65535
65535
65535
65535
65535
65535
65535
65535
65535
65535
65535
65535
65535
65535
65535
65535
65535
65535
65535
65535
65535
65535
65535
65535
65535
65535
65535
65535
65535
65535
65535
65535
65535
65535
65535
65535
65535
65535
65535
65535
65535
65535
65535
65535
65535
65535
65535
65535
65535
65535
65535
65535
65535
65535
65535
65535
65535
65535
65535
65535
65535
65535
65535
65535
65535
65535
65535
65535
65535
65535
65535
65535
65535
65535
65535
65535
65535
65535
65535
65535
65535
65535
65535
65535
65535
65535
65535
65535
65535
65535
65535
65535
65535
65535
65535
65535
65535
65535
65535
65535
65535
65535
65535
65535
65535
65535
65535
65535
65535
65535
65535
65535
65535
65535
65535
65535
65535
65535
65535
65535
65535
65535
65535
65535
65535
65535
65535
65535
65535
65535
65535
65535
65535
65535
65535
65535
65535
65535
65535
65535
65535
65535
65535
65535
65535
65535
65535
65535
65535
65535
65535
65535
65535
65535
65535
65535
65535
65535
65535
65535
65535
65535
65535
65535
65535
65535
65535
65535
65535
65535
65535
65535
65535
65535
65535
65535
65535
65535
65535
65535
65535
65535
65535
65535
65535
65535
65535
65535
65535
65535
65535
65535
65535
65535
65535
65535
65535
65535
65535
65535
65535
65535
65535
65535
65535
65535
65535
65535
65535
65535
65535
65535
65535
65535
65535
65535
65535
65535
65535
65535
65535
65535
65535
65535
65535
65535
65535
65535
65535
65535
65535
65535
65535
65535
65535
65535
65535
65535
65535
65535
65535
65535
65535
65535
65535
65535
65535
65535
65535
65535
65535
65535
65535
65535
65535
65535
65535
65535
65535
65535
65535
65535
65535
65535
65535
65535
65535
65535
65535
65535
65535
65535
65535
65535
65535
65535
65535
65535
65535
65535
65535
65535
65535
65535
65535
65535
65535
65535
65535
65535
65535
65535
65535
65535
65535
65535
65535
65535
65535
65535
65535
65535
65535
65535
65535
65535
65535
65535
65535
65535
65535
65535
65535
65535
65535
65535
65535
65535
65535
65535
65535
65535
65535
65535
65535
65535
65535
65535
65535
65535
65535
65535
65535
65535
65535