0
0
1
1
2
2
3
3
4
4
5
6
7
7
8
9
10
11
11
12
13
14
15
16
16
17
18
19
20
21
22
23
24
25
26
28
29
31
32
34
35
36
37
39
41
42
44
46
47
49
50
52
54
56
57
59
61
63
65
66
69
70
72
74
76
79
81
84
86
87
89
91
93
96
98
100
102
104
106
108
109
111
113
115
117
120
122
124
126
128
130
132
135
137
139
142
144
147
150
152
155
157
159
161
163
166
168
170
173
175
177
180
182
185
187
190
192
194
197
199
202
205
207
209
211
214
217
220
222
225
227
230
233
235
237
240
242
245
247
250
253
255
257
259
262
264
267
269
271
273
276
278
281
283
284
287
289
291
294
297
299
302
305
307
309
312
313
316
319
320
323
325
327
330
332
334
337
339
341
343
346
349
351
354
356
359
361
364
366
368
370
372
375
377
379
381
384
387
389
391
393
395
397
399
401
403
405
407
409
412
414
416
419
422
423
426
428
431
433
435
437
439
441
443
445
448
450
452
455
457
459
462
464
467
469
471
473
476
478
480
482
485
487
489
492
494
497
498
500
502
505
507
509
511
513
515
518
520
522
524
526
528
530
532
534
536
538
540
542
543
545
547
549
551
553
554
556
558
560
562
564
567
569
571
572
575
577
580
582
584
585
587
590
591
593
595
597
599
600
602
604
605
607
609
611
612
614
616
618
620
621
624
625
628
630
632
634
636
638
640
642
644
646
648
650
651
653
655
656
659
661
663
665
666
669
671
672
674
676
678
679
681
683
685
686
688
689
691
692
694
696
697
699
701
703
705
707
709
711
713
714
716
717
719
721
723
725
727
728
730
732
734
736
737
739
741
742
744
745
748
749
752
753
755
756
758
760
761
764
765
767
769
771
773
775
776
778
780
782
784
786
788
789
792
794
795
797
798
800
802
805
807
809
810
812
814
816
818
819
821
823
825
827
829
830
832
834
835
837
838
840
842
843
845
847
848
850
852
854
856
858
859
862
864
866
867
869
871
873
875
877
879
881
883
885
886
888
890
892
894
896
898
899
902
903
905
906
908
909
911
913
915
917
918
921
922
924
926
927
929
931
932
934
936
938
940
942
944
946
948
950
951
953
955
957
959
961
962
964
966
968
970
972
974
976
978
979
981
982
984
987
988
990
992
994
996
997
1000
1001
1003
1005
1007
1008
1011
1013
1015
1017
1019
1022
1024
1026
1028
1030
1032
1034
1036
1038
1040
1041
1043
1045
1046
1049
1050
1052
1054
1057
1058
1061
1062
1065
1066
1068
1069
1072
1073
1075
1077
1079
1081
1083
1085
1086
1089
1091
1093
1095
1097
1099
1100
1102
1104
1106
1108
1110
1112
1114
1116
1118
1119
1122
1124
1126
1127
1130
1132
1133
1135
1137
1139
1141
1143
1146
1147
1149
1151
1153
1156
1157
1160
1162
1164
1166
1168
1170
1173
1175
1177
1179
1181
1184
1186
1188
1190
1192
1194
1196
1199
1201
1203
1205
1208
1210
1212
1214
1216
1219
1221
1223
1225
1227
1228
1230
1232
1234
1236
1238
1241
1243
1245
1247
1249
1251
1253
1255
1257
1260
1263
1265
1267
1269
1271
1274
1276
1279
1282
1284
1286
1288
1290
1292
1295
1297
1299
1301
1303
1305
1307
1309
1311
1313
1315
1318
1321
1322
1325
1327
1329
1332
1335
1337
1339
1341
1343
1345
1348
1350
1353
1355
1357
1359
1361
1363
1366
1368
1371
1373
1375
1377
1380
1383
1385
1387
1389
1391
1394
1397
1399
1401
1404
1405
1408
1410
1413
1416
1418
1421
1424
1426
1429
1431
1433
1436
1438
1441
1443
1445
1447
1450
1453
1455
1458
1460
1463
1465
1468
1470
1473
1475
1477
1479
1482
1483
1486
1489
1491
1494
1496
1498
1501
1504
1506
1509
1511
1513
1516
1518
1521
1524
1526
1529
1531
1534
1536
1539
1542
1545
1547
1550
1553
1556
1558
1561
1564
1567
1570
1572
1575
1578
1581
1584
1587
1589
1592
1594
1597
1599
1602
1605
1607
1609
1612
1614
1617
1619
1622
1625
1628
1631
1634
1636
1638
1640
1643
1645
1648
1650
1653
1657
1659
1661
1663
1666
1669
1673
1676
1679
1681
1684
1686
1689
1692
1694
1698
1700
1703
1707
1710
1712
1715
1719
1721
1724
1727
1730
1733
1736
1739
1742
1746
1749
1752
1754
1757
1760
1762
1765
1768
1771
1773
1776
1780
1783
1786
1789
1792
1795
1798
1802
1804
1808
1811
1814
1817
1820
1823
1826
1829
1832
1835
1837
1840
1843
1847
1849
1852
1856
1859
1862
1865
1869
1873
1877
1880
1882
1885
1888
1892
1895
1898
1901
1905
1908
1911
1914
1917
1920
1924
1927
1930
1934
1937
1941
1944
1947
1950
1954
1957
1961
1965
1967
1971
1974
1977
1980
1983
1987
1991
1994
1997
2000
2003
2007
2010
2013
2017
2020
2024
2028
2032
2035
2039
2042
2045
2049
2052
2056
2059
2062
2065
2069
2073
2076
2079
2082
2086
2089
2093
2097
2100
2104
2108
2112
2115
2119
2122
2125
2128
2131
2134
2138
2141
2144
2148
2152
2155
2159
2161
2165
2168
2172
2176
2180
2183
2186
2191
2195
2199
2203
2207
2210
2214
2218
2222
2226
2230
2234
2238
2242
2245
2249
2253
2257
2260
2263
2267
2270
2274
2277
2281
2285
2289
2292
2297
2301
2305
2309
2313
2318
2322
2325
2329
2333
2336
2340
2344
2348
2352
2356
2360
2363
2366
2370
2374
2378
2382
2386
2390
2393
2397
2401
2404
2407
2411
2414
2418
2422
2426
2430
2434
2438
2442
2445
2449
2453
2457
2461
2465
2470
2473
2478
2482
2486
2490
2493
2497
2501
2505
2509
2514
2518
2522
2525
2529
2533
2537
2542
2546
2549
2554
2558
2562
2566
2570
2575
2578
2582
2586
2590
2595
2599
2603
2607
2611
2616
2620
2624
2628
2633
2638
2642
2646
2650
2654
2659
2665
2669
2674
2678
2682
2686
2690
2694
2699
2703
2708
2712
2716
2720
2724
2729
2733
2737
2741
2746
2750
2754
2759
2763
2769
2773
2778
2783
2787
2791
2795
2799
2805
2809
2814
2818
2822
2826
2831
2835
2839
2844
2848
2852
2856
2860
2865
2869
2873
2877
2882
2887
2891
2896
2901
2904
2909
2913
2918
2922
2927
2931
2935
2940
2945
2950
2955
2959
2963
2968
2973
2978
2982
2987
2991
2995
3000
3004
3008
3013
3018
3022
3026
3031
3036
3041
3044
3049
3053
3058
3063
3067
3072
3077
3082
3087
3091
3095
3101
3106
3110
3116
3120
3125
3129
3134
3138
3143
3148
3154
3158
3163
3167
3172
3177
3181
3186
3190
3196
3201
3205
3210
3215
3219
3224
3229
3233
3238
3243
3247
3251
3256
3261
3265
3270
3275
3280
3284
3289
3293
3299
3304
3309
3314
3319
3324
3330
3336
3340
3345
3350
3355
3360
3364
3369
3374
3380
3384
3390
3396
3400
3405
3410
3414
3420
3425
3430
3434
3440
3446
3450
3455
3459
3464
3468
3473
3477
3482
3487
3492
3497
3501
3507
3511
3517
3522
3527
3532
3536
3541
3545
3551
3556
3561
3567
3572
3577
3582
3586
3592
3597
3601
3606
3611
3615
3620
3625
3630
3636
3642
3648
3652
3657
3662
3668
3672
3677
3682
3687
3691
3696
3701
3706
3711
3716
3720
3725
3731
3735
3740
3744
3749
3754
3759
3764
3770
3776
3781
3786
3791
3796
3802
3808
3813
3819
3824
3829
3835
3840
3846
3851
3857
3861
3866
3871
3876
3881
3886
3891
3896
3901
3907
3912
3916
3921
3927
3933
3938
3944
3950
3955
3961
3965
3970
3977
3983
3987
3992
3998
4004
4011
4016
4021
4026
4031
4036
4041
4046
4052
4058
4063
4068
4073
4078
4084
4089
4095
4100
4105
4110
4115
4121
4126
4131
4136
4142
4146
4153
4158
4163
4169
4174
4179
4184
4189
4194
4199
4204
4210
4216
4221
4226
4231
4237
4244
4249
4254
4259
4264
4270
4275
4279
4284
4289
4294
4300
4306
4311
4317
4323
4328
4333
4339
4345
4351
4358
4364
4370
4376
4382
4388
4393
4399
4404
4410
4415
4420
4426
4432
4438
4443
4449
4455
4461
4466
4472
4478
4483
4489
4495
4500
4505
4510
4515
4521
4527
4532
4539
4544
4550
4555
4561
4566
4573
4577
4582
4587
4594
4600
4605
4611
4617
4623
4628
4633
4639
4645
4651
4656
4662
4667
4673
4678
4684
4690
4695
4700
4705
4711
4717
4723
4728
4733
4739
4745
4751
4756
4762
4767
4773
4779
4784
4790
4795
4800
4806
4812
4817
4822
4829
4834
4840
4846
4851
4857
4863
4869
4874
4879
4886
4892
4897
4903
4909
4914
4920
4925
4931
4937
4943
4949
4955
4960
4966
4972
4977
4982
4987
4993
4998
5003
5010
5015
5021
5025
5031
5036
5043
5049
5054
5059
5064
5069
5075
5080
5086
5091
5097
5103
5109
5113
5120
5126
5131
5137
5142
5148
5153
5159
5166
5171
5177
5183
5188
5195
5201
5206
5212
5217
5223
5228
5234
5240
5246
5251
5256
5262
5269
5273
5281
5287
5292
5299
5304
5310
5314
5320
5325
5331
5337
5343
5349
5354
5360
5366
5372
5378
5383
5388
5392
5397
5402
5407
5413
5419
5424
5431
5436
5442
5447
5454
5460
5465
5471
5477
5484
5489
5494
5499
5505
5510
5516
5522
5528
5534
5540
5544
5550
5555
5560
5566
5571
5577
5583
5589
5594
5600
5606
5611
5616
5622
5628
5633
5639
5645
5650
5655
5661
5666
5671
5676
5682
5687
5693
5698
5704
5709
5715
5720
5727
5733
5738
5743
5750
5755
5762
5768
5774
5779
5784
5790
5795
5800
5805
5812
5818
5823
5828
5833
5838
5843
5848
5854
5860
5865
5871
5877
5883
5888
5893
5898
5904
5909
5915
5920
5925
5931
5936
5942
5946
5953
5958
5964
5970
5975
5980
5986
5991
5998
6003
6009
6014
6020
6025
6031
6037
6042
6047
6052
6056
6062
6067
6072
6077
6083
6088
6093
6099
6104
6110
6114
6120
6125
6130
6135
6140
6145
6150
6155
6160
6165
6170
6176
6180
6185
6190
6196
6200
6206
6210
6215
6220
6225
6231
6235
6240
6244
6250
6255
6260
6264
6269
6274
6278
6284
6287
6292
6296
6302
6306
6312
6316
6322
6327
6332
6337
6341
6346
6350
6356
6360
6364
6369
6374
6378
6383
6388
6392
6397
6401
6406
6411
6415
6420
6424
6429
6433
6438
6442
6448
6452
6456
6462
6466
6470
6473
6478
6483
6488
6492
6496
6501
6504
6509
6514
6518
6522
6527
6530
6534
6538
6543
6547
6551
6555
6559
6563
6568
6572
6576
6580
6584
6589
6594
6600
6603
6608
6613
6618
6622
6626
6630
6635
6639
6643
6647
6651
6656
6660
6663
6667
6671
6674
6679
6683
6687
6691
6696
6700
6705
6709
6714
6718
6723
6727
6731
6736
6740
6744
6748
6751
6755
6760
6764
6767
6771
6775
6779
6783
6788
6792
6797
6801
6805
6808
6813
6817
6822
6826
6830
6835
6839
6843
6847
6851
6855
6859
6863
6867
6870
6875
6879
6884
6888
6893
6897
6901
6905
6910
6914
6918
6923
6926
6931
6935
6939
6944
6948
6953
6957
6961
6965
6969
6973
6977
6981
6985
6989
6993
6998
7003
7007
7011
7016
7019
7024
7029
7034
7038
7042
7047
7051
7057
7061
7066
7070
7074
7079
7083
7086
7090
7095
7100
7105
7109
7113
7117
7121
7126
7130
7134
7139
7143
7148
7153
7158
7163
7168
7173
7177
7181
7187
7192
7196
7201
7205
7210
7215
7220
7225
7230
7235
7239
7244
7248
7253
7257
7261
7267
7271
7276
7281
7285
7290
7295
7299
7304
7309
7314
7319
7323
7327
7332
7336
7342
7346
7351
7356
7361
7367
7372
7377
7382
7387
7391
7397
7402
7407
7413
7417
7423
7428
7433
7438
7443
7447
7452
7457
7462
7467
7472
7477
7482
7486
7491
7497
7503
7507
7512
7518
7524
7529
7534
7539
7544
7550
7556
7560
7566
7571
7575
7580
7586
7591
7595
7601
7607
7612
7618
7624
7629
7635
7640
7646
7651
7657
7662
7669
7674
7680
7686
7692
7698
7704
7709
7715
7721
7727
7732
7737
7742
7747
7753
7759
7764
7769
7776
7781
7787
7793
7798
7804
7810
7815
7821
7826
7831
7838
7844
7850
7855
7860
7867
7873
7879
7884
7890
7896
7902
7908
7914
7921
7927
7932
7938
7944
7951
7958
7964
7969
7976
7981
7986
7992
7998
8004
8010
8016
8022
8027
8033
8039
8046
8051
8058
8063
8069
8075
8083
8090
8097
8102
8108
8115
8121
8127
8132
8138
8145
8151
8157
8164
8170
8176
8182
8188
8194
8201
8208
8215
8221
8228
8237
8244
8250
8256
8262
8269
8275
8281
8287
8292
8298
8305
8312
8318
8325
8332
8338
8344
8351
8358
8365
8371
8378
8384
8391
8398
8404
8411
8419
8427
8434
8441
8448
8454
8460
8467
8474
8481
8488
8495
8502
8510
8519
8526
8533
8540
8547
8554
8562
8570
8577
8584
8592
8599
8606
8613
8622
8630
8638
8646
8653
8661
8667
8675
8683
8690
8698
8705
8713
8721
8728
8735
8743
8750
8757
8764
8772
8779
8786
8794
8800
8808
8815
8822
8830
8837
8845
8852
8860
8867
8874
8881
8889
8897
8904
8912
8919
8928
8935
8943
8952
8959
8968
8977
8984
8993
9000
9008
9016
9025
9034
9043
9051
9059
9067
9075
9084
9092
9100
9108
9116
9124
9132
9140
9149
9157
9165
9175
9185
9193
9201
9210
9218
9226
9234
9244
9253
9262
9271
9279
9287
9297
9305
9314
9323
9332
9340
9350
9358
9367
9376
9384
9393
9402
9410
9419
9428
9437
9446
9455
9466
9476
9485
9495
9503
9511
9519
9529
9537
9547
9557
9565
9575
9585
9594
9603
9613
9622
9631
9641
9650
9660
9669
9679
9689
9699
9708
9717
9725
9734
9743
9753
9762
9771
9780
9790
9801
9810
9820
9831
9841
9851
9861
9870
9881
9891
9902
9913
9921
9931
9939
9950
9962
9972
9982
9993
10002
10013
10024
10034
10045
10054
10065
10075
10085
10095
10103
10114
10124
10135
10146
10155
10166
10179
10189
10200
10210
10219
10228
10239
10249
10258
10267
10276
10286
10297
10309
10318
10329
10340
10350
10361
10373
10384
10395
10406
10416
10427
10438
10448
10459
10471
10481
10491
10502
10512
10523
10535
10547
10558
10569
10581
10593
10606
10617
10628
10639
10650
10661
10672
10683
10695
10707
10719
10730
10742
10755
10768
10780
10792
10806
10818
10831
10844
10857
10869
10882
10895
10907
10920
10931
10945
10958
10973
10985
10997
11010
11023
11034
11047
11060
11072
11084
11098
11112
11126
11140
11153
11166
11178
11191
11204
11216
11228
11240
11253
11265
11280
11294
11307
11318
11332
11346
11358
11372
11384
11399
11414
11427
11439
11454
11469
11483
11496
11510
11523
11537
11552
11567
11579
11594
11609
11621
11636
11651
11664
11679
11692
11705
11720
11735
11751
11764
11778
11793
11808
11822
11835
11850
11864
11881
11897
11909
11924
11937
11952
11966
11981
11997
12012
12028
12045
12059
12075
12090
12107
12121
12137
12152
12167
12184
12200
12218
12232
12246
12263
12280
12296
12313
12328
12344
12361
12377
12393
12411
12427
12443
12458
12475
12492
12509
12525
12543
12559
12574
12591
12608
12625
12642
12659
12675
12691
12707
12725
12742
12759
12776
12793
12810
12829
12847
12865
12883
12900
12917
12934
12952
12969
12985
13004
13021
13037
13058
13077
13094
13112
13130
13147
13166
13186
13203
13222
13241
13262
13282
13301
13320
13337
13356
13375
13396
13416
13434
13453
13474
13493
13513
13531
13552
13572
13592
13614
13635
13652
13672
13692
13712
13732
13753
13773
13792
13814
13834
13853
13875
13895
13916
13936
13957
13979
13999
14021
14042
14064
14084
14105
14126
14148
14169
14191
14214
14237
14258
14279
14301
14324
14348
14370
14392
14415
14438
14463
14487
14512
14535
14560
14584
14606
14629
14652
14675
14697
14720
14744
14769
14792
14816
14841
14865
14891
14915
14938
14965
14989
15014
15039
15065
15088
15111
15136
15161
15187
15210
15235
15262
15289
15316
15341
15367
15392
15420
15446
15472
15498
15526
15552
15580
15604
15631
15659
15686
15714
15742
15772
15799
15825
15850
15878
15904
15933
15961
15988
16017
16046
16074
16102
16130
16160
16188
16218
16247
16277
16308
16335
16365
16394
16427
16455
16485
16514
16544
16575
16606
16639
16669
16702
16734
16765
16795
16829
16861
16893
16926
16959
16992
17025
17057
17090
17122
17155
17190
17222
17256
17289
17323
17356
17390
17421
17455
17490
17525
17561
17596
17630
17665
17700
17735
17771
17808
17845
17881
17920
17958
17996
18032
18071
18109
18146
18186
18225
18265
18304
18341
18381
18419
18461
18499
18539
18579
18620
18659
18700
18740
18782
18824
18867
18908
18951
18995
19041
19082
19123
19165
19207
19250
19292
19338
19383
19428
19472
19517
19564
19610
19657
19701
19745
19791
19838
19888
19935
19983
20032
20081
20130
20180
20228
20277
20326
20380
20432
20482
20532
20583
20638
20689
20739
20791
20845
20899
20950
21004
21057
21111
21165
21216
21273
21329
21383
21437
21494
21553
21611
21670
21727
21788
21850
21906
21966
22022
22083
22147
22208
22273
22335
22397
22457
22523
22588
22652
22720
22786
22851
22917
22984
23050
23119
23185
23256
23326
23396
23468
23540
23612
23685
23756
23828
23902
23977
24053
24131
24209
24287
24365
24448
24527
24605
24686
24768
24852
24934
25015
25105
25189
25278
25365
25451
25539
25631
25718
25809
25905
25996
26086
26182
26279
26376
26475
26571
26669
26766
26865
26966
27065
27167
27270
27375
27483
27591
27700
27808
27921
28028
28138
28249
28366
28482
28603
28721
28840
28963
29088
29210
29335
29464
29593
29729
29866
30004
30140
30276
30416
30556
30702
30849
30994
31143
31299
31454
31609
31772
31934
32096
32260
32433
32599
32771
32951
33125
33309
33494
33676
33865
34058
34257
34453
34654
34857
35066
35284
35499
35724
35949
36178
36412
36654
36897
37141
37399
37659
37927
38197
38473
38757
39048
39340
39641
39948
40258
40584
40914
41255
41611
41962
42330
42704
43085
43480
43882
44296
44720
45164
45619
46083
46562
47056
47579
48110
48662
49233
49826
50433
51057
51707
52388
53092
53838
54607
55391
56212
57053
57905
58778
59650
60498
61331
62092
62791
63414
63936
64375
64718
64983
65173
65310
65400
65460
65496
65515
65525
65531
65534
65535
65535
65535
65535
65535
65535
65535
65535
65535
65535
65535
65535
65535
65535
65535
65535
65535
65535
65535
65535
65535
65535
65535
65535
65535
65535
65535
65535
65535
65535
65535
65535
65535
65535
65535
65535
65535
65535
65535
65535
65535
65535
65535
65535
65535
65535
65535
65535
65535
65535
65535
65535
65535
65535
65535
65535
65535
65535
65535
65535
65535
65535
65535
65535
65535
65535
65535
65535
65535
65535
65535
65535
65535
65535
65535
65535
65535
65535
65535
65535
65535
65535
65535
65535
65535
65535
65535
65535
65535
65535
65535
65535
65535
65535
65535
65535
65535
65535
65535
65535
65535
65535
65535
65535
65535
65535
65535
65535
65535
65535
65535
65535
65535
65535
65535
65535
65535
65535
65535
65535
65535
65535
65535
65535
65535
65535
65535
65535
65535
65535
65535
65535
65535
65535
65535
65535
65535
65535
65535
65535
65535
65535
65535
65535
65535
65535
65535
65535
65535
65535
65535
65535
65535
65535
65535
65535
65535
65535
65535
65535
65535
65535
65535
65535
65535
65535
65535
65535
65535
65535
65535
65535
65535
65535
65535
65535
65535
65535
65535
65535
65535
65535
65535
65535
65535
65535
65535
65535
65535
65535
65535
65535
65535
65535
65535
65535
65535
65535
65535
65535
65535
65535
65535
65535
65535
65535
65535
65535
65535
65535
65535
65535
65535
65535
65535
65535
65535
65535
65535
65535
65535
65535
65535
65535
65535
65535
65535
65535
65535
65535
65535
65535
65535
65535
65535
65535
65535
65535
65535
65535
65535
65535
65535
65535
65535
65535
65535
65535
65535
65535
65535
65535
65535
65535
65535
65535
65535
65535
65535
65535
65535
65535
65535
65535
65535
65535
65535
65535
65535
65535
65535
65535
65535
65535
65535
65535
65535
65535
65535
65535
65535
65535
65535
65535
65535
65535
65535
65535
65535
65535
65535
65535
65535
65535
65535
65535
65535
65535
65535
65535
65535
65535
65535
65535
65535
65535
65535
65535
65535
65535
65535
65535
65535
65535
65535
65535
65535
65535
65535
65535
65535
65535
65535
65535
65535
65535
65535
65535
65535
65535
65535
65535
65535
65535
65535
65535
65535
65535
65535
65535
65535
65535
65535
65535
65535
65535
65535
65535
65535
65535
65535
65535
65535
65535
65535
65535
65535
65535
65535
65535
65535
65535
65535
65535
65535
65535
65535
65535
65535
65535
65535
65535
65535
65535
65535
65535
65535
65535
65535
65535
65535
65535
65535
65535
65535
65535
65535
65535
65535
65535
65535
65535
65535
65535
65535
65535
65535
65535
65535
65535
65535
65535
65535
65535
65535
65535
65535
65535
65535
65535
65535
65535
65535
65535
65535
65535
65535
65535
65535
65535
65535
65535
65535
65535
65535
65535
65535
65535
65535
65535
65535
65535
65535
65535
65535
65535
65535
65535
65535
65535
65535
65535
65535
65535
65535
65535
65535
65535
65535
65535
65535
65535
65535
65535
65535
65535
65535
65535
65535
65535
65535
65535
65535
65535
65535
65535
65535
65535
65535
65535
65535
65535
65535
65535
65535
65535
65535
65535
65535
65535
65535
65535
65535
65535
65535
65535
65535
65535
65535
65535
65535
65535
65535
65535
65535
65535
65535
65535
65535
65535
65535
65535
65535
65535
65535
65535
65535
65535
65535
65535
65535
65535
65535
65535
65535
65535
65535
65535
65535
65535
65535
65535
65535
65535
65535
65535
65535
65535
65535
65535
65535
65535
65535
65535
65535
65535
65535
65535
65535
65535
65535
65535
65535
65535
65535
65535
65535
65535
65535
65535
65535
65535
65535
65535
65535
65535
65535
65535
65535
65535
65535
65535
65535
65535
65535
65535
65535
65535
65535
65535
65535
65535
65535
65535
65535
65535
65535
65535
65535
65535
65535
65535
65535
65535
65535
65535
65535
65535
65535
65535
65535
65535
65535
65535
65535
65535
65535
65535
65535
65535
65535
65535
65535
65535
65535
65535
65535
65535
65535
65535
65535
65535
65535
65535
65535
65535
65535
65535
65535
65535
65535
65535
65535
65535
65535
65535
65535
65535
65535
65535
65535
65535
65535
65535
65535
65535
65535
65535
65535
65535
65535
65535
65535
65535
65535
65535
65535
65535
65535
65535
65535
65535
65535
65535
65535
65535
65535
65535
65535
65535
65535
65535
65535
65535
65535
65535
65535
65535
65535
65535
65535
65535
65535
65535
65535
65535
65535
65535
65535
65535
65535
65535
65535
65535
65535
65535
65535
65535
65535
65535
65535
65535
65535
65535
65535
65535
65535
65535
65535
65535
65535
65535
65535
65535
65535
65535
65535
65535
65535
65535
65535
65535
65535
65535
65535
65535
65535
65535
65535
65535
65535
65535
65535
65535
65535
65535
65535
65535
65535
65535
65535
65535
65535
65535
65535
65535
65535
65535
65535
65535
65535
65535
65535
65535
65535
65535
65535
65535
65535
65535
65535
65535
65535
65535
65535
65535
65535
65535
65535
65535
65535
65535
65535
65535
65535
65535
65535
65535
65535
65535
65535
65535
65535
65535
65535
65535
65535
65535
65535
65535
65535
65535
65535
65535
65535
65535
65535
65535
65535
65535
65535
65535
65535
65535
65535
65535
65535
65535
65535
65535
65535
65535
65535
65535
65535
65535
65535
65535
65535
65535
65535
65535
65535
65535
65535
65535
65535
65535
65535
65535
65535
65535
65535
65535
65535
65535
65535
65535
65535
65535
65535
65535
65535
65535
65535
65535
65535
65535
65535
65535
65535
65535
65535
65535
65535
65535
65535
65535
65535
65535
65535
65535
65535
65535
65535
65535
65535
65535
65535
65535
65535
65535
65535
65535
65535
65535
65535
65535
65535
65535
65535
65535
65535
65535
65535
65535
65535
65535
65535
65535
65535
65535
65535
65535
65535
65535
65535
65535
65535
65535
65535
65535
65535
65535
65535
65535
65535
65535
65535
65535
65535
65535
65535
65535
65535
65535
65535
65535
65535
65535
65535
65535
65535
65535
65535
65535
65535
65535
65535
65535
65535
65535
65535
65535
65535
65535
65535
65535
65535
65535
65535
65535
65535
65535
65535
65535
65535
65535
65535
65535
65535
65535
65535
65535
65535
65535
65535
65535
65535
65535
65535
65535
65535
65535
65535
65535
65535
65535
65535
65535
65535
65535
65535
65535
65535
65535
65535
65535
65535
65535
65535
65535
65535
65535
65535
65535
65535
65535
65535
65535
65535
65535
65535
65535
65535
65535
65535
65535
65535
65535
65535
65535
65535
65535
65535
65535
65535
65535
65535
65535
65535
65535
65535
65535
65535
65535
65535
65535
65535
65535
65535
65535
65535
65535
65535
65535
65535
65535
65535
65535
65535
65535
65535
65535
65535
65535
65535
65535
65535
65535
65535
65535
65535
65535
65535
65535
65535
65535
65535
65535
65535
65535
65535
65535
65535
65535
65535
65535
65535
65535
65535
65535
65535
65535
65535
65535
65535
65535
65535
65535
65535
65535
65535
65535
65535
65535
65535
65535
65535
65535
65535
65535
65535
65535
65535
65535
65535
65535
65535
65535
65535
65535
65535
65535
65535
65535
65535
65535
65535
65535
65535
65535
65535
65535
65535
65535
65535
65535
65535
65535
65535
65535
65535
65535
65535
65535
65535
65535
65535
65535
65535
65535
65535
65535
65535
65535
65535
65535
65535
65535
65535
65535
65535
65535
65535
65535
65535
65535
65535
65535
65535
65535
65535
65535
65535
65535
65535
65535
65535
65535
65535
65535
65535
65535
65535
65535
65535
65535
65535
65535
65535
65535
65535
65535
65535
65535
65535
65535
65535
65535
65535
65535
65535
65535
65535
65535
65535
65535
65535
65535
65535
65535
65535
65535
65535
65535
65535
65535
65535
65535
65535
65535
65535
65535
65535
65535
65535
65535
65535
65535
65535
65535
65535
65535
65535
65535
65535
65535
65535
65535
65535
65535
65535
65535
65535
65535
65535
65535
65535
65535
65535
65535
65535
65535
65535
65535
65535
65535
65535
65535
65535
65535
65535
65535
65535
65535
65535
65535
65535
65535
65535
65535
65535
65535
65535
65535
65535
65535
65535
65535
65535
65535
65535
65535
65535
65535
65535
65535
65535
65535
65535
65535
65535
65535
65535
65535
65535
65535
65535
65535
65535
65535
65535
65535
65535
65535
65535
65535
65535
65535
65535
65535
65535
65535
65535
65535
65535
65535
65535
65535
65535
65535
65535
65535
65535
65535
65535
65535
65535
65535
65535
65535
65535
65535
65535
65535
65535
65535
65535
65535
65535
65535
65535
65535
65535
65535
65535
65535
65535
65535
65535
65535
65535
65535
65535
65535
65535
65535
65535
65535
65535
65535
65535
65535
65535
65535
65535
65535
65535
65535
65535
65535
65535
65535
65535
65535
65535
65535
65535
65535
65535
65535
65535
65535
65535
65535
65535
65535
65535
65535
65535
65535
65535
65535
65535
65535
65535
65535
65535
65535
65535
65535
65535
65535
65535
65535
65535
65535
65535
65535
65535
65535
65535
65535
65535
65535
65535
65535
65535
65535
65535
65535
65535
65535
65535
65535
65535
65535
65535
65535
65535
65535
65535
65535
65535
65535
65535
65535
65535
65535
65535
65535
65535
65535
65535
65535
65535
65535
65535
65535
65535
65535
65535
65535
65535
65535
65535
65535
65535
65535
65535
65535
65535
65535
65535
65535
65535
65535
65535
65535
65535
65535
65535
65535
65535
65535
65535
65535
65535
65535
65535
65535
65535
65535
65535
65535
65535
65535
65535
65535
65535
65535
65535
65535
65535
65535
65535
65535
65535
65535
65535
65535
65535
65535
65535
65535
65535
65535
65535
65535
65535
65535
65535
65535
65535
65535
65535
65535
65535
65535
65535
65535
65535
65535
65535
65535
65535
65535
65535
65535
65535
65535
65535
65535
65535
65535
65535
65535
65535
65535
65535
65535
65535
65535
65535
65535
65535
65535
65535
65535
65535
65535
65535
65535
65535
65535
65535
65535
65535
65535
65535
65535
65535
65535
65535
65535
65535
65535
65535
65535
65535
65535
65535
65535
65535
65535
65535
65535
65535
65535
65535
65535
65535
65535
65535
65535
65535
65535
65535
65535
65535
65535
65535
65535
65535
65535
65535
65535
65535
65535
65535
65535
65535
65535
65535
65535
65535
65535
65535
65535
65535
65535
65535
65535
65535
65535
65535
65535
65535
65535
65535
65535
65535
65535
65535
65535
65535
65535
65535
65535
65535
65535
65535
65535
65535
65535
65535
65535
65535
65535
65535
65535
65535
65535
65535
65535
65535
65535
65535
65535
65535
65535
65535
65535
65535
65535
65535
65535
65535
65535
65535
65535
65535
65535
65535
65535
65535
65535
65535
65535
65535
65535
65535
65535
65535
65535
65535
65535
65535
65535
65535
65535
65535
65535
65535
65535
65535
65535
65535
65535
65535
65535
65535
65535
65535
65535
65535
65535
65535
65535
65535
65535
65535
65535
65535
65535
65535
65535
65535
65535
65535
65535
65535
65535
65535
65535
65535
65535
65535
65535
65535
65535
65535
65535
65535
65535
65535
65535
65535
65535
65535
65535
65535
65535
65535
65535
65535
65535
65535
65535
65535
65535
65535
65535
65535
65535
65535
65535
65535
65535
65535
65535
65535
65535
65535
65535
65535
65535
65535
65535
65535
65535
65535
65535
65535
65535
65535
65535
65535
65535
65535
65535
65535
65535
65535
65535
65535
65535
65535
65535
65535
65535
65535
65535
65535
65535
65535
65535
65535
65535
65535
65535
65535
65535
65535
65535
65535
65535
65535
65535
65535
65535
65535
65535
65535
65535
65535
65535
65535
65535
65535
65535
65535
65535
65535
65535
65535
65535
65535
65535
65535
65535
65535
65535
65535
65535
65535
65535
65535
65535
65535
65535
65535
65535
65535
65535
65535
65535
65535
65535
65535
65535
65535
65535
65535
65535
65535
65535
65535
65535
65535
65535
65535
65535
65535
65535
65535
65535
65535
65535
65535
65535
65535
65535
65535
65535
65535
65535
65535
65535
65535
65535
65535
65535
65535
65535
65535
65535
65535
65535
65535
65535
65535
65535
65535
65535
65535
65535
65535
65535
65535
65535
65535
65535
65535
65535
65535
65535
65535
65535
65535
65535
65535
65535
65535
65535
65535
65535
65535
65535
65535
65535
65535
65535
65535
65535
65535
65535
65535
65535
65535
65535
65535
65535
65535
65535
65535
65535
65535
65535
65535
65535
65535
65535
65535
65535
65535
65535
65535
65535
65535
65535
65535
65535
65535
65535
65535
65535
65535
65535
65535
65535
65535
65535
65535
65535
65535
65535
65535
65535
65535
65535
65535
65535
65535
65535
65535
65535
65535
65535
65535
65535
65535
65535
65535
65535
65535
65535
65535
65535
65535
65535
65535
65535
65535
65535
65535
65535
65535
65535
65535
65535
65535
65535
65535
65535
65535
65535
65535
65535
65535
65535
65535
65535
65535
65535
65535
65535
65535
65535
65535
65535
65535
65535
65535
65535
65535
65535
65535
65535
65535
65535
65535
65535
65535
65535
65535
65535
65535
65535
65535
65535
65535
65535
65535
65535
65535
65535
65535
65535
65535
65535
65535
65535
65535
65535
65535
65535
65535
65535
65535
65535
65535
65535
65535
65535
65535
65535
65535
65535
65535
65535
65535
65535
65535
65535
65535
65535
65535
65535
65535
65535
65535
65535
65535
65535
65535
65535
65535
65535
65535
65535
65535
65535
65535
65535
65535
65535
65535
65535
65535
65535
65535
65535
65535
65535
65535
65535
65535
65535
65535
65535
65535
65535
65535
65535
65535
65535
65535
65535
65535
65535
65535
65535
65535
65535
65535
65535
65535
65535
65535
65535
65535
65535
65535
65535
65535
65535
65535
65535
65535
65535
65535
65535
65535
65535
65535
65535
65535
65535
65535
65535
65535
65535
65535
65535
65535
65535
65535
65535
65535
65535
65535
65535
65535
65535
65535
65535
65535
65535
65535
65535
65535
65535
65535
65535
65535
65535
65535
65535
65535
65535
65535
65535
65535
65535
65535
65535
65535
65535
65535
65535
65535
65535
65535
65535
65535
65535
65535
65535
65535
65535
65535
65535
65535
65535
65535
65535
65535
65535
65535
65535
65535
65535
65535
65535
65535
65535
65535
65535
65535
65535
65535
65535
65535
65535
65535
65535
65535
65535
65535
65535
65535
65535
65535
65535
65535
65535
65535
65535
65535
65535
65535
65535
65535
65535
65535
65535
65535
65535
65535
65535
65535
65535
65535
65535
65535
65535
65535
65535
65535
65535
65535
65535
65535
65535
65535
65535
65535
65535
65535
65535
65535
65535
65535
65535
65535
65535
65535
65535
65535
65535
65535
65535
65535
65535
65535
65535
65535
65535
65535
65535
65535
65535
65535
65535
65535
65535
65535
65535
65535
65535
65535
65535
65535
65535
65535
65535
65535
65535
65535
65535
65535
65535
65535
65535
65535
65535
65535
65535
65535
65535
65535
65535
65535
65535
65535
65535
65535
65535
65535
65535
65535
65535
65535
65535
65535
65535
65535
65535
65535
65535
65535
65535
65535
65535
65535
65535
65535
65535
65535
65535
65535
65535
65535
65535
65535
65535
65535
65535
65535
65535
65535
65535
65535
65535
65535
65535
65535
65535
65535
65535
65535
65535
65535
65535
65535
65535
65535
65535
65535
65535
65535
65535
65535
65535
65535
65535
65535
65535
65535
65535
65535
65535
65535
65535
65535
65535
65535
65535
65535
65535
65535
65535
65535
65535
65535
65535
65535
65535
65535
65535
65535
65535
65535
65535
65535
65535
65535
65535
65535
65535
65535
65535
65535
65535
65535
65535
65535
65535
65535
65535
65535
65535
65535
65535
65535
65535
65535
65535
65535
65535
65535
65535
65535
65535
65535
65535
65535
65535
65535
65535
65535
65535
65535
65535
65535
65535
65535
65535
65535
65535
65535
65535
65535
65535
65535
65535
65535
65535
65535
65535
65535
65535
65535
65535
65535
65535
65535
65535
65535
65535
65535
65535
65535
65535
65535
65535
65535
65535
65535
65535
65535
65535
65535
65535
65535
65535
65535
65535
65535
65535
65535
65535
65535
65535
65535
65535
65535
65535
65535
65535
65535
65535
65535
65535
65535
65535
65535
65535
65535
65535
65535
65535
65535
65535
65535
65535
65535
65535
65535
65535
65535
65535
65535
65535
65535
65535
65535
65535
65535
65535
65535
65535
65535
65535
65535
65535
65535
65535
65535
65535
65535
65535
65535
65535
65535
65535
65535
65535
65535
65535
65535
65535
65535
65535
65535
65535
65535
65535
65535
65535
65535
65535
65535
65535
65535
65535
65535
65535
65535
65535
65535
65535
65535
65535
65535
65535
65535
65535
65535
65535
65535
65535
65535
65535
65535
65535
65535
65535
65535
65535
65535
65535
65535
65535
65535
65535
65535
65535
65535
65535
65535
65535
65535
65535
65535
65535
65535
65535
65535
65535
65535
65535
65535
65535
65535
65535
65535
65535
65535
65535
65535
65535
65535
65535
65535
65535
65535
65535
65535
65535
65535
65535
65535
65535
65535
65535
65535
65535
65535
65535
65535
65535
65535
65535
65535
65535
65535
65535
65535
65535
65535
65535
65535
65535
65535
65535
65535
65535
65535
65535
65535
65535
65535
65535
65535
65535
65535
65535
65535
65535
65535
65535
65535
65535
65535
65535
65535
65535
65535
65535
65535
65535
65535
65535
65535
65535
65535
65535
65535
65535
65535
65535
65535
65535
65535
65535
65535
65535
65535
65535
65535
65535
65535
65535
65535
65535
65535
65535
65535
65535
65535
65535
65535
65535
65535
65535
65535
65535
65535
65535
65535
65535
65535
65535
65535
65535
65535
65535
65535
65535
65535
65535
65535
65535
65535
65535
65535
65535
65535
65535
65535
65535
65535
65535
65535
65535
65535
65535
65535
65535
65535
65535
65535
65535
65535
65535
65535
65535
65535
65535
65535
65535
65535
65535
65535
65535
65535
65535
65535
65535
65535
65535
65535
65535
65535
65535
65535
65535
65535
65535
65535
65535
65535
65535
65535
65535
65535
65535
65535
65535
65535
65535
65535
65535
65535
65535
65535
65535
65535
65535
65535
65535
65535
65535
65535
65535
65535
65535
65535
65535
65535
65535
65535
65535
65535
65535
65535
65535
65535
65535
65535
65535
65535
65535
65535
65535
65535
65535
65535
65535
65535
65535
65535
65535
65535
65535
65535
65535
65535
65535
65535
65535
65535
65535
65535
65535
65535
65535
65535
65535
65535
65535
65535
65535
65535
65535
65535
65535
65535
65535
65535
65535
65535
65535
65535
65535
65535
65535
65535
65535
65535
65535
65535
65535
65535
65535
65535
65535
65535
65535
65535
65535
65535
65535
65535
65535
65535
65535
65535
65535
65535
65535
65535
65535
65535
65535
65535
65535
65535
65535
65535
65535
65535
65535
65535
65535
65535
65535
65535
65535
65535
65535
65535
65535
65535
65535
65535
65535
65535
65535
65535
65535
65535
65535
65535
65535
65535
65535
65535
65535
65535
65535
65535
65535
65535
65535
65535
65535
65535
65535
65535
65535
65535
65535
65535
65535
65535
65535
65535
65535
65535
65535
65535
65535
65535
65535
65535
65535
65535
65535
65535
65535
65535
65535
65535
65535
65535
65535
65535
65535
65535
65535
65535
65535
65535
65535
65535
65535
65535
65535
65535
65535
65535
65535
65535
65535
65535
65535
65535
65535
65535
65535
65535
65535
65535
65535
65535
65535
65535
65535
65535
65535
65535
65535
65535
65535
65535
65535
65535
65535
65535
65535
65535
65535
65535
65535
65535
65535
65535
65535
65535
65535
65535
65535
65535
65535
65535
65535
65535
65535
65535
65535
65535
65535
65535
65535
65535
65535
65535
65535
65535
65535
65535
65535
65535
65535
65535
65535
65535
65535
65535
65535
65535
65535
65535
65535
65535
65535
65535
65535
65535
65535
65535
65535
65535
65535
65535
65535
65535
65535
65535
65535
65535
65535
65535
65535
65535
65535
65535
65535
65535
65535
65535
65535
65535
65535
65535
65535
65535
65535
65535
65535
65535
65535
65535
65535
65535
65535
65535
65535
65535
65535
65535
65535
65535
65535
65535
65535
65535
65535
65535
65535
65535
65535
65535
65535
65535
65535
65535
65535
65535
65535
65535
65535
65535
65535
65535
65535
65535
65535
65535
65535
65535
65535
65535
65535
65535
65535
65535
65535
65535
65535
65535
65535
65535
65535
65535
65535
65535
65535
65535
65535
65535
65535
65535
65535
65535
65535
65535
65535
65535
65535
65535
65535
65535
65535
65535
65535
65535
65535
65535
65535
65535
65535
65535
65535
65535
65535
65535
65535
65535
65535
65535
65535
65535
65535
65535
65535
65535
65535
65535
65535
65535
65535
65535
65535
65535
65535
65535
65535
65535
65535
65535
65535
65535
65535
65535
65535
65535
65535
65535
65535
65535
65535
65535
65535
65535
65535
65535
65535
65535
65535
65535
65535
65535
65535
65535
65535
65535
65535
65535
65535
65535
65535
65535
65535
65535
65535
65535
65535
65535
65535
65535
65535
65535
65535
65535
65535
65535
65535
65535
65535
65535
65535
65535
65535
65535
65535
65535
65535
65535
65535
65535
65535
65535
65535
65535
65535
65535
65535
65535
65535
65535
65535
65535
65535
65535
65535
65535
65535
65535
65535
65535
65535
65535
65535
65535
65535
65535
65535
65535
65535
65535
65535
65535
65535
65535
65535
65535
65535
65535
65535
65535
65535
65535
65535
65535
65535
65535
65535
65535
65535
65535
65535
65535
65535
65535
65535
65535
65535
65535
65535
65535
65535
65535
65535
65535
65535
65535
65535
65535
65535
65535
65535
65535
65535
65535
65535
65535
65535
65535
65535
65535
65535
65535
65535
65535
65535
65535
65535
65535
65535
65535
65535
65535
65535
65535
65535
65535
65535
65535
65535
65535
65535
65535
65535
65535
65535
65535
65535
65535
65535
65535
65535
65535
65535
65535
65535
65535
65535
65535
65535
65535
65535
65535
65535
65535
65535
65535
65535
65535
65535
65535
65535
65535
65535
65535
65535
65535
65535
65535
65535
65535
65535
65535
65535
65535
65535
65535
65535
65535
65535
65535
65535
65535
65535
65535
65535
65535
65535
65535
65535
65535
65535
65535
65535
65535
65535
65535
65535
65535
65535
65535
65535
65535
65535
65535
65535
65535
65535
65535
65535
65535
65535
65535
65535
65535
65535
65535
65535
65535
65535
65535
65535
65535
65535
65535
65535
65535
65535
65535
65535
65535
65535
65535
65535
65535
65535
65535
65535
65535
65535
65535
65535
65535
65535
65535
65535
65535
65535
65535
65535
65535
65535
65535
65535
65535
65535
65535
65535
65535
65535
65535
65535
65535
65535
65535
65535
65535
65535
65535
65535
65535
65535
65535
65535
65535
65535
65535
65535
65535
65535
65535
65535
65535
65535
65535
65535
65535
65535
65535
65535
65535
65535
65535
65535
65535
65535
65535
65535
65535
65535
65535
65535
65535
65535
65535
65535
65535
65535
65535
65535
65535
65535
65535
65535
65535
65535
65535
65535
65535
65535
65535
65535
65535
65535
65535
65535
65535
65535
65535
65535
65535
65535
65535
65535
65535
65535
65535
65535
65535
65535
65535
65535
65535
65535
65535
65535
65535
65535
65535
65535
65535
65535
65535
65535
65535
65535
65535
65535
65535
65535
65535
65535
65535
65535
65535
65535
65535
65535
65535
65535
65535
65535
65535
65535
65535
65535
65535
65535
65535
65535
65535
65535
65535
65535
65535
65535
65535
65535
65535
65535
65535
65535
65535
65535
65535
65535
65535
65535
65535
65535
65535
65535
65535
65535
65535
65535
65535
65535
65535
65535
65535
65535
65535
65535
65535
65535
65535
65535
65535
65535
65535
65535
65535
65535
65535
65535
65535
65535
65535
65535
65535
65535
65535
65535
65535
65535
65535
65535
65535
65535
65535
65535
65535
65535
65535
65535
65535
65535
65535
65535
65535
65535
65535
65535
65535
65535
65535
65535
65535
65535
65535
65535
65535
65535
65535
65535
65535
65535
65535
65535
65535
65535
65535
65535
65535
65535
65535
65535
65535
65535
65535
65535
65535
65535
65535
65535
65535
65535
65535
65535
65535
65535
65535
65535
65535
65535
65535
65535
65535
65535
65535
65535
65535
65535
65535
65535
65535
65535
65535
65535
65535
65535
65535
65535
65535
65535
65535
65535
65535
65535
65535
65535
65535
65535
65535
65535
65535
65535
65535
65535
65535
65535
65535
65535
65535
65535
65535
65535
65535
65535
65535
65535
65535
65535
65535
65535
65535
65535
65535
65535
65535
65535
65535
65535
65535
65535
65535
65535
65535
65535
65535
65535
65535
65535
65535
65535
65535
65535
65535
65535
65535
65535
65535
65535
65535
65535
65535
65535
65535
65535
65535
65535
65535
65535
65535
65535
65535
65535
65535
65535
65535
65535
65535
65535
65535
65535
65535
65535
65535
65535
65535
65535
65535
65535
65535
65535
65535
65535
65535
65535
65535
65535
65535
65535
65535
65535
65535
65535
65535
65535
65535
65535
65535
65535
65535
65535
65535
65535
65535
65535
65535
65535
65535
65535
65535
65535
65535
65535
65535
65535
65535
65535
65535
65535
65535
65535
65535
65535
65535
65535
65535
65535
65535
65535
65535
65535
65535
65535
65535
65535
65535
65535
65535
65535
65535
65535
65535
65535
65535
65535
65535
65535
65535
65535
65535
65535
65535
65535
65535
65535
65535
65535
65535
65535
65535
65535
65535
65535
65535
65535
65535
65535
65535
65535
65535
65535
65535
65535
65535
65535
65535
65535
65535
65535
65535
65535
65535
65535
65535
65535
65535
65535
65535
65535
65535
65535
65535
65535
65535
65535
65535
65535
65535
65535
65535
65535
65535
65535
65535
65535
65535
65535
65535
65535
65535
65535
65535
65535
65535
65535
65535
65535
65535
65535
65535
65535
65535
65535
65535
65535
65535
65535
65535
65535
65535
65535
65535
65535
65535
65535
65535
65535
65535
65535
65535
65535
65535
65535
65535
65535
65535
65535
65535
65535
65535
65535
65535
65535
65535
65535
65535
65535
65535
65535
65535
65535
65535
65535
65535
65535
65535
65535
65535
65535
65535
65535
65535
65535
65535
65535
65535
65535
65535
65535
65535
65535
65535
65535
65535
65535
65535
65535
65535
65535
65535
65535
65535
65535
65535
65535
65535
65535
65535
65535
65535
65535
65535
65535
65535
65535
65535
65535
65535
65535
65535
65535
65535
65535
65535
65535
65535
65535
65535
65535
65535
65535
65535
65535
65535
65535
65535
65535
65535
65535
65535
65535
65535
65535
65535
65535
65535
65535
65535
65535
65535
65535
65535
65535
65535
65535
65535
65535
65535
65535
65535
65535
65535
65535
65535
65535
65535
65535
65535
65535
65535
65535
65535
65535
65535
65535
65535
65535
65535
65535
65535
65535
65535
65535
65535
65535
65535
65535
65535
65535
65535
65535
65535
65535
65535
65535
65535
65535
65535
65535
65535
65535
65535
65535
65535
65535
65535
65535
65535
65535
65535
65535
65535
65535
65535
65535
65535
65535
65535
65535
65535
65535
65535
65535
65535
65535
65535
65535
65535
65535
65535
65535
65535
65535
65535
65535
65535
65535
65535
65535
65535
65535
65535
65535
65535
65535
65535
65535
65535
65535
65535
65535
65535
65535
65535
65535
65535
65535
65535
65535
65535
65535
65535
65535
65535
65535
65535
65535
65535
65535
65535
65535
65535
65535
65535
65535
65535
65535
65535
65535
65535
65535
65535
65535
65535
65535
65535
65535
65535
65535
65535
65535
65535
65535
65535
65535
65535
65535
65535
65535
65535
65535
65535
65535
65535
65535
65535
65535
65535
65535
65535
65535
65535
65535
65535
65535
65535
65535
65535
65535
65535
65535
65535
65535
65535
65535
65535
65535
65535
65535
65535
65535
65535
65535
65535
65535
65535
65535
65535
65535
65535
65535
65535
65535
65535
65535
65535
65535
65535
65535
65535
65535
65535
65535
65535
65535
65535
65535
65535
65535
65535
65535
65535
65535
65535
65535
65535
65535
65535
65535
65535
65535
65535
65535
65535
65535
65535
65535
65535
65535
65535
65535
65535
65535
65535
65535
65535
65535
65535
65535
65535
65535
65535
65535
65535
65535
65535
65535
65535
65535
65535
65535
65535
65535
65535
65535
65535
65535
65535
65535
65535
65535
65535
65535
65535
65535
65535
65535
65535
65535
65535
65535
65535
65535
65535
65535
65535
65535
65535
65535
65535
65535
65535
65535
65535
65535
65535
65535
65535
65535
65535
65535
65535
65535
65535
65535
65535
65535
65535
65535
65535
65535
65535
65535
65535
65535
65535
65535
65535
65535
65535
65535
65535
65535
65535
65535
65535
65535
65535
65535
65535
65535
65535
65535
65535
65535
65535
65535
65535
65535
65535
65535
65535
65535
65535
65535
65535
65535
65535
65535
65535
65535
65535
65535
65535
65535
65535
65535
65535
65535
65535
65535
65535
65535
65535
65535
65535
65535
65535
65535
65535
65535
65535
65535
65535
65535
65535
65535
65535
65535
65535
65535
65535
65535
65535
65535
65535
65535
65535
65535
65535
65535
65535
65535
65535
65535
65535
65535
65535
65535
65535
65535
65535
65535
65535
65535
65535
65535
65535
65535
65535
65535
65535
65535
65535
65535
65535
65535
65535
65535
65535
65535
65535
65535
65535
65535
65535
65535
65535
65535
65535
65535
65535
65535
65535
65535
65535
65535
65535
65535
65535
65535
65535
65535
65535
65535
65535
65535
65535
65535
65535
65535
65535
65535
65535
65535
65535
65535
65535
65535
65535
65535
65535
65535
65535
65535
65535
65535
65535
65535
65535
65535
65535
65535
65535
65535
65535
65535
65535
65535
65535
65535
65535
65535
65535
65535
65535
65535
65535
65535
65535
65535
65535
65535
65535
65535
65535
65535
65535
65535
65535
65535
65535
65535
65535
65535
65535
65535
65535
65535
65535
65535
65535
65535
65535
65535
65535
65535
65535
65535
65535
65535
65535
65535
65535
65535
65535
65535
65535
65535
65535
65535
65535
65535
65535
65535
65535
65535
65535
65535
65535
65535
65535
65535
65535
65535
65535
65535
65535
65535
65535
65535
65535
65535
65535
65535
65535
65535
65535
65535
65535
65535
65535
65535
65535
65535
65535
65535
65535
65535
65535
65535
65535
65535
65535
65535
65535
65535
65535
65535
65535
65535
65535
65535
65535
65535
65535
65535
65535
65535
65535
65535
65535
65535
65535
65535
65535
65535
65535
65535
65535
65535
65535
65535
65535
65535
65535
65535
65535
65535
65535
65535
65535
65535
65535
65535
65535
65535
65535
65535
65535
65535
65535
65535
65535
65535
65535
65535
65535
65535
65535
65535
65535
65535
65535
65535
65535
65535
65535
65535
65535
65535
65535
65535
65535
65535
65535
65535
65535
65535
65535
65535
65535
65535
65535
65535
65535
65535
65535
65535
65535
65535
65535
65535
65535
65535
65535
65535
65535
65535
65535
65535
65535
65535
65535
65535
65535
65535
65535
65535
65535
65535
65535
65535
65535
65535
65535
65535
65535
65535
65535
65535
65535
65535
65535
65535
65535
65535
65535
65535
65535
65535
65535
65535
65535
65535
65535
65535
65535
65535
65535
65535
65535
65535
65535
65535
65535
65535
65535
65535
65535
65535
65535
65535
65535
65535
65535
65535
65535
65535
65535
65535
65535
65535
65535
65535
65535
65535
65535
65535
65535
65535
65535
65535
65535
65535
65535
65535
65535
65535
65535
65535
65535
65535
65535
65535
65535
65535
65535
65535
65535
65535
65535
65535
65535
65535
65535
65535
65535
65535
65535
65535
65535
65535
65535
65535
65535
65535
65535
65535
65535
65535
65535
65535
65535
65535
65535
65535
65535
65535
65535
65535
65535
65535
65535
65535
65535
65535
65535
65535
65535
65535
65535
65535
65535
65535
65535
65535
65535
65535
65535
65535
65535
65535
65535
65535
65535
65535
65535
65535
65535
65535
65535
65535
65535
65535
65535
65535
65535
65535
65535
65535
65535
65535
65535
65535
65535
65535
65535
65535
65535
65535
65535
65535
65535
65535
65535
65535
65535
65535
65535
65535
65535
65535
65535
65535
65535
65535
65535
65535
65535
65535
65535
65535
65535
65535
65535
65535
65535
65535
65535
65535
65535
65535
65535
65535
65535
65535
65535
65535
65535
65535
65535
65535
65535
65535
65535
65535
65535
65535
65535
65535
65535
65535
65535
65535
65535
65535
65535
65535
65535
65535
65535
65535
65535
65535
65535
65535
65535
65535
65535
65535
65535
65535
65535
65535
65535
65535
65535
65535
65535
65535
65535
65535
65535
65535
65535
65535
65535
65535
65535
65535
65535
65535
65535
65535
65535
65535
65535
65535
65535
65535
65535
65535
65535
65535
65535
65535
65535
65535
65535
65535
65535
65535
65535
65535
65535
65535
65535
65535
65535
65535
65535
65535
65535
65535
65535
65535
65535
65535
65535
65535
65535
65535
65535
65535
65535
65535
65535
65535
65535
65535
65535
65535
65535
65535
65535
65535
65535
65535
65535
65535
65535
65535
65535
65535
65535
65535
65535
65535
65535
65535
65535
65535
65535
65535
65535
65535
65535
65535
65535
65535
65535
65535
65535
65535
65535
65535
65535
65535
65535
65535
65535
65535
65535
65535
65535
65535
65535
65535
65535
65535
65535
65535
65535
65535
65535
65535
65535
65535
65535
65535
65535
65535
65535